t,c_hash,cc_versions_space_inserted,cc_todo_olap_executed,cc_todo_oltp_executed,cc_todo_removed,cc_update_chains_pgc_light,cc_update_chains_pgc_light_removed,cc_versions_space_inserted_opt,cc_update_chains_pgc_heavy,cc_update_chains_pgc_heavy_removed,dt_researchy_7,dt_researchy_4,cc_update_versions_removed,dt_append,dt_researchy_3,dt_researchy_2,dt_researchy_6,dt_scan_desc,dt_page_reads,dt_scan_callback,dt_page_writes,cc_update_versions_visited,dt_range_removed,dt_next_tuple_opt,dt_restarts_update_same_size,dt_split,dt_inner_page,dt_prev_tuple_opt,cc_update_versions_kept,cc_update_chains_hwm,dt_goto_page_exec,dt_prev_tuple,cc_read_versions_visited_not_found,dt_restarts_structural_change,key,dt_merge_fail,dt_empty_leaf,cc_update_chains_pgc_skipped,dt_append_opt,xmerge_partial_counter,dt_restarts_read,dt_goto_page_shared,dt_researchy_8,dt_researchy_5,cc_update_chains,dt_researchy_9,dt_find_parent_root,dt_name,dt_next_tuple,cc_read_chains_not_found,dt_researchy_0,contention_split_fail_counter,cc_fat_tuple_convert,cc_fat_tuple_triggered,cc_update_chains_pgc_workers_visited,dt_find_parent_slow,dt_merge_parent_fail,dt_merge_parent_succ,cc_update_versions_kept_max,dt_scan_asc,dt_find_parent,cc_read_versions_visited,cc_fat_tuple_decompose,cc_todo_moved_gy,cc_read_chains,contention_split_succ_counter,dt_merge_succ,cc_update_versions_skipped,cc_update_versions_recycled,xmerge_full_counter,cc_update_versions_created,dt_researchy_1,dt_find_parent_fast,cc_update_chains_pgc
0,10018649925317144938,0,0,0,0,0,0,0,0,0,0,0,0,0,0,0,0,0,0,0,0,0,0,0,0,0,0,0,0,0,0,0,0,0,61,0,0,0,0,0,0,0,0,0,0,0,0,_stock_graveyard,0,0,0,0,0,0,0,0,0,0,0,0,0,0,0,0,0,0,0,0,0,0,0,0,0,0
0,10018649925317144938,521,0,0,0,0,0,544,0,0,0,0,0,0,0,0,0,0,0,0,0,0,0,0,0,2023321,39142831,0,0,0,12024460,0,0,0,60,0,0,0,0,0,0,0,0,0,1152,0,5,stock,0,0,0,0,0,0,0,2047345,0,0,0,0,2048872,1713,0,0,1726,0,0,0,0,0,1210,0,0,0
0,10018649925317144938,0,0,0,0,0,0,0,0,0,0,0,0,0,0,0,0,0,0,0,0,0,0,0,0,0,0,0,0,0,0,0,0,0,59,0,0,0,0,0,0,0,0,0,0,0,0,_item_graveyard,0,0,0,0,0,0,0,0,0,0,0,0,0,0,0,0,0,0,0,0,0,0,0,0,0,0
0,10018649925317144938,0,0,0,0,0,0,0,0,0,0,0,0,0,0,0,0,0,0,0,0,0,0,0,0,3,58,0,0,0,84,0,0,0,28,0,0,0,0,0,0,0,0,0,0,0,2,_history_tree_14_updates,1,0,0,0,0,0,0,4,2,0,0,0,7,0,0,0,0,0,2,0,0,0,0,0,0,0
0,10018649925317144938,0,0,0,0,0,0,0,0,0,0,0,0,0,0,0,0,0,0,0,0,0,0,0,0,0,0,0,0,0,5,0,0,0,27,0,0,0,0,0,0,0,0,0,0,0,0,_history_tree_13_removes,5,0,0,0,0,0,0,0,0,0,0,0,0,0,0,0,0,0,0,0,0,0,0,0,0,0
0,10018649925317144938,0,0,0,0,0,0,0,0,0,0,0,0,0,0,0,0,0,0,0,0,0,0,0,0,4,86,0,0,0,110,0,0,0,26,0,0,0,0,0,0,0,0,0,0,0,3,_history_tree_13_updates,2,0,0,0,0,0,0,5,2,0,0,0,8,0,0,0,0,0,2,0,0,0,0,0,0,0
0,10018649925317144938,0,0,0,0,0,0,0,0,0,0,0,0,0,0,0,0,0,0,0,0,0,0,0,0,0,0,0,0,0,21,0,0,0,25,0,0,0,0,0,0,0,0,0,0,0,0,_history_tree_12_removes,4,0,0,0,0,0,0,0,0,0,0,0,0,0,0,0,0,0,0,0,0,0,0,0,0,0
0,10018649925317144938,0,0,0,0,0,0,0,0,0,0,0,0,0,0,0,0,0,0,0,0,0,0,0,0,3,83,0,0,0,119,0,0,0,24,0,1,0,0,0,0,0,0,0,0,0,3,_history_tree_12_updates,1,0,0,0,0,0,0,5,2,0,0,0,8,0,0,0,0,0,2,0,0,0,0,0,0,0
0,10018649925317144938,0,0,0,0,0,0,0,0,0,0,0,0,0,0,0,0,0,0,0,0,0,0,0,0,0,0,0,0,0,10,0,0,0,23,0,0,0,0,0,0,0,0,0,0,0,0,_history_tree_11_removes,2,0,0,0,0,0,0,0,0,0,0,0,0,0,0,0,0,0,0,0,0,0,0,0,0,0
0,10018649925317144938,0,0,0,0,0,0,0,0,0,0,0,0,0,0,0,0,0,0,0,0,0,0,0,0,4,100,0,0,0,125,0,0,0,22,0,0,0,0,0,0,0,0,0,0,0,2,_history_tree_11_updates,1,0,0,0,0,0,0,5,2,0,0,0,10,0,0,0,0,0,3,0,0,0,0,0,0,0
0,10018649925317144938,0,0,0,0,0,0,0,0,0,0,0,0,0,0,0,0,0,0,0,0,0,0,0,0,0,0,0,0,0,27,0,0,0,21,0,0,0,0,0,0,0,0,0,0,0,0,_history_tree_10_removes,4,0,0,0,0,0,0,0,0,0,0,0,0,0,0,0,0,0,0,0,0,0,0,0,0,0
0,10018649925317144938,0,0,0,0,0,0,0,0,0,0,0,0,0,0,0,0,0,0,0,0,0,0,0,0,6,159,0,0,0,190,0,0,0,20,0,1,0,0,0,0,0,0,0,0,0,5,_history_tree_10_updates,3,0,0,0,0,0,0,9,4,0,0,0,14,0,0,0,0,0,4,0,0,0,0,0,0,0
0,10018649925317144938,0,0,0,0,0,0,0,0,0,0,0,0,0,0,0,0,0,0,0,0,0,0,0,0,0,0,0,0,0,37,0,0,0,19,0,0,0,0,0,0,0,0,0,0,0,0,_history_tree_9_removes,6,0,0,0,0,0,0,0,0,0,0,0,0,0,0,0,0,0,0,0,0,0,0,0,0,0
0,10018649925317144938,0,0,0,0,0,0,0,0,0,0,0,0,0,0,0,0,0,0,0,0,0,0,4,0,6,175,0,0,0,206,0,0,0,18,4,2,0,0,0,0,0,0,0,0,0,10,_history_tree_9_updates,7,0,0,0,0,0,0,14,9,0,0,0,24,0,0,0,0,0,5,0,0,0,0,0,0,0
0,10018649925317144938,0,0,0,0,0,0,0,0,0,0,0,0,0,0,0,0,0,0,0,0,0,0,0,0,0,0,0,0,0,18,0,0,0,17,0,0,0,0,0,0,0,0,0,0,0,0,_history_tree_8_removes,13,0,0,0,0,0,0,0,0,0,0,0,0,0,0,0,0,0,0,0,0,0,0,0,0,0
0,10018649925317144938,0,0,0,0,0,0,0,0,0,0,0,0,0,0,0,0,0,0,0,0,0,0,0,0,10,254,0,0,0,282,0,0,0,16,0,0,0,0,0,0,1,0,0,0,0,8,_history_tree_8_updates,7,0,0,0,0,0,0,16,7,0,0,0,24,0,0,0,0,0,7,0,0,0,0,0,0,0
0,10018649925317144938,0,0,0,0,0,0,0,0,0,0,0,0,0,0,0,0,0,0,0,0,0,0,0,0,0,0,0,0,0,38,0,0,0,15,0,0,0,0,0,0,0,0,0,0,0,0,_history_tree_7_removes,5,0,0,0,0,0,0,0,0,0,0,0,0,0,0,0,0,0,0,0,0,0,0,0,0,0
0,10018649925317144938,0,0,0,0,0,0,0,0,0,0,0,0,0,0,0,0,0,0,0,0,0,0,2,0,7,206,0,0,0,232,0,0,0,14,2,2,0,0,0,0,1,0,0,0,0,8,_history_tree_7_updates,5,0,0,0,0,0,0,13,7,0,0,0,23,0,0,0,0,0,6,0,0,0,0,0,0,0
0,10018649925317144938,0,0,0,0,0,0,0,0,0,0,0,0,0,0,0,0,0,0,0,0,0,0,0,0,0,0,0,0,0,20,0,0,0,13,0,0,0,0,0,0,0,0,0,0,0,0,_history_tree_6_removes,20,0,0,0,0,0,0,0,0,0,0,0,0,0,0,0,0,0,0,0,0,0,0,0,0,0
0,10018649925317144938,0,0,0,0,0,0,0,0,0,0,0,0,0,142727145,177824554,0,0,0,0,0,0,0,0,0,11,311,0,0,0,335,0,0,0,0,0,2,0,0,0,0,2,0,0,0,0,9,_history_tree_0_updates,6,0,16492119,0,0,0,0,18,8,0,0,0,28,0,0,0,0,0,8,0,0,0,0,10133409,0,0
0,10018649925317144938,0,0,0,0,0,0,0,0,0,0,0,0,0,0,0,0,0,0,0,0,0,0,0,0,0,0,0,0,0,51,0,0,0,1,0,0,0,0,0,0,0,0,0,0,0,0,_history_tree_0_removes,10,0,0,0,0,0,0,0,0,0,0,0,0,0,0,0,0,0,0,0,0,0,0,0,0,0
0,10018649925317144938,0,0,0,0,0,0,0,0,0,0,0,0,0,0,0,0,0,0,0,0,0,0,4,0,10,254,0,0,0,279,0,0,0,2,4,3,0,0,0,0,0,0,0,0,0,13,_history_tree_1_updates,10,0,0,0,0,0,0,21,12,0,0,0,34,0,0,0,0,0,8,0,0,0,0,0,0,0
0,10018649925317144938,0,0,0,0,0,0,0,0,0,0,0,0,0,0,0,0,0,0,0,0,0,0,0,0,0,0,0,0,0,46,0,0,0,3,0,0,0,0,0,0,1,0,0,0,0,0,_history_tree_1_removes,13,0,0,0,0,0,0,0,0,0,0,0,0,0,0,0,0,0,0,0,0,0,0,0,0,0
0,10018649925317144938,0,0,0,0,0,0,0,0,0,0,0,0,0,0,0,0,0,0,0,0,0,0,0,0,14,379,0,0,0,405,0,0,0,4,0,3,0,0,0,0,0,0,0,0,0,13,_history_tree_2_updates,10,0,0,0,0,0,0,25,12,0,0,0,38,0,0,0,0,0,12,0,0,0,0,0,0,0
0,10018649925317144938,0,0,0,0,0,0,0,0,0,0,0,0,0,0,0,0,0,0,0,0,0,0,0,0,0,0,0,0,0,49,0,0,0,5,0,0,0,0,0,0,0,0,0,0,0,0,_history_tree_2_removes,15,0,0,0,0,0,0,0,0,0,0,0,0,0,0,0,0,0,0,0,0,0,0,0,0,0
0,10018649925317144938,0,0,0,0,0,0,0,0,0,0,0,0,0,0,0,0,0,0,0,0,0,0,2,0,13,380,0,0,0,406,0,0,0,6,2,6,0,0,0,0,2,0,0,0,0,15,_history_tree_3_updates,9,0,0,0,0,0,0,26,14,0,0,0,41,0,0,0,0,0,12,0,0,0,0,0,0,0
0,10018649925317144938,0,0,0,0,0,0,0,0,0,0,0,0,0,0,0,0,0,0,0,0,0,0,0,0,0,0,0,0,0,77,0,0,0,7,0,0,0,0,0,0,1,0,0,0,0,0,_history_tree_3_removes,10,0,0,0,0,0,0,0,0,0,0,0,0,0,0,0,0,0,0,0,0,0,0,0,0,0
0,10018649925317144938,0,0,0,0,0,0,0,0,0,0,0,0,0,0,0,0,0,0,0,0,0,0,3,0,12,360,0,0,0,389,0,0,0,8,3,4,0,0,0,0,0,0,0,0,0,13,_history_tree_4_updates,9,0,0,0,0,0,0,23,12,0,0,0,36,0,0,0,0,0,9,0,0,0,0,0,0,0
0,10018649925317144938,0,0,0,0,0,0,0,0,0,0,0,0,0,0,0,0,0,0,0,0,0,0,0,0,0,0,0,0,0,63,0,0,0,9,0,0,0,0,0,0,0,0,0,0,0,0,_history_tree_4_removes,5,0,0,0,0,0,0,0,0,0,0,0,0,0,0,0,0,0,0,0,0,0,0,0,0,0
0,10018649925317144938,0,0,0,0,0,0,0,0,0,0,0,0,0,0,0,0,0,0,0,0,0,0,0,0,16,416,0,0,0,441,0,0,0,10,0,2,0,0,0,0,1,0,0,0,0,15,_history_tree_5_updates,12,0,0,0,0,0,0,29,14,0,0,0,44,0,0,0,0,0,14,0,0,0,0,0,0,0
0,10018649925317144938,0,0,0,0,0,0,0,0,0,0,0,0,0,0,0,0,0,0,0,0,0,0,0,0,0,0,0,0,0,53,0,0,0,11,0,0,0,0,0,0,0,0,0,0,0,0,_history_tree_5_removes,20,0,0,0,0,0,0,0,0,0,0,0,0,0,0,0,0,0,0,0,0,0,0,0,0,0
0,10018649925317144938,0,0,0,0,0,0,0,0,0,0,0,0,0,0,0,0,0,0,0,0,0,0,0,0,15,376,0,0,0,399,0,0,0,12,0,1,0,0,0,0,1,0,0,0,0,14,_history_tree_6_updates,13,0,0,0,0,0,0,27,13,0,0,0,41,0,0,0,0,0,13,0,0,0,0,0,0,0
0,10018649925317144938,0,0,0,0,0,0,0,0,0,0,0,0,0,0,0,0,0,0,0,0,0,0,0,0,0,0,0,0,0,31,0,0,0,29,0,0,0,0,0,0,0,0,0,0,0,0,_history_tree_14_removes,15,0,0,0,0,0,0,0,0,0,0,0,0,0,0,0,0,0,0,0,0,0,0,0,0,0
0,10018649925317144938,0,0,0,0,0,0,0,0,0,0,0,0,0,0,0,0,0,0,0,0,0,0,0,0,12,332,0,0,0,353,0,0,0,30,0,3,0,0,0,0,3,0,0,0,0,11,_history_tree_15_updates,7,0,0,0,0,0,0,21,10,0,0,0,32,0,0,0,0,0,10,0,0,0,0,0,0,0
0,10018649925317144938,0,0,0,0,0,0,0,0,0,0,0,0,0,0,0,0,0,0,0,0,0,0,0,0,0,0,0,0,0,48,0,0,0,31,0,0,0,0,0,0,0,0,0,0,0,0,_history_tree_15_removes,15,0,0,0,0,0,0,0,0,0,0,0,0,0,0,0,0,0,0,0,0,0,0,0,0,0
0,10018649925317144938,0,0,0,0,0,0,0,0,0,0,0,0,0,0,0,0,0,0,0,0,0,0,0,0,20,579,0,0,0,608,0,0,0,32,0,5,0,0,0,0,1,0,0,0,0,17,_history_tree_16_updates,13,0,0,0,0,0,0,35,16,0,0,0,52,0,0,0,0,0,16,0,0,0,0,0,0,0
0,10018649925317144938,0,0,0,0,0,0,0,0,0,0,0,0,0,0,0,0,0,0,0,0,0,0,0,0,0,0,0,0,0,89,0,0,0,33,0,0,0,0,0,0,0,0,0,0,0,0,_history_tree_16_removes,12,0,0,0,0,0,0,0,0,0,0,0,0,0,0,0,0,0,0,0,0,0,0,0,0,0
0,10018649925317144938,0,0,0,0,0,0,0,0,0,0,0,0,0,0,0,0,0,0,0,0,0,0,4,0,15,421,0,0,0,448,0,0,0,34,4,2,0,0,0,0,1,0,0,0,0,17,_history_tree_17_updates,17,0,0,0,0,0,0,30,16,0,0,0,47,0,0,0,0,0,12,0,0,0,0,0,0,0
0,10018649925317144938,0,0,0,0,0,0,0,0,0,0,0,0,0,0,0,0,0,0,0,0,0,0,0,0,0,0,0,0,0,62,0,0,0,35,0,0,0,0,0,0,1,0,0,0,0,0,_history_tree_17_removes,18,0,0,0,0,0,0,0,0,0,0,0,0,0,0,0,0,0,0,0,0,0,0,0,0,0
0,10018649925317144938,0,0,0,0,0,0,0,0,0,0,0,0,0,0,0,0,0,0,0,0,0,0,0,0,18,525,0,0,0,554,0,0,0,36,0,6,0,0,0,0,1,0,0,0,0,18,_history_tree_18_updates,11,0,0,0,0,0,0,34,17,0,0,0,52,0,0,0,0,0,17,0,0,0,0,0,0,0
0,10018649925317144938,0,0,0,0,0,0,0,0,0,0,0,0,0,0,0,0,0,0,0,0,0,0,0,0,0,0,0,0,0,94,0,0,0,37,0,0,0,0,0,0,1,0,0,0,0,0,_history_tree_18_removes,12,0,0,0,0,0,0,0,0,0,0,0,0,0,0,0,0,0,0,0,0,0,0,0,0,0
0,10018649925317144938,0,0,0,0,0,0,0,0,0,0,0,0,0,0,0,0,0,0,0,0,0,0,7,0,16,429,0,0,0,456,0,0,0,38,7,2,0,0,0,0,0,0,0,0,0,23,_history_tree_19_updates,21,0,0,0,0,0,0,37,22,0,0,0,60,0,0,0,0,0,15,0,0,0,0,0,0,0
0,10018649925317144938,0,0,0,0,0,0,0,0,0,0,0,0,0,0,0,0,0,0,0,0,0,0,0,0,0,0,0,0,0,43,0,0,0,39,0,0,0,0,0,0,0,0,0,0,0,0,_history_tree_19_removes,27,0,0,0,0,0,0,0,0,0,0,0,0,0,0,0,0,0,0,0,0,0,0,0,0,0
0,10018649925317144938,427,0,0,0,0,0,323,0,0,0,0,0,0,0,0,0,0,0,0,0,0,0,0,0,6,2452,0,0,0,872,0,0,0,40,0,0,0,0,0,0,12,0,0,756,0,1,warehouse,0,0,0,0,0,0,0,5,0,0,0,0,6,1596,0,0,1597,0,0,0,0,0,760,0,0,0
0,10018649925317144938,0,0,0,0,0,0,0,0,0,0,0,0,0,0,0,0,0,0,0,0,0,0,0,0,0,0,0,0,0,0,0,0,0,41,0,0,0,0,0,0,0,0,0,0,0,0,_warehouse_graveyard,0,0,0,0,0,0,0,0,0,0,0,0,0,0,0,0,0,0,0,0,0,0,0,0,0,0
0,10018649925317144938,780,0,0,0,0,0,823,0,0,0,0,0,0,0,0,0,0,0,0,0,0,0,0,0,75,3549,0,0,0,2722,0,0,0,42,0,0,0,0,0,0,6,0,0,1633,0,1,district,0,0,0,0,0,0,0,77,0,0,0,0,79,850,0,0,850,0,0,0,0,0,1645,0,0,0
0,10018649925317144938,0,0,0,0,0,0,0,0,0,0,0,0,0,0,0,0,0,0,0,0,0,0,0,0,0,0,0,0,0,0,0,0,0,43,0,0,0,0,0,0,0,0,0,0,0,0,_district_graveyard,0,0,0,0,0,0,0,0,0,0,0,0,0,0,0,0,0,0,0,0,0,0,0,0,0,0
0,10018649925317144938,521,0,0,0,0,0,503,0,0,0,0,0,0,0,0,0,0,0,0,0,0,0,0,0,1013666,12011167,0,0,0,4014695,0,0,0,44,0,0,0,0,0,0,0,0,0,1034,0,3,customer,0,0,0,0,0,0,0,1027649,0,0,0,0,1028601,1229,0,0,1229,0,0,0,0,0,1041,0,0,0
0,10018649925317144938,0,0,0,0,0,0,0,0,0,0,0,0,0,0,0,0,0,0,0,0,0,0,0,0,0,0,0,0,0,0,0,0,0,45,0,0,0,0,0,0,0,0,0,0,0,0,_customer_graveyard,0,0,0,0,0,0,0,0,0,0,0,0,0,0,0,0,0,0,0,0,0,0,0,0,0,0
0,10018649925317144938,0,0,0,0,0,0,0,0,0,0,0,0,0,0,0,0,0,0,0,0,0,0,0,0,65935,8854131,0,0,0,3065935,0,0,0,46,0,0,0,0,0,0,605,0,0,0,0,3,customerwdl,0,0,0,0,0,0,0,67024,0,0,0,608,67100,608,0,0,608,0,0,0,0,0,0,0,0,0
0,10018649925317144938,0,0,0,0,0,0,0,0,0,0,0,0,0,0,0,0,0,0,0,0,0,0,0,0,0,0,0,0,0,0,0,0,0,47,0,0,0,0,0,0,0,0,0,0,0,0,_customerwdl_graveyard,0,0,0,0,0,0,0,0,0,0,0,0,0,0,0,0,0,0,0,0,0,0,0,0,0,0
0,10018649925317144938,0,0,0,0,0,0,0,0,0,0,0,0,0,0,0,0,20,0,0,0,0,0,0,0,178454,9286651,0,0,0,3178772,0,0,0,48,0,0,0,0,0,0,20,0,0,0,0,3,history,0,0,0,0,0,0,0,180553,0,0,0,0,180613,20,0,0,20,0,0,0,0,0,0,0,0,0
0,10018649925317144938,0,0,0,0,0,0,0,0,0,0,0,0,0,0,0,0,0,0,0,0,0,0,0,0,0,0,0,0,0,0,0,0,0,49,0,0,0,0,0,0,0,0,0,0,0,0,_history_graveyard,0,0,0,0,0,0,0,0,0,0,0,0,0,0,0,0,0,0,0,0,0,0,0,0,0,0
0,10018649925317144938,401,720,0,720,0,0,401,0,0,0,0,0,0,0,0,0,0,0,0,0,0,0,12,0,21275,2234878,0,0,0,924776,0,18,0,50,0,0,0,0,0,0,815,0,0,0,0,4,neworder,28,18,0,0,0,0,0,21681,0,6,0,821,21806,839,0,0,839,0,48,0,0,0,0,0,0,0
0,10018649925317144938,0,0,0,0,0,0,0,0,0,0,0,0,0,0,0,0,0,0,0,0,0,0,0,0,0,0,0,0,0,0,0,0,0,51,0,0,0,0,0,0,0,0,0,0,0,0,_neworder_graveyard,0,0,0,0,0,0,0,0,0,0,0,0,0,0,0,0,0,0,0,0,0,0,0,0,0,0
0,10018649925317144938,437,0,0,0,0,0,401,0,0,0,0,0,0,0,0,0,0,0,0,0,0,0,0,0,138026,9183596,0,0,0,3139865,0,0,0,52,0,0,0,0,0,0,0,0,0,850,0,3,order,0,0,0,0,0,0,0,139908,0,0,0,0,140008,887,0,0,887,0,0,0,0,0,853,0,0,0
0,10018649925317144938,0,0,0,0,0,0,0,0,0,0,0,0,0,0,0,0,0,0,0,0,0,0,0,0,0,0,0,0,0,0,0,0,0,53,0,0,0,0,0,0,0,0,0,0,0,0,_order_graveyard,0,0,0,0,0,0,0,0,0,0,0,0,0,0,0,0,0,0,0,0,0,0,0,0,0,0
0,10018649925317144938,0,0,0,0,0,0,0,0,0,0,0,0,0,0,0,0,34,0,0,0,0,0,0,0,42553,8295562,0,0,0,3043572,0,0,0,54,0,0,0,0,0,0,34,0,0,0,0,3,order_wdc,0,0,0,0,0,0,0,43100,0,0,0,0,43128,34,0,0,34,0,0,0,0,0,0,0,0,0
0,10018649925317144938,0,0,0,0,0,0,0,0,0,0,0,0,0,0,0,0,0,0,0,0,0,0,0,0,0,0,0,0,0,0,0,0,0,55,0,0,0,0,0,0,0,0,0,0,0,0,_order_wdc_graveyard,0,0,0,0,0,0,0,0,0,0,0,0,0,0,0,0,0,0,0,0,0,0,0,0,0,0
0,10018649925317144938,4197,0,0,0,0,0,4099,0,0,0,0,0,0,0,0,0,0,0,0,0,0,0,884,0,1709030,110250879,0,0,0,30231233,0,1,0,56,0,0,0,0,0,0,127,0,0,8334,0,4,orderline,15661,1,0,0,0,0,0,1735968,0,0,0,117,1737065,15824,0,0,15824,0,0,0,0,0,8365,0,0,0
0,10018649925317144938,0,0,0,0,0,0,0,0,0,0,0,0,0,0,0,0,0,0,0,0,0,0,0,0,0,0,0,0,0,0,0,0,0,57,0,0,0,0,0,0,0,0,0,0,0,0,_orderline_graveyard,0,0,0,0,0,0,0,0,0,0,0,0,0,0,0,0,0,0,0,0,0,0,0,0,0,0
0,10018649925317144938,0,0,0,0,0,0,0,0,0,0,0,0,0,0,0,0,0,0,0,0,0,0,0,0,6737,232004,0,0,0,106737,0,0,0,58,0,0,0,0,0,0,0,0,0,0,0,2,item,0,0,0,0,0,0,0,6807,0,0,0,0,6809,10870,0,0,10879,0,0,0,0,0,0,0,0,0
1,10018649925317144938,0,0,0,0,0,0,0,0,0,0,0,0,0,0,0,0,0,0,0,0,0,0,0,0,0,0,0,0,0,0,0,0,0,61,0,0,0,0,0,0,0,0,0,0,0,0,_stock_graveyard,0,0,0,0,0,0,0,0,0,0,0,0,0,0,0,0,0,0,0,0,0,0,0,0,0,0
1,10018649925317144938,612198,0,0,0,0,0,597565,0,0,0,0,0,0,0,0,0,0,0,0,0,0,0,0,0,0,18202792,0,0,0,1210962,0,0,0,60,0,0,0,0,0,0,1277,0,0,1209771,0,0,stock,0,0,0,0,0,0,0,0,0,0,0,0,0,3338653,0,0,3338667,0,0,0,0,0,1209772,0,0,0
1,10018649925317144938,0,0,0,0,0,0,0,0,0,0,0,0,0,0,0,0,0,0,0,0,0,0,0,0,0,0,0,0,0,0,0,0,0,59,0,0,0,0,0,0,0,0,0,0,0,0,_item_graveyard,0,0,0,0,0,0,0,0,0,0,0,0,0,0,0,0,0,0,0,0,0,0,0,0,0,0
1,10018649925317144938,0,0,0,0,0,0,0,0,0,0,0,0,0,0,0,0,0,0,0,0,0,0,484,0,2847,81706,0,0,0,81481,0,0,0,28,484,818,0,0,0,0,226,0,0,0,0,3332,_history_tree_14_updates,2662,0,0,0,0,0,0,6178,3331,0,0,0,9509,0,0,0,0,0,2847,0,0,0,0,0,0,0
1,10018649925317144938,0,0,0,0,0,0,0,0,0,0,0,0,0,0,0,0,0,0,0,0,0,0,0,0,0,0,0,0,0,11609,0,0,0,27,0,0,0,0,0,0,11,0,0,0,0,0,_history_tree_13_removes,2584,0,0,0,0,0,0,0,0,0,0,0,0,0,0,0,0,0,0,0,0,0,0,0,0,0
1,10018649925317144938,0,0,0,0,0,0,0,0,0,0,0,0,0,0,0,0,0,0,0,0,0,0,457,0,2885,82799,0,0,0,82555,0,0,0,26,457,825,0,0,0,0,245,0,0,0,0,3343,_history_tree_13_updates,2657,0,0,0,0,0,0,6228,3343,0,0,0,9571,0,0,0,0,0,2886,0,0,0,0,0,0,0
1,10018649925317144938,0,0,0,0,0,0,0,0,0,0,0,0,0,0,0,0,0,0,0,0,0,0,0,0,0,0,0,0,0,11666,0,0,0,25,0,0,0,0,0,0,13,0,0,0,0,0,_history_tree_12_removes,2682,0,0,0,0,0,0,0,0,0,0,0,0,0,0,0,0,0,0,0,0,0,0,0,0,0
1,10018649925317144938,0,0,0,0,0,0,0,0,0,0,0,0,0,0,0,0,0,0,0,0,0,0,429,0,2877,82631,0,0,0,82358,0,0,0,24,430,826,0,0,0,0,272,0,0,0,0,3307,_history_tree_12_updates,2636,0,0,0,0,0,0,6183,3307,0,0,0,9490,0,0,0,0,0,2877,0,0,0,0,0,0,0
1,10018649925317144938,0,0,0,0,0,0,0,0,0,0,0,0,0,0,0,0,0,0,0,0,0,0,0,0,0,0,0,0,0,11643,0,0,0,23,0,0,0,0,0,0,16,0,0,0,0,0,_history_tree_11_removes,2666,0,0,0,0,0,0,0,0,0,0,0,0,0,0,0,0,0,0,0,0,0,0,0,0,0
1,10018649925317144938,0,0,0,0,0,0,0,0,0,0,0,0,0,0,0,0,0,0,0,0,0,0,451,0,2900,83263,0,0,0,82997,0,0,0,22,451,836,0,0,0,0,266,0,0,0,0,3353,_history_tree_11_updates,2676,0,0,0,0,0,0,6252,3352,0,0,0,9602,0,0,0,0,0,2900,0,0,0,0,0,0,0
1,10018649925317144938,0,0,0,0,0,0,0,0,0,0,0,0,0,0,0,0,0,0,0,0,0,0,0,0,0,0,0,0,0,11554,0,0,0,21,0,0,0,0,0,0,13,0,0,0,0,0,_history_tree_10_removes,2606,0,0,0,0,0,0,0,0,0,0,0,0,0,0,0,0,0,0,0,0,0,0,0,0,0
1,10018649925317144938,0,0,0,0,0,0,0,0,0,0,0,0,0,0,0,0,0,0,0,0,0,0,475,0,2850,81934,0,0,0,81647,0,0,0,20,475,806,0,0,0,0,288,0,0,0,0,3324,_history_tree_10_updates,2692,0,0,0,0,0,0,6174,3324,0,0,0,9498,0,0,0,0,0,2849,0,0,0,0,0,0,0
1,10018649925317144938,0,0,0,0,0,0,0,0,0,0,0,0,0,0,0,0,0,0,0,0,0,0,0,0,0,0,0,0,0,11985,0,0,0,19,0,0,0,0,0,0,14,0,0,0,0,0,_history_tree_9_removes,2650,0,0,0,0,0,0,0,0,0,0,0,0,0,0,0,0,0,0,0,0,0,0,0,0,0
1,10018649925317144938,0,0,0,0,0,0,0,0,0,0,0,0,0,0,0,0,0,0,0,0,0,0,473,0,2916,84017,0,0,0,83747,0,0,0,18,473,847,0,0,0,0,268,0,0,0,0,3389,_history_tree_9_updates,2686,0,0,0,0,0,0,6305,3389,0,0,0,9694,0,0,0,0,0,2916,0,0,0,0,0,0,0
1,10018649925317144938,0,0,0,0,0,0,0,0,0,0,0,0,0,0,0,0,0,0,0,0,0,0,0,0,0,0,0,0,0,11627,0,0,0,17,0,0,0,0,0,0,19,0,0,0,0,0,_history_tree_8_removes,2607,0,0,0,0,0,0,0,0,0,0,0,0,0,0,0,0,0,0,0,0,0,0,0,0,0
1,10018649925317144938,0,0,0,0,0,0,0,0,0,0,0,0,0,0,0,0,0,0,0,0,0,0,495,0,2872,82556,0,0,0,82303,0,0,0,16,495,843,0,0,0,0,253,0,0,0,0,3367,_history_tree_8_updates,2656,0,0,0,0,0,0,6239,3367,0,0,0,9606,0,0,0,0,0,2872,0,0,0,0,0,0,0
1,10018649925317144938,0,0,0,0,0,0,0,0,0,0,0,0,0,0,0,0,0,0,0,0,0,0,0,0,0,0,0,0,0,11194,0,0,0,15,0,0,0,0,0,0,16,0,0,0,0,0,_history_tree_7_removes,2691,0,0,0,0,0,0,0,0,0,0,0,0,0,0,0,0,0,0,0,0,0,0,0,0,0
1,10018649925317144938,0,0,0,0,0,0,0,0,0,0,0,0,0,0,0,0,0,0,0,0,0,0,464,0,2832,80945,0,0,0,80681,0,0,0,14,464,818,0,0,0,0,263,0,0,0,0,3297,_history_tree_7_updates,2644,0,0,0,0,0,0,6129,3297,0,0,0,9424,0,0,0,0,0,2832,0,0,0,0,0,0,0
1,10018649925317144938,0,0,0,0,0,0,0,0,0,0,0,0,0,0,0,0,0,0,0,0,0,0,0,0,0,0,0,0,0,11451,0,0,0,13,0,0,0,0,0,0,13,0,0,0,0,0,_history_tree_6_removes,2653,0,0,0,0,0,0,0,0,0,0,0,0,0,0,0,0,0,0,0,0,0,0,0,0,0
1,10018649925317144938,0,0,0,0,0,0,0,0,0,0,0,0,0,25521450,26641565,0,0,0,0,0,0,0,482,0,2773,79422,0,0,0,79127,0,0,0,0,482,753,0,0,0,0,291,0,0,0,0,3254,_history_tree_0_updates,2633,0,1767962,0,0,0,0,6028,3256,0,0,0,9290,0,0,0,0,0,2775,0,0,0,0,866840,0,0
1,10018649925317144938,0,0,0,0,0,0,0,0,0,0,0,0,0,0,0,0,0,0,0,0,0,0,0,0,0,0,0,0,0,10984,0,0,0,1,0,0,0,0,0,0,11,0,0,0,0,0,_history_tree_0_removes,2714,0,0,0,0,0,0,0,0,0,0,0,0,0,0,0,0,0,0,0,0,0,0,0,0,0
1,10018649925317144938,0,0,0,0,0,0,0,0,0,0,0,0,0,0,0,0,0,0,0,0,0,0,511,0,2806,80694,0,0,0,80450,0,0,0,2,512,801,0,0,0,0,245,0,0,0,0,3318,_history_tree_1_updates,2659,0,0,0,0,0,0,6124,3318,0,0,0,9444,0,0,0,0,0,2807,0,0,0,0,0,0,0
1,10018649925317144938,0,0,0,0,0,0,0,0,0,0,0,0,0,0,0,0,0,0,0,0,0,0,0,0,0,0,0,0,0,11381,0,0,0,3,0,0,0,0,0,0,15,0,0,0,0,0,_history_tree_1_removes,2584,0,0,0,0,0,0,0,0,0,0,0,0,0,0,0,0,0,0,0,0,0,0,0,0,0
1,10018649925317144938,0,0,0,0,0,0,0,0,0,0,0,0,0,0,0,0,0,0,0,0,0,0,451,0,2946,84403,0,0,0,84167,0,0,0,4,451,852,0,0,0,0,234,0,0,0,0,3397,_history_tree_2_updates,2693,0,0,0,0,0,0,6343,3397,0,0,0,9740,0,0,0,0,0,2946,0,0,0,0,0,0,0
1,10018649925317144938,0,0,0,0,0,0,0,0,0,0,0,0,0,0,0,0,0,0,0,0,0,0,0,0,0,0,0,0,0,11873,0,0,0,5,0,0,0,0,0,0,18,0,0,0,0,0,_history_tree_2_removes,2671,0,0,0,0,0,0,0,0,0,0,0,0,0,0,0,0,0,0,0,0,0,0,0,0,0
1,10018649925317144938,0,0,0,0,0,0,0,0,0,0,0,0,0,0,0,0,0,0,0,0,0,0,501,0,2849,81683,0,0,0,81431,0,0,0,6,501,807,0,0,0,0,253,0,0,0,0,3350,_history_tree_3_updates,2686,0,0,0,0,0,0,6199,3350,0,0,0,9550,0,0,0,0,0,2849,0,0,0,0,0,0,0
1,10018649925317144938,0,0,0,0,0,0,0,0,0,0,0,0,0,0,0,0,0,0,0,0,0,0,0,0,0,0,0,0,0,11402,0,0,0,7,0,0,0,0,0,0,13,0,0,0,0,0,_history_tree_3_removes,2713,0,0,0,0,0,0,0,0,0,0,0,0,0,0,0,0,0,0,0,0,0,0,0,0,0
1,10018649925317144938,0,0,0,0,0,0,0,0,0,0,0,0,0,0,0,0,0,0,0,0,0,0,473,0,2857,81728,0,0,0,81509,0,0,0,8,473,801,0,0,0,0,218,0,0,0,0,3330,_history_tree_4_updates,2703,0,0,0,0,0,0,6187,3330,0,0,0,9517,0,0,0,0,0,2857,0,0,0,0,0,0,0
1,10018649925317144938,0,0,0,0,0,0,0,0,0,0,0,0,0,0,0,0,0,0,0,0,0,0,0,0,0,0,0,0,0,11294,0,0,0,9,0,0,0,0,0,0,14,0,0,0,0,0,_history_tree_4_removes,2700,0,0,0,0,0,0,0,0,0,0,0,0,0,0,0,0,0,0,0,0,0,0,0,0,0
1,10018649925317144938,0,0,0,0,0,0,0,0,0,0,0,0,0,0,0,0,0,0,0,0,0,0,470,0,2868,81830,0,0,0,81555,0,0,0,10,470,810,0,0,0,0,275,0,0,0,0,3339,_history_tree_5_updates,2676,0,0,0,0,0,0,6208,3339,0,0,0,9547,0,0,0,0,0,2869,0,0,0,0,0,0,0
1,10018649925317144938,0,0,0,0,0,0,0,0,0,0,0,0,0,0,0,0,0,0,0,0,0,0,0,0,0,0,0,0,0,11125,0,0,0,11,0,0,0,0,0,0,20,0,0,0,0,0,_history_tree_5_removes,2716,0,0,0,0,0,0,0,0,0,0,0,0,0,0,0,0,0,0,0,0,0,0,0,0,0
1,10018649925317144938,0,0,0,0,0,0,0,0,0,0,0,0,0,0,0,0,0,0,0,0,0,0,477,0,2826,81247,0,0,0,80993,0,0,0,12,477,799,0,0,0,0,252,0,0,0,0,3302,_history_tree_6_updates,2659,0,0,0,0,0,0,6128,3302,0,0,0,9430,0,0,0,0,0,2826,0,0,0,0,0,0,0
1,10018649925317144938,0,0,0,0,0,0,0,0,0,0,0,0,0,0,0,0,0,0,0,0,0,0,0,0,0,0,0,0,0,11533,0,0,0,29,0,0,0,0,0,0,27,0,0,0,0,0,_history_tree_14_removes,2644,0,0,0,0,0,0,0,0,0,0,0,0,0,0,0,0,0,0,0,0,0,0,0,0,0
1,10018649925317144938,0,0,0,0,0,0,0,0,0,0,0,0,0,0,0,0,0,0,0,0,0,0,466,0,2801,80235,0,0,0,80002,0,0,0,30,466,770,0,0,0,0,232,0,0,0,0,3267,_history_tree_15_updates,2636,0,0,0,0,0,0,6068,3267,0,0,0,9335,0,0,0,0,0,2801,0,0,0,0,0,0,0
1,10018649925317144938,0,0,0,0,0,0,0,0,0,0,0,0,0,0,0,0,0,0,0,0,0,0,0,0,0,0,0,0,0,11253,0,0,0,31,0,0,0,0,0,0,17,0,0,0,0,0,_history_tree_15_removes,2673,0,0,0,0,0,0,0,0,0,0,0,0,0,0,0,0,0,0,0,0,0,0,0,0,0
1,10018649925317144938,0,0,0,0,0,0,0,0,0,0,0,0,0,0,0,0,0,0,0,0,0,0,481,0,2920,83884,0,0,0,83591,0,0,0,32,481,827,0,0,0,0,292,0,0,0,0,3400,_history_tree_16_updates,2738,0,0,0,0,0,0,6320,3400,0,0,0,9720,0,0,0,0,0,2919,0,0,0,0,0,0,0
1,10018649925317144938,0,0,0,0,0,0,0,0,0,0,0,0,0,0,0,0,0,0,0,0,0,0,0,0,0,0,0,0,0,11851,0,0,0,33,0,0,0,0,0,0,16,0,0,0,0,0,_history_tree_16_removes,2698,0,0,0,0,0,0,0,0,0,0,0,0,0,0,0,0,0,0,0,0,0,0,0,0,0
1,10018649925317144938,0,0,0,0,0,0,0,0,0,0,0,0,0,0,0,0,0,0,0,0,0,0,464,0,2543,73065,0,0,0,72812,0,0,0,34,464,666,0,0,0,0,251,0,0,0,0,3008,_history_tree_17_updates,2460,0,0,0,0,0,0,5552,3009,0,0,0,8561,0,0,0,0,0,2545,0,0,0,0,0,0,0
1,10018649925317144938,0,0,0,0,0,0,0,0,0,0,0,0,0,0,0,0,0,0,0,0,0,0,0,0,0,0,0,0,0,10421,0,0,0,35,0,0,0,0,0,0,23,0,0,0,0,0,_history_tree_17_removes,2642,0,0,0,0,0,0,0,0,0,0,0,0,0,0,0,0,0,0,0,0,0,0,0,0,0
1,10018649925317144938,0,0,0,0,0,0,0,0,0,0,0,0,0,0,0,0,0,0,0,0,0,0,427,0,2884,83226,0,0,0,82965,0,0,0,36,428,816,0,0,0,0,261,0,0,0,0,3312,_history_tree_18_updates,2662,0,0,0,0,0,0,6196,3312,0,0,0,9508,0,0,0,0,0,2884,0,0,0,0,0,0,0
1,10018649925317144938,0,0,0,0,0,0,0,0,0,0,0,0,0,0,0,0,0,0,0,0,0,0,0,0,0,0,0,0,0,12009,0,0,0,37,0,0,0,0,0,0,24,0,0,0,0,0,_history_tree_18_removes,2633,0,0,0,0,0,0,0,0,0,0,0,0,0,0,0,0,0,0,0,0,0,0,0,0,0
1,10018649925317144938,0,0,0,0,0,0,0,0,0,0,0,0,0,0,0,0,0,0,0,0,0,0,434,0,2877,82273,0,0,0,82034,0,0,0,38,434,794,0,0,0,0,239,0,0,0,0,3309,_history_tree_19_updates,2662,0,0,0,0,0,0,6186,3309,0,0,0,9495,0,0,0,0,0,2875,0,0,0,0,0,0,0
1,10018649925317144938,0,0,0,0,0,0,0,0,0,0,0,0,0,0,0,0,0,0,0,0,0,0,0,0,0,0,0,0,0,11399,0,0,0,39,0,0,0,0,0,0,11,0,0,0,0,0,_history_tree_19_removes,2675,0,0,0,0,0,0,0,0,0,0,0,0,0,0,0,0,0,0,0,0,0,0,0,0,0
1,10018649925317144938,60725,0,0,0,0,0,55304,0,0,0,0,0,0,0,0,0,0,0,0,0,0,0,0,0,1,363069,0,0,0,118469,0,0,0,40,0,0,0,0,0,0,2638,0,0,116036,0,0,warehouse,0,0,0,0,0,0,0,1,0,0,0,0,1,239951,0,0,239952,1,0,0,0,0,116036,0,0,0
1,10018649925317144938,0,0,0,0,0,0,0,0,0,0,0,0,0,0,0,0,0,0,0,0,0,0,0,0,0,0,0,0,0,0,0,0,0,41,0,0,0,0,0,0,0,0,0,0,0,0,_warehouse_graveyard,0,0,0,0,0,0,0,0,0,0,0,0,0,0,0,0,0,0,0,0,0,0,0,0,0,0
1,10018649925317144938,118908,0,0,0,0,0,117303,0,0,0,0,0,0,0,0,0,0,0,0,0,0,0,0,0,0,366846,0,0,0,238816,0,0,0,42,0,0,0,0,0,0,1207,0,0,236223,0,0,district,0,0,0,0,0,0,0,0,0,0,0,0,0,126749,0,0,126751,0,0,0,0,0,236227,0,0,0
1,10018649925317144938,0,0,0,0,0,0,0,0,0,0,0,0,0,0,0,0,0,0,0,0,0,0,0,0,0,0,0,0,0,0,0,0,0,43,0,0,0,0,0,0,0,0,0,0,0,0,_district_graveyard,0,0,0,0,0,0,0,0,0,0,0,0,0,0,0,0,0,0,0,0,0,0,0,0,0,0
1,10018649925317144938,76944,0,0,0,0,0,73231,0,0,0,0,0,0,0,0,0,0,0,0,0,0,0,0,0,0,968903,0,0,0,150183,0,0,0,44,0,0,0,0,0,0,1,0,0,150177,0,0,customer,0,0,0,0,0,0,0,0,0,0,0,0,0,172788,0,0,172788,0,0,0,0,0,150174,0,0,0
1,10018649925317144938,0,0,0,0,0,0,0,0,0,0,0,0,0,0,0,0,0,0,0,0,0,0,0,0,0,0,0,0,0,0,0,0,0,45,0,0,0,0,0,0,0,0,0,0,0,0,_customer_graveyard,0,0,0,0,0,0,0,0,0,0,0,0,0,0,0,0,0,0,0,0,0,0,0,0,0,0
1,10018649925317144938,0,0,0,0,0,0,0,0,0,0,0,0,0,0,0,0,0,0,0,0,0,0,0,0,0,226278,0,0,0,0,0,0,0,46,0,0,0,0,0,0,75424,0,0,0,0,0,customerwdl,0,0,0,0,0,0,0,0,0,0,0,75424,0,75424,0,0,75425,0,0,0,0,0,0,0,0,0
1,10018649925317144938,0,0,0,0,0,0,0,0,0,0,0,0,0,0,0,0,0,0,0,0,0,0,0,0,0,0,0,0,0,0,0,0,0,47,0,0,0,0,0,0,0,0,0,0,0,0,_customerwdl_graveyard,0,0,0,0,0,0,0,0,0,0,0,0,0,0,0,0,0,0,0,0,0,0,0,0,0,0
1,10018649925317144938,0,0,0,0,0,0,0,0,0,0,0,0,0,0,0,0,0,0,0,0,0,0,0,0,2728,145923,0,0,0,48641,0,0,0,48,0,0,0,0,0,0,0,0,0,0,0,0,history,0,0,0,0,0,0,0,2755,0,0,0,0,2755,0,0,0,0,0,0,0,0,0,0,0,0,0
1,10018649925317144938,0,0,0,0,0,0,0,0,0,0,0,0,0,0,0,0,0,0,0,0,0,0,0,0,0,0,0,0,0,0,0,0,0,49,0,0,0,0,0,0,0,0,0,0,0,0,_history_graveyard,0,0,0,0,0,0,0,0,0,0,0,0,0,0,0,0,0,0,0,0,0,0,0,0,0,0
1,10018649925317144938,52125,104280,0,104280,0,0,52124,0,0,0,0,0,0,0,0,0,0,0,0,0,0,0,57677,0,1840,1317095,0,0,0,332187,0,6207,0,50,468,0,0,0,0,0,106830,0,0,0,0,0,neworder,66045,6207,0,0,0,0,0,5305,36,14,0,104573,5305,110780,0,0,110781,0,2993,0,0,0,0,0,0,0
1,10018649925317144938,0,0,0,0,0,0,0,0,0,0,0,0,0,0,0,0,0,0,0,0,0,0,0,0,0,0,0,0,0,0,0,0,0,51,0,0,0,0,0,0,0,0,0,0,0,0,_neworder_graveyard,0,0,0,0,0,0,0,0,0,0,0,0,0,0,0,0,0,0,0,0,0,0,0,0,0,0
1,10018649925317144938,52746,0,0,0,0,0,51484,0,0,0,0,0,0,0,0,0,0,0,0,0,0,0,0,0,4608,1016564,0,0,0,230334,0,0,0,52,0,0,0,0,0,0,0,0,0,104221,0,0,order,0,0,0,0,0,0,0,4608,0,0,0,0,4607,108514,0,0,108515,0,0,0,0,0,104219,0,0,0
1,10018649925317144938,0,0,0,0,0,0,0,0,0,0,0,0,0,0,0,0,0,0,0,0,0,0,0,0,0,0,0,0,0,0,0,0,0,53,0,0,0,0,0,0,0,0,0,0,0,0,_order_graveyard,0,0,0,0,0,0,0,0,0,0,0,0,0,0,0,0,0,0,0,0,0,0,0,0,0,0
1,10018649925317144938,0,0,0,0,0,0,0,0,0,0,0,0,0,0,0,0,4297,0,0,0,0,0,0,0,1764,382682,0,0,0,123263,0,0,0,54,1,0,0,0,0,0,4297,0,0,0,0,0,order_wdc,0,0,0,0,0,0,0,1777,0,0,0,0,1777,4297,0,0,4297,0,3,0,0,0,0,0,0,0
1,10018649925317144938,0,0,0,0,0,0,0,0,0,0,0,0,0,0,0,0,0,0,0,0,0,0,0,0,0,0,0,0,0,0,0,0,0,55,0,0,0,0,0,0,0,0,0,0,0,0,_order_wdc_graveyard,0,0,0,0,0,0,0,0,0,0,0,0,0,0,0,0,0,0,0,0,0,0,0,0,0,0
1,10018649925317144938,500609,0,0,0,0,0,489313,0,0,0,0,0,0,0,0,0,0,0,0,0,0,0,119505,0,71062,9145917,0,0,0,2271284,0,1415,0,56,0,0,0,0,0,0,15206,0,0,989993,0,0,orderline,2174092,1415,0,0,0,0,0,71203,0,0,0,14996,71203,2189102,0,0,2189120,0,0,0,0,0,990024,0,0,0
1,10018649925317144938,0,0,0,0,0,0,0,0,0,0,0,0,0,0,0,0,0,0,0,0,0,0,0,0,0,0,0,0,0,0,0,0,0,57,0,0,0,0,0,0,0,0,0,0,0,0,_orderline_graveyard,0,0,0,0,0,0,0,0,0,0,0,0,0,0,0,0,0,0,0,0,0,0,0,0,0,0
1,10018649925317144938,0,0,0,0,0,0,0,0,0,0,0,0,0,0,0,0,0,0,0,0,0,0,0,0,0,2420464,0,0,0,0,0,0,0,58,0,0,0,0,0,0,0,0,0,0,0,0,item,0,0,0,0,0,0,0,0,0,0,0,0,0,1210249,0,0,1210258,0,0,0,0,0,0,0,0,0
2,10018649925317144938,0,0,0,0,0,0,0,0,0,0,0,0,0,0,0,0,0,0,0,0,0,0,0,0,0,0,0,0,0,0,0,0,0,61,0,0,0,0,0,0,0,0,0,0,0,0,_stock_graveyard,0,0,0,0,0,0,0,0,0,0,0,0,0,0,0,0,0,0,0,0,0,0,0,0,0,0
2,10018649925317144938,526829,0,0,0,0,0,513753,0,0,0,0,0,0,0,0,0,0,0,0,0,0,0,0,0,0,15917487,0,0,0,1041693,0,0,0,60,0,0,0,0,0,0,1121,0,0,1040566,0,0,stock,0,0,0,0,0,0,0,0,0,0,0,0,0,2936590,0,0,2936591,0,0,0,0,0,1040570,0,0,0
2,10018649925317144938,0,0,0,0,0,0,0,0,0,0,0,0,0,0,0,0,0,0,0,0,0,0,0,0,0,0,0,0,0,0,0,0,0,59,0,0,0,0,0,0,0,0,0,0,0,0,_item_graveyard,0,0,0,0,0,0,0,0,0,0,0,0,0,0,0,0,0,0,0,0,0,0,0,0,0,0
2,10018649925317144938,0,0,0,0,0,0,0,0,0,0,0,0,0,0,0,0,0,0,0,0,0,0,361,0,2476,70989,0,0,0,70778,0,0,0,28,361,828,0,0,0,0,209,0,0,0,0,2817,_history_tree_14_updates,2127,0,0,0,0,0,0,5312,2817,0,0,0,8129,0,0,0,0,0,2475,0,0,0,0,0,0,0
2,10018649925317144938,0,0,0,0,0,0,0,0,0,0,0,0,0,0,0,0,0,0,0,0,0,0,729,0,3,6221,0,0,0,9876,0,0,0,27,1847,1,0,0,0,0,13,0,0,0,0,1850,_history_tree_13_removes,2856,0,0,0,0,0,0,1851,1849,0,0,0,3701,0,0,0,0,0,2,0,0,0,0,0,0,0
2,10018649925317144938,0,0,0,0,0,0,0,0,0,0,0,0,0,0,0,0,0,0,0,0,0,0,358,0,2458,70528,0,0,0,70312,0,0,0,26,358,767,0,0,0,0,214,0,0,0,0,2815,_history_tree_13_updates,2165,0,0,0,0,0,0,5273,2815,0,0,0,8088,0,0,0,0,0,2457,0,0,0,0,0,0,0
2,10018649925317144938,0,0,0,0,0,0,0,0,0,0,0,0,0,0,0,0,0,0,0,0,0,0,657,0,3,6003,0,0,0,9449,0,0,0,25,1773,0,0,0,0,0,5,0,0,0,0,1778,_history_tree_12_removes,2896,0,0,0,0,0,0,1779,1777,0,0,0,3557,0,0,0,0,0,2,0,0,0,0,0,0,0
2,10018649925317144938,0,0,0,0,0,0,0,0,0,0,0,0,0,0,0,0,0,0,0,0,0,0,338,0,2443,69586,0,0,0,69388,0,0,0,24,338,749,0,0,0,0,197,0,0,0,0,2775,_history_tree_12_updates,2163,0,0,0,0,0,0,5223,2775,0,0,0,7998,0,0,0,0,0,2442,0,0,0,0,0,0,0
2,10018649925317144938,0,0,0,0,0,0,0,0,0,0,0,0,0,0,0,0,0,0,0,0,0,0,719,0,4,6401,0,0,0,9801,0,0,0,23,1777,1,0,0,0,0,18,0,0,0,0,1781,_history_tree_11_removes,2867,0,0,0,0,0,0,1783,1780,0,0,0,3564,0,0,0,0,0,3,0,0,0,0,0,0,0
2,10018649925317144938,0,0,0,0,0,0,0,0,0,0,0,0,0,0,0,0,0,0,0,0,0,0,358,0,2452,70290,0,0,0,70082,0,0,0,22,358,770,0,0,0,0,208,0,0,0,0,2810,_history_tree_11_updates,2169,0,0,0,0,0,0,5263,2810,0,0,0,8073,0,0,0,0,0,2452,0,0,0,0,0,0,0
2,10018649925317144938,0,0,0,0,0,0,0,0,0,0,0,0,0,0,0,0,0,0,0,0,0,0,727,0,3,6363,0,0,0,10154,0,0,0,21,1756,0,0,0,0,0,10,0,0,0,0,1759,_history_tree_10_removes,2840,0,0,0,0,0,0,1760,1758,0,0,0,3519,0,0,0,0,0,2,0,0,0,0,0,0,0
2,10018649925317144938,0,0,0,0,0,0,0,0,0,0,0,0,0,0,0,0,0,0,0,0,0,0,364,0,2478,71253,0,0,0,71010,0,0,0,20,364,812,0,0,0,0,242,0,0,0,0,2842,_history_tree_10_updates,2153,0,0,0,0,0,0,5320,2842,0,0,0,8163,0,0,0,0,0,2478,0,0,0,0,0,0,0
2,10018649925317144938,0,0,0,0,0,0,0,0,0,0,0,0,0,0,0,0,0,0,0,0,0,0,680,0,5,6268,0,0,0,10105,0,0,0,19,1781,2,0,0,0,0,16,0,0,0,0,1786,_history_tree_9_removes,2776,0,0,0,0,0,0,1789,1785,0,0,0,3575,0,0,0,0,0,4,0,0,0,0,0,0,0
2,10018649925317144938,0,0,0,0,0,0,0,0,0,0,0,0,0,0,0,0,0,0,0,0,0,0,360,0,2480,71330,0,0,0,71103,0,0,0,18,360,800,0,0,0,0,226,0,0,0,0,2835,_history_tree_9_updates,2154,0,0,0,0,0,0,5318,2835,0,0,0,8153,0,0,0,0,0,2478,0,0,0,0,0,0,0
2,10018649925317144938,0,0,0,0,0,0,0,0,0,0,0,0,0,0,0,0,0,0,0,0,0,0,735,0,4,6557,0,0,0,9728,0,0,0,17,1721,1,0,0,0,0,16,0,0,0,0,1726,_history_tree_8_removes,2882,0,0,0,0,0,0,1728,1725,0,0,0,3454,0,0,0,0,0,3,0,0,0,0,0,0,0
2,10018649925317144938,0,0,0,0,0,0,0,0,0,0,0,0,0,0,0,0,0,0,0,0,0,0,386,0,2463,70375,0,0,0,70162,0,0,0,16,386,833,0,0,0,0,213,0,0,0,0,2832,_history_tree_8_updates,2162,0,0,0,0,0,0,5314,2832,0,0,0,8146,0,0,0,0,0,2465,0,0,0,0,0,0,0
2,10018649925317144938,0,0,0,0,0,0,0,0,0,0,0,0,0,0,0,0,0,0,0,0,0,0,517,0,6,4764,0,0,0,9846,0,0,0,15,1196,2,0,0,0,0,10,0,0,0,0,1202,_history_tree_7_removes,2737,0,0,0,0,0,0,1206,1201,0,0,0,2408,0,0,0,0,0,5,0,0,0,0,0,0,0
2,10018649925317144938,0,0,0,0,0,0,0,0,0,0,0,0,0,0,0,0,0,0,0,0,0,0,382,0,2487,71137,0,0,0,70902,0,0,0,14,383,813,0,0,0,0,235,0,0,0,0,2813,_history_tree_7_updates,2190,0,0,0,0,0,0,5356,2813,0,0,0,8169,0,0,0,0,0,2487,0,0,0,0,0,0,0
2,10018649925317144938,0,0,0,0,0,0,0,0,0,0,0,0,0,0,0,0,0,0,0,0,0,0,736,0,5,6571,0,0,0,9925,0,0,0,13,1763,3,0,0,0,0,14,0,0,0,0,1769,_history_tree_6_removes,2852,0,0,0,0,0,0,1772,1768,0,0,0,3541,0,0,0,0,0,4,0,0,0,0,0,0,0
2,10018649925317144938,0,0,0,0,0,0,0,0,0,0,0,0,0,22417145,23237950,0,0,0,0,0,0,0,408,0,2447,69631,0,0,0,69430,0,0,0,0,408,774,0,0,0,0,201,0,0,0,0,2851,_history_tree_0_updates,2206,0,1539497,0,0,0,0,5304,2849,0,0,0,8146,0,0,0,0,0,2447,0,0,0,0,709782,0,0
2,10018649925317144938,0,0,0,0,0,0,0,0,0,0,0,0,0,0,0,0,0,0,0,0,0,0,476,0,7,4510,0,0,0,9480,0,0,0,1,1214,4,0,0,0,0,7,0,0,0,0,1221,_history_tree_0_removes,2730,0,0,0,0,0,0,1226,1220,0,0,0,2447,0,0,0,0,0,6,0,0,0,0,0,0,0
2,10018649925317144938,0,0,0,0,0,0,0,0,0,0,0,0,0,0,0,0,0,0,0,0,0,0,393,0,2467,70608,0,0,0,70391,0,0,0,2,393,806,0,0,0,0,216,0,0,0,0,2815,_history_tree_1_updates,2188,0,0,0,0,0,0,5328,2815,0,0,0,8141,0,0,0,0,0,2467,0,0,0,0,0,0,0
2,10018649925317144938,0,0,0,0,0,0,0,0,0,0,0,0,0,0,0,0,0,0,0,0,0,0,669,0,6,6432,0,0,0,9712,0,0,0,3,1727,2,0,0,0,0,20,0,0,0,0,1733,_history_tree_1_removes,2837,0,0,0,0,0,0,1737,1732,0,0,0,3470,0,0,0,0,0,5,0,0,0,0,0,0,0
2,10018649925317144938,0,0,0,0,0,0,0,0,0,0,0,0,0,0,0,0,0,0,0,0,0,0,397,0,2433,69065,0,0,0,68822,0,0,0,4,397,785,0,0,0,0,243,0,0,0,0,2790,_history_tree_2_updates,2174,0,0,0,0,0,0,5261,2790,0,0,0,8057,0,0,0,0,0,2434,0,0,0,0,0,0,0
2,10018649925317144938,0,0,0,0,0,0,0,0,0,0,0,0,0,0,0,0,0,0,0,0,0,0,471,0,6,4351,0,0,0,9279,0,0,0,5,1212,3,0,0,0,0,13,0,0,0,0,1218,_history_tree_2_removes,2683,0,0,0,0,0,0,1222,1217,0,0,0,2440,0,0,0,0,0,5,0,0,0,0,0,0,0
2,10018649925317144938,0,0,0,0,0,0,0,0,0,0,0,0,0,0,0,0,0,0,0,0,0,0,362,0,2434,69650,0,0,0,69394,0,0,0,6,362,738,0,0,0,0,255,0,0,0,0,2782,_history_tree_3_updates,2192,0,0,0,0,0,0,5228,2782,0,0,0,8009,0,0,0,0,0,2432,0,0,0,0,0,0,0
2,10018649925317144938,0,0,0,0,0,0,0,0,0,0,0,0,0,0,0,0,0,0,0,0,0,0,718,0,4,6465,0,0,0,9651,0,0,0,7,1824,2,0,0,0,0,14,0,0,0,0,1828,_history_tree_3_removes,2945,0,0,0,0,0,0,1830,1827,0,0,0,3658,0,0,0,0,0,3,0,0,0,0,0,0,0
2,10018649925317144938,0,0,0,0,0,0,0,0,0,0,0,0,0,0,0,0,0,0,0,0,0,0,336,0,2497,72140,0,0,0,71904,0,0,0,8,336,828,0,0,0,0,238,0,0,0,0,2824,_history_tree_4_updates,2139,0,0,0,0,0,0,5332,2824,0,0,0,8156,0,0,0,0,0,2498,0,0,0,0,0,0,0
2,10018649925317144938,0,0,0,0,0,0,0,0,0,0,0,0,0,0,0,0,0,0,0,0,0,0,719,0,5,6634,0,0,0,10399,0,0,0,9,1754,1,0,0,0,0,13,0,0,0,0,1759,_history_tree_4_removes,2847,0,0,0,0,0,0,1763,1759,0,0,0,3523,0,0,0,0,0,4,0,0,0,0,0,0,0
2,10018649925317144938,0,0,0,0,0,0,0,0,0,0,0,0,0,0,0,0,0,0,0,0,0,0,382,0,2478,71038,0,0,0,70828,0,0,0,10,382,828,0,0,0,0,210,0,0,0,0,2832,_history_tree_5_updates,2153,0,0,0,0,0,0,5335,2832,0,0,0,8167,0,0,0,0,0,2476,0,0,0,0,0,0,0
2,10018649925317144938,0,0,0,0,0,0,0,0,0,0,0,0,0,0,0,0,0,0,0,0,0,0,679,0,10,6625,0,0,0,9896,0,0,0,11,1755,4,0,0,0,0,15,0,0,0,0,1765,_history_tree_5_removes,2888,0,0,0,0,0,0,1773,1764,0,0,0,3538,0,0,0,0,0,9,0,0,0,0,0,0,0
2,10018649925317144938,0,0,0,0,0,0,0,0,0,0,0,0,0,0,0,0,0,0,0,0,0,0,394,0,2443,70156,0,0,0,69947,0,0,0,12,394,829,0,0,0,0,206,0,0,0,0,2795,_history_tree_6_updates,2157,0,0,0,0,0,0,5280,2795,0,0,0,8076,0,0,0,0,0,2442,0,0,0,0,0,0,0
2,10018649925317144938,0,0,0,0,0,0,0,0,0,0,0,0,0,0,0,0,0,0,0,0,0,0,509,0,5,4676,0,0,0,9999,0,0,0,29,1242,2,0,0,0,0,14,0,0,0,0,1247,_history_tree_14_removes,2659,0,0,0,0,0,0,1250,1246,0,0,0,2497,0,0,0,0,0,4,0,0,0,0,0,0,0
2,10018649925317144938,0,0,0,0,0,0,0,0,0,0,0,0,0,0,0,0,0,0,0,0,0,0,405,0,2449,70306,0,0,0,70076,0,0,0,30,405,794,0,0,0,0,227,0,0,0,0,2840,_history_tree_15_updates,2203,0,0,0,0,0,0,5303,2840,0,0,0,8143,0,0,0,0,0,2448,0,0,0,0,0,0,0
2,10018649925317144938,0,0,0,0,0,0,0,0,0,0,0,0,0,0,0,0,0,0,0,0,0,0,730,0,5,6554,0,0,0,9871,0,0,0,31,1806,2,0,0,0,0,16,0,0,0,0,1811,_history_tree_15_removes,2928,0,0,0,0,0,0,1815,1811,0,0,0,3627,0,0,0,0,0,4,0,0,0,0,0,0,0
2,10018649925317144938,0,0,0,0,0,0,0,0,0,0,0,0,0,0,0,0,0,0,0,0,0,0,378,0,2463,70416,0,0,0,70174,0,0,0,32,378,782,0,0,0,0,241,0,0,0,0,2842,_history_tree_16_updates,2201,0,0,0,0,0,0,5308,2842,0,0,0,8150,0,0,0,0,0,2467,0,0,0,0,0,0,0
2,10018649925317144938,0,0,0,0,0,0,0,0,0,0,0,0,0,0,0,0,0,0,0,0,0,0,461,0,5,4402,0,0,0,9791,0,0,0,33,1245,2,0,0,0,0,15,0,0,0,0,1250,_history_tree_16_removes,2719,0,0,0,0,0,0,1253,1249,0,0,0,2503,0,0,0,0,0,4,0,0,0,0,0,0,0
2,10018649925317144938,0,0,0,0,0,0,0,0,0,0,0,0,0,0,0,0,0,0,0,0,0,0,363,0,2423,69395,0,0,0,69187,0,0,0,34,363,936,0,0,0,0,208,0,0,0,0,2586,_history_tree_17_updates,1978,0,0,0,0,0,0,5207,2585,0,0,0,7792,0,0,0,0,0,2421,0,0,0,0,0,0,0
2,10018649925317144938,0,0,0,0,0,0,0,0,0,0,0,0,0,0,0,0,0,0,0,0,0,0,610,0,17,6589,0,0,0,9776,0,0,0,35,1645,12,0,0,0,0,10,0,0,0,0,1662,_history_tree_17_removes,2700,0,0,0,0,0,0,1677,1661,0,0,0,3339,0,0,0,0,0,16,0,0,0,0,0,0,0
2,10018649925317144938,0,0,0,0,0,0,0,0,0,0,0,0,0,0,0,0,0,0,0,0,0,0,316,0,2443,69757,0,0,0,69544,0,0,0,36,316,761,0,0,0,0,214,0,0,0,0,2743,_history_tree_18_updates,2122,0,0,0,0,0,0,5203,2743,0,0,0,7946,0,0,0,0,0,2443,0,0,0,0,0,0,0
2,10018649925317144938,0,0,0,0,0,0,0,0,0,0,0,0,0,0,0,0,0,0,0,0,0,0,676,0,4,6237,0,0,0,9609,0,0,0,37,1787,0,0,0,0,0,14,0,0,0,0,1791,_history_tree_18_removes,2884,0,0,0,0,0,0,1793,1790,0,0,0,3584,0,0,0,0,0,3,0,0,0,0,0,0,0
2,10018649925317144938,0,0,0,0,0,0,0,0,0,0,0,0,0,0,0,0,0,0,0,0,0,0,360,0,2516,72338,0,0,0,72132,0,0,0,38,360,848,0,0,0,0,206,0,0,0,0,2830,_history_tree_19_updates,2165,0,0,0,0,0,0,5392,2830,0,0,0,8222,0,0,0,0,0,2516,0,0,0,0,0,0,0
2,10018649925317144938,0,0,0,0,0,0,0,0,0,0,0,0,0,0,0,0,0,0,0,0,0,0,500,0,5,4537,0,0,0,10350,0,0,0,39,1197,2,0,0,0,0,9,0,0,0,0,1202,_history_tree_19_removes,2568,0,0,0,0,0,0,1205,1201,0,0,0,2407,0,0,0,0,0,4,0,0,0,0,0,0,0
2,10018649925317144938,51621,0,0,0,0,0,47807,0,0,0,0,0,0,0,0,0,0,0,0,0,0,0,0,0,2,311276,0,0,0,101535,0,0,0,40,0,0,0,0,0,0,2258,0,0,99421,0,0,warehouse,0,0,0,0,0,0,0,2,0,0,0,0,2,205825,0,0,205824,2,0,0,0,0,99425,0,0,0
2,10018649925317144938,0,0,0,0,0,0,0,0,0,0,0,0,0,0,0,0,0,0,0,0,0,0,0,0,0,0,0,0,0,0,0,0,0,41,0,0,0,0,0,0,0,0,0,0,0,0,_warehouse_graveyard,0,0,0,0,0,0,0,0,0,0,0,0,0,0,0,0,0,0,0,0,0,0,0,0,0,0
2,10018649925317144938,101998,0,0,0,0,0,100558,0,0,0,0,0,0,0,0,0,0,0,0,0,0,0,0,0,1,314857,0,0,0,204824,0,0,0,42,0,0,0,0,0,0,1033,0,0,202536,0,0,district,0,0,0,0,0,0,0,1,0,0,0,0,1,108918,0,0,108917,1,0,0,0,0,202538,0,0,0
2,10018649925317144938,0,0,0,0,0,0,0,0,0,0,0,0,0,0,0,0,0,0,0,0,0,0,0,0,0,0,0,0,0,0,0,0,0,43,0,0,0,0,0,0,0,0,0,0,0,0,_district_graveyard,0,0,0,0,0,0,0,0,0,0,0,0,0,0,0,0,0,0,0,0,0,0,0,0,0,0
2,10018649925317144938,67181,0,0,0,0,0,63939,0,0,0,0,0,0,0,0,0,0,0,0,0,0,0,0,0,0,839733,0,0,0,131124,0,0,0,44,0,0,0,0,0,0,1,0,0,131120,0,0,customer,0,0,0,0,0,0,0,0,0,0,0,0,0,148790,0,0,148791,0,0,0,0,0,131123,0,0,0
2,10018649925317144938,0,0,0,0,0,0,0,0,0,0,0,0,0,0,0,0,0,0,0,0,0,0,0,0,0,0,0,0,0,0,0,0,0,45,0,0,0,0,0,0,0,0,0,0,0,0,_customer_graveyard,0,0,0,0,0,0,0,0,0,0,0,0,0,0,0,0,0,0,0,0,0,0,0,0,0,0
2,10018649925317144938,0,0,0,0,0,0,0,0,0,0,0,0,0,0,0,0,0,0,0,0,0,0,0,0,0,192966,0,0,0,0,0,0,0,46,0,0,0,0,0,0,64325,0,0,0,0,0,customerwdl,0,0,0,0,0,0,0,0,0,0,0,64327,0,64327,0,0,64326,0,0,0,0,0,0,0,0,0
2,10018649925317144938,0,0,0,0,0,0,0,0,0,0,0,0,0,0,0,0,0,0,0,0,0,0,0,0,0,0,0,0,0,0,0,0,0,47,0,0,0,0,0,0,0,0,0,0,0,0,_customerwdl_graveyard,0,0,0,0,0,0,0,0,0,0,0,0,0,0,0,0,0,0,0,0,0,0,0,0,0,0
2,10018649925317144938,0,0,0,0,0,0,0,0,0,0,0,0,0,0,0,0,0,0,0,0,0,0,0,0,2368,126444,0,0,0,42148,0,0,0,48,0,0,0,0,0,0,0,0,0,0,0,0,history,0,0,0,0,0,0,0,2400,0,0,0,0,2400,0,0,0,0,0,0,0,0,0,0,0,0,0
2,10018649925317144938,0,0,0,0,0,0,0,0,0,0,0,0,0,0,0,0,0,0,0,0,0,0,0,0,0,0,0,0,0,0,0,0,0,49,0,0,0,0,0,0,0,0,0,0,0,0,_history_graveyard,0,0,0,0,0,0,0,0,0,0,0,0,0,0,0,0,0,0,0,0,0,0,0,0,0,0
2,10018649925317144938,45728,91340,0,91340,0,0,45632,0,0,0,0,0,0,0,0,0,0,0,0,0,0,0,78456,0,2178,1155862,0,0,0,289388,0,10152,0,50,264,0,0,0,0,0,95887,0,0,0,0,0,neworder,92839,10152,0,0,0,0,0,4533,62,5,0,91636,4533,101788,0,0,101790,0,2090,0,0,0,0,0,0,0
2,10018649925317144938,0,0,0,0,0,0,0,0,0,0,0,0,0,0,0,0,0,0,0,0,0,0,0,0,0,0,0,0,0,0,0,0,0,51,0,0,0,0,0,0,0,0,0,0,0,0,_neworder_graveyard,0,0,0,0,0,0,0,0,0,0,0,0,0,0,0,0,0,0,0,0,0,0,0,0,0,0
2,10018649925317144938,46443,0,0,0,0,0,44948,0,0,0,0,0,0,0,0,0,0,0,0,0,0,0,0,0,4529,886003,0,0,0,200163,0,0,0,52,0,0,0,0,0,0,0,0,0,91393,0,0,order,0,0,0,0,0,0,0,4530,0,0,0,0,4531,95172,0,0,95171,0,0,0,0,0,91395,0,0,0
2,10018649925317144938,0,0,0,0,0,0,0,0,0,0,0,0,0,0,0,0,0,0,0,0,0,0,0,0,0,0,0,0,0,0,0,0,0,53,0,0,0,0,0,0,0,0,0,0,0,0,_order_graveyard,0,0,0,0,0,0,0,0,0,0,0,0,0,0,0,0,0,0,0,0,0,0,0,0,0,0
2,10018649925317144938,0,0,0,0,0,0,0,0,0,0,0,0,0,0,0,0,3777,0,0,0,0,0,0,0,1478,328515,0,0,0,105728,0,0,0,54,0,0,0,0,0,0,3777,0,0,0,0,0,order_wdc,0,0,0,0,0,0,0,1485,0,0,0,0,1485,3777,0,0,3777,0,0,0,0,0,0,0,0,0
2,10018649925317144938,0,0,0,0,0,0,0,0,0,0,0,0,0,0,0,0,0,0,0,0,0,0,0,0,0,0,0,0,0,0,0,0,0,55,0,0,0,0,0,0,0,0,0,0,0,0,_order_wdc_graveyard,0,0,0,0,0,0,0,0,0,0,0,0,0,0,0,0,0,0,0,0,0,0,0,0,0,0
2,10018649925317144938,438743,0,0,0,0,0,428976,0,0,0,0,0,0,0,0,0,0,0,0,0,0,0,106597,0,62136,7929396,0,0,0,1968977,0,1034,0,56,0,0,0,0,0,0,13366,0,0,867668,0,0,orderline,1936861,1034,0,0,0,0,0,63158,0,0,0,13276,63159,1950101,0,0,1950083,0,0,0,0,0,867664,0,0,0
2,10018649925317144938,0,0,0,0,0,0,0,0,0,0,0,0,0,0,0,0,0,0,0,0,0,0,0,0,0,0,0,0,0,0,0,0,0,57,0,0,0,0,0,0,0,0,0,0,0,0,_orderline_graveyard,0,0,0,0,0,0,0,0,0,0,0,0,0,0,0,0,0,0,0,0,0,0,0,0,0,0
2,10018649925317144938,0,0,0,0,0,0,0,0,0,0,0,0,0,0,0,0,0,0,0,0,0,0,0,0,0,2078245,0,0,0,0,0,0,0,58,0,0,0,0,0,0,0,0,0,0,0,0,item,0,0,0,0,0,0,0,0,0,0,0,0,0,1039172,0,0,1039174,0,0,0,0,0,0,0,0,0
3,10018649925317144938,0,0,0,0,0,0,0,0,0,0,0,0,0,0,0,0,0,0,0,0,0,0,0,0,0,0,0,0,0,0,0,0,0,61,0,0,0,0,0,0,0,0,0,0,0,0,_stock_graveyard,0,0,0,0,0,0,0,0,0,0,0,0,0,0,0,0,0,0,0,0,0,0,0,0,0,0
3,10018649925317144938,505719,0,0,0,0,0,492976,0,0,0,0,0,0,0,0,0,0,0,0,0,0,0,0,0,0,15071414,0,0,0,999735,0,0,0,60,0,0,0,0,0,0,1082,0,0,998722,0,0,stock,0,0,0,0,0,0,0,0,0,0,0,0,0,2766958,0,0,2766934,0,0,0,0,0,998717,0,0,0
3,10018649925317144938,0,0,0,0,0,0,0,0,0,0,0,0,0,0,0,0,0,0,0,0,0,0,0,0,0,0,0,0,0,0,0,0,0,59,0,0,0,0,0,0,0,0,0,0,0,0,_item_graveyard,0,0,0,0,0,0,0,0,0,0,0,0,0,0,0,0,0,0,0,0,0,0,0,0,0,0
3,10018649925317144938,0,0,0,0,0,0,0,0,0,0,0,0,0,0,0,0,0,0,0,0,0,0,366,0,2342,66956,0,0,0,66748,0,0,0,28,366,774,0,0,0,0,208,0,0,0,0,2708,_history_tree_14_updates,2055,0,0,0,0,0,0,5050,2708,0,0,0,7758,0,0,0,0,0,2342,0,0,0,0,0,0,0
3,10018649925317144938,0,0,0,0,0,0,0,0,0,0,0,0,0,0,0,0,0,0,0,0,0,0,1103,0,3,9432,0,0,0,9416,0,0,0,27,2660,0,0,0,0,0,16,0,0,0,0,2663,_history_tree_13_removes,3107,0,0,0,0,0,0,2667,2664,0,0,0,5331,0,0,0,0,0,3,0,0,0,0,0,0,0
3,10018649925317144938,0,0,0,0,0,0,0,0,0,0,0,0,0,0,0,0,0,0,0,0,0,0,315,0,2377,68025,0,0,0,67805,0,0,0,26,315,766,0,0,0,0,220,0,0,0,0,2693,_history_tree_13_updates,2030,0,0,0,0,0,0,5070,2693,0,0,0,7763,0,0,0,0,0,2378,0,0,0,0,0,0,0
3,10018649925317144938,0,0,0,0,0,0,0,0,0,0,0,0,0,0,0,0,0,0,0,0,0,0,1036,0,6,9561,0,0,0,9550,0,0,0,25,2625,2,0,0,0,0,11,0,0,0,0,2629,_history_tree_12_removes,3083,0,0,0,0,0,0,2635,2629,0,0,0,5264,0,0,0,0,0,6,0,0,0,0,0,0,0
3,10018649925317144938,0,0,0,0,0,0,0,0,0,0,0,0,0,0,0,0,0,0,0,0,0,0,335,0,2375,68093,0,0,0,67894,0,0,0,24,335,802,0,0,0,0,201,0,0,0,0,2705,_history_tree_12_updates,2030,0,0,0,0,0,0,5086,2705,0,0,0,7791,0,0,0,0,0,2376,0,0,0,0,0,0,0
3,10018649925317144938,0,0,0,0,0,0,0,0,0,0,0,0,0,0,0,0,0,0,0,0,0,0,1065,0,8,9834,0,0,0,9820,0,0,0,23,2539,2,0,0,0,0,15,0,0,0,0,2547,_history_tree_11_removes,3007,0,0,0,0,0,0,2555,2547,0,0,0,5102,0,0,0,0,0,8,0,0,0,0,0,0,0
3,10018649925317144938,0,0,0,0,0,0,0,0,0,0,0,0,0,0,0,0,0,0,0,0,0,0,354,0,2404,69156,0,0,0,68968,0,0,0,22,354,848,0,0,0,0,185,0,0,0,0,2726,_history_tree_11_updates,2021,0,0,0,0,0,0,5161,2726,0,0,0,7887,0,0,0,0,0,2403,0,0,0,0,0,0,0
3,10018649925317144938,0,0,0,0,0,0,0,0,0,0,0,0,0,0,0,0,0,0,0,0,0,0,1081,0,6,9721,0,0,0,9708,0,0,0,21,2570,1,0,0,0,0,13,0,0,0,0,2576,_history_tree_10_removes,3051,0,0,0,0,0,0,2582,2576,0,0,0,5158,0,0,0,0,0,6,0,0,0,0,0,0,0
3,10018649925317144938,0,0,0,0,0,0,0,0,0,0,0,0,0,0,0,0,0,0,0,0,0,0,346,0,2391,68758,0,0,0,68549,0,0,0,20,346,832,0,0,0,0,207,0,0,0,0,2738,_history_tree_10_updates,2034,0,0,0,0,0,0,5129,2738,0,0,0,7866,0,0,0,0,0,2392,0,0,0,0,0,0,0
3,10018649925317144938,0,0,0,0,0,0,0,0,0,0,0,0,0,0,0,0,0,0,0,0,0,0,1045,0,6,9304,0,0,0,9287,0,0,0,19,2657,2,0,0,0,0,17,0,0,0,0,2663,_history_tree_9_removes,3134,0,0,0,0,0,0,2669,2663,0,0,0,5332,0,0,0,0,0,6,0,0,0,0,0,0,0
3,10018649925317144938,0,0,0,0,0,0,0,0,0,0,0,0,0,0,0,0,0,0,0,0,0,0,328,0,2366,67497,0,0,0,67275,0,0,0,18,328,784,0,0,0,0,221,0,0,0,0,2685,_history_tree_9_updates,2039,0,0,0,0,0,0,5062,2685,0,0,0,7747,0,0,0,0,0,2368,0,0,0,0,0,0,0
3,10018649925317144938,0,0,0,0,0,0,0,0,0,0,0,0,0,0,0,0,0,0,0,0,0,0,1006,0,10,9399,0,0,0,9381,0,0,0,17,2615,4,0,0,0,0,18,0,0,0,0,2624,_history_tree_8_removes,3066,0,0,0,0,0,0,2634,2624,0,0,0,5258,0,0,0,0,0,10,0,0,0,0,0,0,0
3,10018649925317144938,0,0,0,0,0,0,0,0,0,0,0,0,0,0,0,0,0,0,0,0,0,0,370,0,2356,67444,0,0,0,67234,0,0,0,16,370,823,0,0,0,0,208,0,0,0,0,2705,_history_tree_8_updates,2021,0,0,0,0,0,0,5083,2705,0,0,0,7788,0,0,0,0,0,2356,0,0,0,0,0,0,0
3,10018649925317144938,0,0,0,0,0,0,0,0,0,0,0,0,0,0,0,0,0,0,0,0,0,0,1044,0,5,9264,0,0,0,9248,0,0,0,15,2633,1,0,0,0,0,16,0,0,0,0,2638,_history_tree_7_removes,3079,0,0,0,0,0,0,2643,2638,0,0,0,5283,0,0,0,0,0,5,0,0,0,0,0,0,0
3,10018649925317144938,0,0,0,0,0,0,0,0,0,0,0,0,0,0,0,0,0,0,0,0,0,0,325,0,2327,66598,0,0,0,66384,0,0,0,14,325,745,0,0,0,0,214,0,0,0,0,2633,_history_tree_7_updates,2009,0,0,0,0,0,0,4980,2634,0,0,0,7614,0,0,0,0,0,2327,0,0,0,0,0,0,0
3,10018649925317144938,0,0,0,0,0,0,0,0,0,0,0,0,0,0,0,0,0,0,0,0,0,0,1082,0,9,9789,0,0,0,9765,0,0,0,13,2609,5,0,0,0,0,24,0,0,0,0,2617,_history_tree_6_removes,3096,0,0,0,0,0,0,2626,2617,0,0,0,5243,0,0,0,0,0,9,0,0,0,0,0,0,0
3,10018649925317144938,0,0,0,0,0,0,0,0,0,0,0,0,0,21360611,22156926,0,0,0,0,0,0,0,327,0,2396,69019,0,0,0,68799,0,0,0,0,327,827,0,0,0,0,220,0,0,0,0,2722,_history_tree_0_updates,2020,0,1479850,0,0,0,0,5118,2722,0,0,0,7840,0,0,0,0,0,2395,0,0,0,0,670554,0,0
3,10018649925317144938,0,0,0,0,0,0,0,0,0,0,0,0,0,0,0,0,0,0,0,0,0,0,1112,0,6,9940,0,0,0,9929,0,0,0,1,2570,1,0,0,0,0,11,0,0,0,0,2576,_history_tree_0_removes,3051,0,0,0,0,0,0,2582,2576,0,0,0,5158,0,0,0,0,0,6,0,0,0,0,0,0,0
3,10018649925317144938,0,0,0,0,0,0,0,0,0,0,0,0,0,0,0,0,0,0,0,0,0,0,360,0,2373,68148,0,0,0,67966,0,0,0,2,360,821,0,0,0,0,182,0,0,0,0,2699,_history_tree_1_updates,2035,0,0,0,0,0,0,5105,2699,0,0,0,7804,0,0,0,0,0,2372,0,0,0,0,0,0,0
3,10018649925317144938,0,0,0,0,0,0,0,0,0,0,0,0,0,0,0,0,0,0,0,0,0,0,1005,0,11,9554,0,0,0,9539,0,0,0,3,2582,4,0,0,0,0,15,0,0,0,0,2594,_history_tree_1_removes,3050,0,0,0,0,0,0,2605,2594,0,0,0,5199,0,0,0,0,0,11,0,0,0,0,0,0,0
3,10018649925317144938,0,0,0,0,0,0,0,0,0,0,0,0,0,0,0,0,0,0,0,0,0,0,310,0,2368,67653,0,0,0,67436,0,0,0,4,310,810,0,0,0,0,217,0,0,0,0,2649,_history_tree_2_updates,1989,0,0,0,0,0,0,5048,2649,0,0,0,7693,0,0,0,0,0,2368,0,0,0,0,0,0,0
3,10018649925317144938,0,0,0,0,0,0,0,0,0,0,0,0,0,0,0,0,0,0,0,0,0,0,1023,0,6,9373,0,0,0,9360,0,0,0,5,2585,3,0,0,0,0,13,0,0,0,0,2591,_history_tree_2_removes,3031,0,0,0,0,0,0,2597,2591,0,0,0,5188,0,0,0,0,0,6,0,0,0,0,0,0,0
3,10018649925317144938,0,0,0,0,0,0,0,0,0,0,0,0,0,0,0,0,0,0,0,0,0,0,376,0,2374,67786,0,0,0,67568,0,0,0,6,376,808,0,0,0,0,217,0,0,0,0,2705,_history_tree_3_updates,2073,0,0,0,0,0,0,5125,2705,0,0,0,7830,0,0,0,0,0,2375,0,0,0,0,0,0,0
3,10018649925317144938,0,0,0,0,0,0,0,0,0,0,0,0,0,0,0,0,0,0,0,0,0,0,1012,0,7,9314,0,0,0,9298,0,0,0,7,2607,2,0,0,0,0,15,0,0,0,0,2614,_history_tree_3_removes,3080,0,0,0,0,0,0,2621,2614,0,0,0,5235,0,0,0,0,0,7,0,0,0,0,0,0,0
3,10018649925317144938,0,0,0,0,0,0,0,0,0,0,0,0,0,0,0,0,0,0,0,0,0,0,353,0,2343,66982,0,0,0,66785,0,0,0,8,353,755,0,0,0,0,195,0,0,0,0,2692,_history_tree_4_updates,2080,0,0,0,0,0,0,5037,2692,0,0,0,7729,0,0,0,0,0,2342,0,0,0,0,0,0,0
3,10018649925317144938,0,0,0,0,0,0,0,0,0,0,0,0,0,0,0,0,0,0,0,0,0,0,1003,0,6,9128,0,0,0,9110,0,0,0,9,2628,0,0,0,0,0,18,0,0,0,0,2635,_history_tree_4_removes,3099,0,0,0,0,0,0,2640,2635,0,0,0,5276,0,0,0,0,0,6,0,0,0,0,0,0,0
3,10018649925317144938,0,0,0,0,0,0,0,0,0,0,0,0,0,0,0,0,0,0,0,0,0,0,346,0,2359,67747,0,0,0,67549,0,0,0,10,346,803,0,0,0,0,197,0,0,0,0,2687,_history_tree_5_updates,2034,0,0,0,0,0,0,5066,2687,0,0,0,7753,0,0,0,0,0,2361,0,0,0,0,0,0,0
3,10018649925317144938,0,0,0,0,0,0,0,0,0,0,0,0,0,0,0,0,0,0,0,0,0,0,1071,0,6,9569,0,0,0,9556,0,0,0,11,2600,2,0,0,0,0,13,0,0,0,0,2606,_history_tree_5_removes,3070,0,0,0,0,0,0,2612,2606,0,0,0,5218,0,0,0,0,0,6,0,0,0,0,0,0,0
3,10018649925317144938,0,0,0,0,0,0,0,0,0,0,0,0,0,0,0,0,0,0,0,0,0,0,325,0,2421,69406,0,0,0,69184,0,0,0,12,325,869,0,0,0,0,220,0,0,0,0,2654,_history_tree_6_updates,2005,0,0,0,0,0,0,5167,2654,0,0,0,7820,0,0,0,0,0,2421,0,0,0,0,0,0,0
3,10018649925317144938,0,0,0,0,0,0,0,0,0,0,0,0,0,0,0,0,0,0,0,0,0,0,1038,0,5,9195,0,0,0,9179,0,0,0,29,2672,2,0,0,0,0,16,0,0,0,0,2677,_history_tree_14_removes,3122,0,0,0,0,0,0,2682,2677,0,0,0,5359,0,0,0,0,0,5,0,0,0,0,0,0,0
3,10018649925317144938,0,0,0,0,0,0,0,0,0,0,0,0,0,0,0,0,0,0,0,0,0,0,351,0,2369,67566,0,0,0,67360,0,0,0,30,351,813,0,0,0,0,203,0,0,0,0,2706,_history_tree_15_updates,2045,0,0,0,0,0,0,5090,2706,0,0,0,7796,0,0,0,0,0,2371,0,0,0,0,0,0,0
3,10018649925317144938,0,0,0,0,0,0,0,0,0,0,0,0,0,0,0,0,0,0,0,0,0,0,1050,0,5,9379,0,0,0,9367,0,0,0,31,2650,1,0,0,0,0,12,0,0,0,0,2655,_history_tree_15_removes,3129,0,0,0,0,0,0,2659,2654,0,0,0,5313,0,0,0,0,0,5,0,0,0,0,0,0,0
3,10018649925317144938,0,0,0,0,0,0,0,0,0,0,0,0,0,0,0,0,0,0,0,0,0,0,341,0,2335,66436,0,0,0,66242,0,0,0,32,341,729,0,0,0,0,195,0,0,0,0,2675,_history_tree_16_updates,2062,0,0,0,0,0,0,5010,2675,0,0,0,7685,0,0,0,0,0,2334,0,0,0,0,0,0,0
3,10018649925317144938,0,0,0,0,0,0,0,0,0,0,0,0,0,0,0,0,0,0,0,0,0,0,974,0,8,8979,0,0,0,8966,0,0,0,33,2690,1,0,0,0,0,13,0,0,0,0,2698,_history_tree_16_removes,3123,0,0,0,0,0,0,2706,2698,0,0,0,5405,0,0,0,0,0,8,0,0,0,0,0,0,0
3,10018649925317144938,0,0,0,0,0,0,0,0,0,0,0,0,0,0,0,0,0,0,0,0,0,0,359,0,2359,66871,0,0,0,66686,0,0,0,34,359,917,0,0,0,0,184,0,0,0,0,2487,_history_tree_17_updates,1930,0,0,0,0,0,0,5079,2487,0,0,0,7566,0,0,0,0,0,2361,0,0,0,0,0,0,0
3,10018649925317144938,0,0,0,0,0,0,0,0,0,0,0,0,0,0,0,0,0,0,0,0,0,0,841,0,19,8982,0,0,0,8973,0,0,0,35,2550,12,0,0,0,0,9,0,0,0,0,2569,_history_tree_17_removes,2973,0,0,0,0,0,0,2588,2569,0,0,0,5157,0,0,0,0,0,19,0,0,0,0,0,0,0
3,10018649925317144938,0,0,0,0,0,0,0,0,0,0,0,0,0,0,0,0,0,0,0,0,0,0,346,0,2354,67351,0,0,0,67113,0,0,0,36,346,794,0,0,0,0,237,0,0,0,0,2692,_history_tree_18_updates,2026,0,0,0,0,0,0,5052,2692,0,0,0,7744,0,0,0,0,0,2353,0,0,0,0,0,0,0
3,10018649925317144938,0,0,0,0,0,0,0,0,0,0,0,0,0,0,0,0,0,0,0,0,0,0,1022,0,8,9337,0,0,0,9327,0,0,0,37,2642,3,0,0,0,0,10,0,0,0,0,2650,_history_tree_18_removes,3085,0,0,0,0,0,0,2658,2650,0,0,0,5308,0,0,0,0,0,8,0,0,0,0,0,0,0
3,10018649925317144938,0,0,0,0,0,0,0,0,0,0,0,0,0,0,0,0,0,0,0,0,0,0,363,0,2310,65850,0,0,0,65606,0,0,0,38,363,730,0,0,0,0,235,0,0,0,0,2664,_history_tree_19_updates,2072,0,0,0,0,0,0,4984,2664,0,0,0,7648,0,0,0,0,0,2311,0,0,0,0,0,0,0
3,10018649925317144938,0,0,0,0,0,0,0,0,0,0,0,0,0,0,0,0,0,0,0,0,0,0,1032,0,3,9006,0,0,0,8989,0,0,0,39,2659,1,0,0,0,0,17,0,0,0,0,2662,_history_tree_19_removes,3118,0,0,0,0,0,0,2665,2662,0,0,0,5327,0,0,0,0,0,3,0,0,0,0,0,0,0
3,10018649925317144938,50166,0,0,0,0,0,45918,0,0,0,0,0,0,0,0,0,0,0,0,0,0,0,0,0,2,299544,0,0,0,98127,0,0,0,40,0,0,0,0,0,0,2006,0,0,96080,0,0,warehouse,0,0,0,0,0,0,0,2,0,0,0,0,2,198165,0,0,198165,2,0,0,0,0,96075,0,0,0
3,10018649925317144938,0,0,0,0,0,0,0,0,0,0,0,0,0,0,0,0,0,0,0,0,0,0,0,0,0,0,0,0,0,0,0,0,0,41,0,0,0,0,0,0,0,0,0,0,0,0,_warehouse_graveyard,0,0,0,0,0,0,0,0,0,0,0,0,0,0,0,0,0,0,0,0,0,0,0,0,0,0
3,10018649925317144938,97752,0,0,0,0,0,97265,0,0,0,0,0,0,0,0,0,0,0,0,0,0,0,0,0,1,303323,0,0,0,197259,0,0,0,42,0,0,0,0,0,0,1074,0,0,195025,0,0,district,0,0,0,0,0,0,0,1,0,0,0,0,1,104932,0,0,104933,1,0,0,0,0,195031,0,0,0
3,10018649925317144938,0,0,0,0,0,0,0,0,0,0,0,0,0,0,0,0,0,0,0,0,0,0,0,0,0,0,0,0,0,0,0,0,0,43,0,0,0,0,0,0,0,0,0,0,0,0,_district_graveyard,0,0,0,0,0,0,0,0,0,0,0,0,0,0,0,0,0,0,0,0,0,0,0,0,0,0
3,10018649925317144938,64419,0,0,0,0,0,60954,0,0,0,0,0,0,0,0,0,0,0,0,0,0,0,0,0,0,803277,0,0,0,125368,0,0,0,44,0,0,0,0,0,0,1,0,0,125370,0,0,customer,0,0,0,0,0,0,0,0,0,0,0,0,0,142386,0,0,142385,0,0,0,0,0,125366,0,0,0
3,10018649925317144938,0,0,0,0,0,0,0,0,0,0,0,0,0,0,0,0,0,0,0,0,0,0,0,0,0,0,0,0,0,0,0,0,0,45,0,0,0,0,0,0,0,0,0,0,0,0,_customer_graveyard,0,0,0,0,0,0,0,0,0,0,0,0,0,0,0,0,0,0,0,0,0,0,0,0,0,0
3,10018649925317144938,0,0,0,0,0,0,0,0,0,0,0,0,0,0,0,0,0,0,0,0,0,0,0,0,0,187479,0,0,0,0,0,0,0,46,0,0,0,0,0,0,62494,0,0,0,0,0,customerwdl,0,0,0,0,0,0,0,0,0,0,0,62489,0,62489,0,0,62491,0,0,0,0,0,0,0,0,0
3,10018649925317144938,0,0,0,0,0,0,0,0,0,0,0,0,0,0,0,0,0,0,0,0,0,0,0,0,0,0,0,0,0,0,0,0,0,47,0,0,0,0,0,0,0,0,0,0,0,0,_customerwdl_graveyard,0,0,0,0,0,0,0,0,0,0,0,0,0,0,0,0,0,0,0,0,0,0,0,0,0,0
3,10018649925317144938,0,0,0,0,0,0,0,0,0,0,0,0,0,0,0,0,0,0,0,0,0,0,0,0,2254,120372,0,0,0,40124,0,0,0,48,0,0,0,0,0,0,0,0,0,0,0,0,history,0,0,0,0,0,0,0,2282,0,0,0,0,2282,0,0,0,0,0,0,0,0,0,0,0,0,0
3,10018649925317144938,0,0,0,0,0,0,0,0,0,0,0,0,0,0,0,0,0,0,0,0,0,0,0,0,0,0,0,0,0,0,0,0,0,49,0,0,0,0,0,0,0,0,0,0,0,0,_history_graveyard,0,0,0,0,0,0,0,0,0,0,0,0,0,0,0,0,0,0,0,0,0,0,0,0,0,0
3,10018649925317144938,43820,87470,0,87470,0,0,43716,0,0,0,0,0,0,0,0,0,0,0,0,0,0,0,73980,0,2106,1111518,0,0,0,277506,0,11252,0,50,424,0,0,0,0,0,92987,0,0,0,0,0,neworder,90355,11252,0,0,0,0,0,4583,94,2,0,87840,4584,99092,0,0,99091,0,2051,0,0,0,0,0,0,0
3,10018649925317144938,0,0,0,0,0,0,0,0,0,0,0,0,0,0,0,0,0,0,0,0,0,0,0,0,0,0,0,0,0,0,0,0,0,51,0,0,0,0,0,0,0,0,0,0,0,0,_neworder_graveyard,0,0,0,0,0,0,0,0,0,0,0,0,0,0,0,0,0,0,0,0,0,0,0,0,0,0
3,10018649925317144938,44257,0,0,0,0,0,43286,0,0,0,0,0,0,0,0,0,0,0,0,0,0,0,0,0,4392,849159,0,0,0,192005,0,0,0,52,0,0,0,0,0,0,0,0,0,87543,0,0,order,0,0,0,0,0,0,0,4396,0,0,0,0,4395,91051,0,0,91051,0,0,0,0,0,87545,0,0,0
3,10018649925317144938,0,0,0,0,0,0,0,0,0,0,0,0,0,0,0,0,0,0,0,0,0,0,0,0,0,0,0,0,0,0,0,0,0,53,0,0,0,0,0,0,0,0,0,0,0,0,_order_graveyard,0,0,0,0,0,0,0,0,0,0,0,0,0,0,0,0,0,0,0,0,0,0,0,0,0,0
3,10018649925317144938,0,0,0,0,0,0,0,0,0,0,0,0,0,0,0,0,3506,0,0,0,0,0,0,0,1443,315042,0,0,0,101508,0,0,0,54,0,0,0,0,0,0,3506,0,0,0,0,0,order_wdc,0,0,0,0,0,0,0,1446,0,0,0,0,1446,3506,0,0,3506,0,0,0,0,0,0,0,0,0
3,10018649925317144938,0,0,0,0,0,0,0,0,0,0,0,0,0,0,0,0,0,0,0,0,0,0,0,0,0,0,0,0,0,0,0,0,0,55,0,0,0,0,0,0,0,0,0,0,0,0,_order_wdc_graveyard,0,0,0,0,0,0,0,0,0,0,0,0,0,0,0,0,0,0,0,0,0,0,0,0,0,0
3,10018649925317144938,421016,0,0,0,0,0,411708,0,0,0,0,0,0,0,0,0,0,0,0,0,0,0,99313,0,59652,7608754,0,0,0,1889735,0,1038,0,56,0,0,0,0,0,0,12440,0,0,832743,0,0,orderline,1805308,1038,0,0,0,0,0,60654,0,0,0,12361,60654,1817630,0,0,1817630,0,0,0,0,0,832733,0,0,0
3,10018649925317144938,0,0,0,0,0,0,0,0,0,0,0,0,0,0,0,0,0,0,0,0,0,0,0,0,0,0,0,0,0,0,0,0,0,57,0,0,0,0,0,0,0,0,0,0,0,0,_orderline_graveyard,0,0,0,0,0,0,0,0,0,0,0,0,0,0,0,0,0,0,0,0,0,0,0,0,0,0
3,10018649925317144938,0,0,0,0,0,0,0,0,0,0,0,0,0,0,0,0,0,0,0,0,0,0,0,0,0,1994683,0,0,0,0,0,0,0,58,0,0,0,0,0,0,0,0,0,0,0,0,item,0,0,0,0,0,0,0,0,0,0,0,0,0,997252,0,0,997249,0,0,0,0,0,0,0,0,0
4,10018649925317144938,0,0,0,0,0,0,0,0,0,0,0,0,0,0,0,0,0,0,0,0,0,0,0,0,0,0,0,0,0,0,0,0,0,61,0,0,0,0,0,0,0,0,0,0,0,0,_stock_graveyard,0,0,0,0,0,0,0,0,0,0,0,0,0,0,0,0,0,0,0,0,0,0,0,0,0,0
4,10018649925317144938,507708,0,0,0,0,0,495490,0,0,0,0,0,0,0,0,0,0,0,0,0,0,0,0,0,0,15179061,0,0,0,1004088,0,0,0,60,0,0,0,0,0,0,1100,0,0,1003121,0,0,stock,0,0,0,0,0,0,0,0,0,0,0,0,0,2789420,0,0,2789404,0,0,0,0,0,1003068,0,0,0
4,10018649925317144938,0,0,0,0,0,0,0,0,0,0,0,0,0,0,0,0,0,0,0,0,0,0,0,0,0,0,0,0,0,0,0,0,0,59,0,0,0,0,0,0,0,0,0,0,0,0,_item_graveyard,0,0,0,0,0,0,0,0,0,0,0,0,0,0,0,0,0,0,0,0,0,0,0,0,0,0
4,10018649925317144938,0,0,0,0,0,0,0,0,0,0,0,0,0,0,0,0,0,0,0,0,0,0,379,0,2376,68062,0,0,0,67838,0,0,0,28,379,753,0,0,0,0,224,0,0,0,0,2702,_history_tree_14_updates,2110,0,0,0,0,0,0,5092,2702,0,0,0,7794,0,0,0,0,0,2337,0,0,0,0,0,0,0
4,10018649925317144938,0,0,0,0,0,0,0,0,0,0,0,0,0,0,0,0,0,0,0,0,0,0,989,0,8,9329,0,0,0,9312,0,0,0,27,2556,3,0,0,0,0,17,0,0,0,0,2564,_history_tree_13_removes,3030,0,0,0,0,0,0,2571,2563,0,0,0,5134,0,0,0,0,0,8,0,0,0,0,0,0,0
4,10018649925317144938,0,0,0,0,0,0,0,0,0,0,0,0,0,0,0,0,0,0,0,0,0,0,367,0,2346,67173,0,0,0,66959,0,0,0,26,367,824,0,0,0,0,214,0,0,0,0,2650,_history_tree_13_updates,2026,0,0,0,0,0,0,5057,2650,0,0,0,7707,0,0,0,0,0,2344,0,0,0,0,0,0,0
4,10018649925317144938,0,0,0,0,0,0,0,0,0,0,0,0,0,0,0,0,0,0,0,0,0,0,1136,0,6,9704,0,0,0,9686,0,0,0,25,2674,1,0,0,0,0,18,0,0,0,0,2680,_history_tree_12_removes,3147,0,0,0,0,0,0,2686,2680,0,0,0,5366,0,0,0,0,0,6,0,0,0,0,0,0,0
4,10018649925317144938,0,0,0,0,0,0,0,0,0,0,0,0,0,0,0,0,0,0,0,0,0,0,360,0,2364,67906,0,0,0,67685,0,0,0,24,360,783,0,0,0,0,217,0,0,0,0,2719,_history_tree_12_updates,2056,0,0,0,0,0,0,5087,2719,0,0,0,7806,0,0,0,0,0,2363,0,0,0,0,0,0,0
4,10018649925317144938,0,0,0,0,0,0,0,0,0,0,0,0,0,0,0,0,0,0,0,0,0,0,1077,0,4,9623,0,0,0,9606,0,0,0,23,2674,1,0,0,0,0,16,0,0,0,0,2678,_history_tree_11_removes,3146,0,0,0,0,0,0,2682,2678,0,0,0,5360,0,0,0,0,0,4,0,0,0,0,0,0,0
4,10018649925317144938,0,0,0,0,0,0,0,0,0,0,0,0,0,0,0,0,0,0,0,0,0,0,327,0,2361,67824,0,0,0,67598,0,0,0,22,327,787,0,0,0,0,224,0,0,0,0,2666,_history_tree_11_updates,2036,0,0,0,0,0,0,5045,2666,0,0,0,7711,0,0,0,0,0,2360,0,0,0,0,0,0,0
4,10018649925317144938,0,0,0,0,0,0,0,0,0,0,0,0,0,0,0,0,0,0,0,0,0,0,985,0,5,8776,0,0,0,8768,0,0,0,21,2653,0,0,0,0,0,8,0,0,0,0,2658,_history_tree_10_removes,3095,0,0,0,0,0,0,2663,2658,0,0,0,5321,0,0,0,0,0,5,0,0,0,0,0,0,0
4,10018649925317144938,0,0,0,0,0,0,0,0,0,0,0,0,0,0,0,0,0,0,0,0,0,0,353,0,2326,65916,0,0,0,65711,0,0,0,20,353,737,0,0,0,0,205,0,0,0,0,2680,_history_tree_10_updates,2063,0,0,0,0,0,0,5006,2680,0,0,0,7686,0,0,0,0,0,2327,0,0,0,0,0,0,0
4,10018649925317144938,0,0,0,0,0,0,0,0,0,0,0,0,0,0,0,0,0,0,0,0,0,0,1013,0,7,9314,0,0,0,9297,0,0,0,19,2621,1,0,0,0,0,17,0,0,0,0,2628,_history_tree_9_removes,3072,0,0,0,0,0,0,2635,2628,0,0,0,5263,0,0,0,0,0,7,0,0,0,0,0,0,0
4,10018649925317144938,0,0,0,0,0,0,0,0,0,0,0,0,0,0,0,0,0,0,0,0,0,0,340,0,2349,67096,0,0,0,66866,0,0,0,18,340,786,0,0,0,0,229,0,0,0,0,2679,_history_tree_9_updates,2020,0,0,0,0,0,0,5036,2679,0,0,0,7718,0,0,0,0,0,2349,0,0,0,0,0,0,0
4,10018649925317144938,0,0,0,0,0,0,0,0,0,0,0,0,0,0,0,0,0,0,0,0,0,0,1057,0,5,9338,0,0,0,9326,0,0,0,17,2633,1,0,0,0,0,12,0,0,0,0,2638,_history_tree_8_removes,3107,0,0,0,0,0,0,2643,2638,0,0,0,5281,0,0,0,0,0,5,0,0,0,0,0,0,0
4,10018649925317144938,0,0,0,0,0,0,0,0,0,0,0,0,0,0,0,0,0,0,0,0,0,0,349,0,2367,67653,0,0,0,67461,0,0,0,16,349,788,0,0,0,0,193,0,0,0,0,2702,_history_tree_8_updates,2059,0,0,0,0,0,0,5081,2702,0,0,0,7783,0,0,0,0,0,2365,0,0,0,0,0,0,0
4,10018649925317144938,0,0,0,0,0,0,0,0,0,0,0,0,0,0,0,0,0,0,0,0,0,0,1056,0,8,9538,0,0,0,9521,0,0,0,15,2629,5,0,0,0,0,17,0,0,0,0,2637,_history_tree_7_removes,3074,0,0,0,0,0,0,2645,2637,0,0,0,5280,0,0,0,0,0,8,0,0,0,0,0,0,0
4,10018649925317144938,0,0,0,0,0,0,0,0,0,0,0,0,0,0,0,0,0,0,0,0,0,0,346,0,2400,68527,0,0,0,68320,0,0,0,14,346,852,0,0,0,0,206,0,0,0,0,2671,_history_tree_7_updates,2010,0,0,0,0,0,0,5143,2670,0,0,0,7813,0,0,0,0,0,2397,0,0,0,0,0,0,0
4,10018649925317144938,0,0,0,0,0,0,0,0,0,0,0,0,0,0,0,0,0,0,0,0,0,0,1016,0,6,9313,0,0,0,9300,0,0,0,13,2668,3,0,0,0,0,14,0,0,0,0,2674,_history_tree_6_removes,3130,0,0,0,0,0,0,2680,2674,0,0,0,5354,0,0,0,0,0,6,0,0,0,0,0,0,0
4,10018649925317144938,0,0,0,0,0,0,0,0,0,0,0,0,0,21520316,22213898,0,0,0,0,0,0,0,402,0,2349,66937,0,0,0,66713,0,0,0,0,402,825,0,0,0,0,223,0,0,0,0,2718,_history_tree_0_updates,2050,0,1474850,0,0,0,0,5101,2718,0,0,0,7819,0,0,0,0,0,2349,0,0,0,0,729277,0,0
4,10018649925317144938,0,0,0,0,0,0,0,0,0,0,0,0,0,0,0,0,0,0,0,0,0,0,971,0,7,9158,0,0,0,9135,0,0,0,1,2611,2,0,0,0,0,23,0,0,0,0,2618,_history_tree_0_removes,3069,0,0,0,0,0,0,2625,2618,0,0,0,5243,0,0,0,0,0,7,0,0,0,0,0,0,0
4,10018649925317144938,0,0,0,0,0,0,0,0,0,0,0,0,0,0,0,0,0,0,0,0,0,0,331,0,2387,68638,0,0,0,68425,0,0,0,2,331,814,0,0,0,0,210,0,0,0,0,2698,_history_tree_1_updates,2024,0,0,0,0,0,0,5105,2698,0,0,0,7803,0,0,0,0,0,2387,0,0,0,0,0,0,0
4,10018649925317144938,0,0,0,0,0,0,0,0,0,0,0,0,0,0,0,0,0,0,0,0,0,0,1038,0,7,9712,0,0,0,9693,0,0,0,3,2631,3,0,0,0,0,19,0,0,0,0,2637,_history_tree_1_removes,3076,0,0,0,0,0,0,2644,2637,0,0,0,5281,0,0,0,0,0,7,0,0,0,0,0,0,0
4,10018649925317144938,0,0,0,0,0,0,0,0,0,0,0,0,0,0,0,0,0,0,0,0,0,0,337,0,2365,67389,0,0,0,67175,0,0,0,4,337,784,0,0,0,0,214,0,0,0,0,2693,_history_tree_2_updates,2046,0,0,0,0,0,0,5067,2693,0,0,0,7758,0,0,0,0,0,2364,0,0,0,0,0,0,0
4,10018649925317144938,0,0,0,0,0,0,0,0,0,0,0,0,0,0,0,0,0,0,0,0,0,0,1007,0,5,9284,0,0,0,9270,0,0,0,5,2641,1,0,0,0,0,14,0,0,0,0,2646,_history_tree_2_removes,3106,0,0,0,0,0,0,2651,2646,0,0,0,5297,0,0,0,0,0,5,0,0,0,0,0,0,0
4,10018649925317144938,0,0,0,0,0,0,0,0,0,0,0,0,0,0,0,0,0,0,0,0,0,0,316,0,2343,66819,0,0,0,66624,0,0,0,6,316,758,0,0,0,0,195,0,0,0,0,2626,_history_tree_3_updates,2023,0,0,0,0,0,0,5001,2626,0,0,0,7627,0,0,0,0,0,2342,0,0,0,0,0,0,0
4,10018649925317144938,0,0,0,0,0,0,0,0,0,0,0,0,0,0,0,0,0,0,0,0,0,0,991,0,3,9160,0,0,0,9141,0,0,0,7,2678,1,0,0,0,0,19,0,0,0,0,2681,_history_tree_3_removes,3119,0,0,0,0,0,0,2684,2681,0,0,0,5365,0,0,0,0,0,3,0,0,0,0,0,0,0
4,10018649925317144938,0,0,0,0,0,0,0,0,0,0,0,0,0,0,0,0,0,0,0,0,0,0,371,0,2365,67258,0,0,0,67039,0,0,0,8,371,831,0,0,0,0,218,0,0,0,0,2720,_history_tree_4_updates,2016,0,0,0,0,0,0,5102,2720,0,0,0,7822,0,0,0,0,0,2366,0,0,0,0,0,0,0
4,10018649925317144938,0,0,0,0,0,0,0,0,0,0,0,0,0,0,0,0,0,0,0,0,0,0,1023,0,6,9082,0,0,0,9072,0,0,0,9,2585,3,0,0,0,0,10,0,0,0,0,2590,_history_tree_4_removes,3027,0,0,0,0,0,0,2596,2589,0,0,0,5184,0,0,0,0,0,6,0,0,0,0,0,0,0
4,10018649925317144938,0,0,0,0,0,0,0,0,0,0,0,0,0,0,0,0,0,0,0,0,0,0,367,0,2371,67639,0,0,0,67411,0,0,0,10,367,827,0,0,0,0,228,0,0,0,0,2713,_history_tree_5_updates,2034,0,0,0,0,0,0,5109,2715,0,0,0,7824,0,0,0,0,0,2371,0,0,0,0,0,0,0
4,10018649925317144938,0,0,0,0,0,0,0,0,0,0,0,0,0,0,0,0,0,0,0,0,0,0,1006,0,7,9325,0,0,0,9310,0,0,0,11,2628,3,0,0,0,0,15,0,0,0,0,2635,_history_tree_5_removes,3092,0,0,0,0,0,0,2642,2635,0,0,0,5277,0,0,0,0,0,7,0,0,0,0,0,0,0
4,10018649925317144938,0,0,0,0,0,0,0,0,0,0,0,0,0,0,0,0,0,0,0,0,0,0,321,0,2330,66708,0,0,0,66514,0,0,0,12,321,766,0,0,0,0,193,0,0,0,0,2584,_history_tree_6_updates,2024,0,0,0,0,0,0,4982,2584,0,0,0,7566,0,0,0,0,0,2331,0,0,0,0,0,0,0
4,10018649925317144938,0,0,0,0,0,0,0,0,0,0,0,0,0,0,0,0,0,0,0,0,0,0,1021,0,7,9556,0,0,0,9543,0,0,0,29,2705,2,0,0,0,0,14,0,0,0,0,2712,_history_tree_14_removes,3196,0,0,0,0,0,0,2719,2712,0,0,0,5431,0,0,0,0,0,7,0,0,0,0,0,0,0
4,10018649925317144938,0,0,0,0,0,0,0,0,0,0,0,0,0,0,0,0,0,0,0,0,0,0,374,0,2338,66706,0,0,0,66472,0,0,0,30,374,786,0,0,0,0,235,0,0,0,0,2681,_history_tree_15_updates,2052,0,0,0,0,0,0,5049,2681,0,0,0,7731,0,0,0,0,0,2337,0,0,0,0,0,0,0
4,10018649925317144938,0,0,0,0,0,0,0,0,0,0,0,0,0,0,0,0,0,0,0,0,0,0,935,0,9,9084,0,0,0,9071,0,0,0,31,2599,2,0,0,0,0,13,0,0,0,0,2608,_history_tree_15_removes,3050,0,0,0,0,0,0,2617,2608,0,0,0,5225,0,0,0,0,0,9,0,0,0,0,0,0,0
4,10018649925317144938,0,0,0,0,0,0,0,0,0,0,0,0,0,0,0,0,0,0,0,0,0,0,350,0,2370,67852,0,0,0,67632,0,0,0,32,350,816,0,0,0,0,217,0,0,0,0,2711,_history_tree_16_updates,2037,0,0,0,0,0,0,5091,2711,0,0,0,7802,0,0,0,0,0,2371,0,0,0,0,0,0,0
4,10018649925317144938,0,0,0,0,0,0,0,0,0,0,0,0,0,0,0,0,0,0,0,0,0,0,1088,0,4,9478,0,0,0,9464,0,0,0,33,2648,1,0,0,0,0,14,0,0,0,0,2652,_history_tree_16_removes,3134,0,0,0,0,0,0,2656,2652,0,0,0,5307,0,0,0,0,0,4,0,0,0,0,0,0,0
4,10018649925317144938,0,0,0,0,0,0,0,0,0,0,0,0,0,0,0,0,0,0,0,0,0,0,320,0,2341,66420,0,0,0,66209,0,0,0,34,320,914,0,0,0,0,210,0,0,0,0,2465,_history_tree_17_updates,1866,0,0,0,0,0,0,5000,2465,0,0,0,7465,0,0,0,0,0,2339,0,0,0,0,0,0,0
4,10018649925317144938,0,0,0,0,0,0,0,0,0,0,0,0,0,0,0,0,0,0,0,0,0,0,854,0,17,9068,0,0,0,9057,0,0,0,35,2483,10,0,0,0,0,11,0,0,0,0,2500,_history_tree_17_removes,2923,0,0,0,0,0,0,2517,2500,0,0,0,5017,0,0,0,0,0,17,0,0,0,0,0,0,0
4,10018649925317144938,0,0,0,0,0,0,0,0,0,0,0,0,0,0,0,0,0,0,0,0,0,0,343,0,2379,68050,0,0,0,67818,0,0,0,36,343,820,0,0,0,0,231,0,0,0,0,2718,_history_tree_18_updates,2018,0,0,0,0,0,0,5100,2718,0,0,0,7818,0,0,0,0,0,2378,0,0,0,0,0,0,0
4,10018649925317144938,0,0,0,0,0,0,0,0,0,0,0,0,0,0,0,0,0,0,0,0,0,0,1026,0,4,9483,0,0,0,9472,0,0,0,37,2581,0,0,0,0,0,11,0,0,0,0,2585,_history_tree_18_removes,3016,0,0,0,0,0,0,2589,2585,0,0,0,5174,0,0,0,0,0,4,0,0,0,0,0,0,0
4,10018649925317144938,0,0,0,0,0,0,0,0,0,0,0,0,0,0,0,0,0,0,0,0,0,0,330,0,2377,67664,0,0,0,67445,0,0,0,38,330,790,0,0,0,0,221,0,0,0,0,2680,_history_tree_19_updates,2071,0,0,0,0,0,0,5082,2680,0,0,0,7762,0,0,0,0,0,2375,0,0,0,0,0,0,0
4,10018649925317144938,0,0,0,0,0,0,0,0,0,0,0,0,0,0,0,0,0,0,0,0,0,0,963,0,7,9133,0,0,0,9115,0,0,0,39,2613,3,0,0,0,0,18,0,0,0,0,2620,_history_tree_19_removes,3088,0,0,0,0,0,0,2627,2620,0,0,0,5247,0,0,0,0,0,7,0,0,0,0,0,0,0
4,10018649925317144938,49877,0,0,0,0,0,46110,0,0,0,0,0,0,0,0,0,0,0,0,0,0,0,0,0,2,299864,0,0,0,98028,0,0,0,40,0,0,0,0,0,0,2149,0,0,95986,0,0,warehouse,0,0,0,0,0,0,0,2,0,0,0,0,2,198661,0,0,198661,2,0,0,0,0,95986,0,0,0
4,10018649925317144938,0,0,0,0,0,0,0,0,0,0,0,0,0,0,0,0,0,0,0,0,0,0,0,0,0,0,0,0,0,0,0,0,0,41,0,0,0,0,0,0,0,0,0,0,0,0,_warehouse_graveyard,0,0,0,0,0,0,0,0,0,0,0,0,0,0,0,0,0,0,0,0,0,0,0,0,0,0
4,10018649925317144938,98722,0,0,0,0,0,96724,0,0,0,0,0,0,0,0,0,0,0,0,0,0,0,0,0,3,303745,0,0,0,197727,0,0,0,42,0,0,0,0,0,0,1044,0,0,195441,0,0,district,0,0,0,0,0,0,0,3,0,0,0,0,3,104904,0,0,104902,3,0,0,0,0,195433,0,0,0
4,10018649925317144938,0,0,0,0,0,0,0,0,0,0,0,0,0,0,0,0,0,0,0,0,0,0,0,0,0,0,0,0,0,0,0,0,0,43,0,0,0,0,0,0,0,0,0,0,0,0,_district_graveyard,0,0,0,0,0,0,0,0,0,0,0,0,0,0,0,0,0,0,0,0,0,0,0,0,0,0
4,10018649925317144938,63750,0,0,0,0,0,60753,0,0,0,0,0,0,0,0,0,0,0,0,0,0,0,0,0,0,803769,0,0,0,124502,0,0,0,44,0,0,0,0,0,0,2,0,0,124501,0,0,customer,0,0,0,0,0,0,0,0,0,0,0,0,0,143420,0,0,143422,0,0,0,0,0,124504,0,0,0
4,10018649925317144938,0,0,0,0,0,0,0,0,0,0,0,0,0,0,0,0,0,0,0,0,0,0,0,0,0,0,0,0,0,0,0,0,0,45,0,0,0,0,0,0,0,0,0,0,0,0,_customer_graveyard,0,0,0,0,0,0,0,0,0,0,0,0,0,0,0,0,0,0,0,0,0,0,0,0,0,0
4,10018649925317144938,0,0,0,0,0,0,0,0,0,0,0,0,0,0,0,0,0,0,0,0,0,0,0,0,0,186342,0,0,0,0,0,0,0,46,0,0,0,0,0,0,62110,0,0,0,0,0,customerwdl,0,0,0,0,0,0,0,0,0,0,0,62112,0,62113,0,0,62111,0,0,0,0,0,0,0,0,0
4,10018649925317144938,0,0,0,0,0,0,0,0,0,0,0,0,0,0,0,0,0,0,0,0,0,0,0,0,0,0,0,0,0,0,0,0,0,47,0,0,0,0,0,0,0,0,0,0,0,0,_customerwdl_graveyard,0,0,0,0,0,0,0,0,0,0,0,0,0,0,0,0,0,0,0,0,0,0,0,0,0,0
4,10018649925317144938,0,0,0,0,0,0,0,0,0,0,0,0,0,0,0,0,0,0,0,0,0,0,0,0,2266,121227,0,0,0,40409,0,0,0,48,0,0,0,0,0,0,0,0,0,0,0,0,history,0,0,0,0,0,0,0,2292,0,0,0,0,2292,0,0,0,0,0,0,0,0,0,0,0,0,0
4,10018649925317144938,0,0,0,0,0,0,0,0,0,0,0,0,0,0,0,0,0,0,0,0,0,0,0,0,0,0,0,0,0,0,0,0,0,49,0,0,0,0,0,0,0,0,0,0,0,0,_history_graveyard,0,0,0,0,0,0,0,0,0,0,0,0,0,0,0,0,0,0,0,0,0,0,0,0,0,0
4,10018649925317144938,43203,86340,0,86340,0,0,43114,0,0,0,0,0,0,0,0,0,0,0,0,0,0,0,71553,0,2107,1105736,0,0,0,275624,0,10626,0,50,485,0,0,0,0,0,92930,0,0,0,0,0,neworder,88470,10626,0,0,0,0,0,4642,108,3,0,86603,4642,97229,0,0,97228,0,2049,0,0,0,0,0,0,0
4,10018649925317144938,0,0,0,0,0,0,0,0,0,0,0,0,0,0,0,0,0,0,0,0,0,0,0,0,0,0,0,0,0,0,0,0,0,51,0,0,0,0,0,0,0,0,0,0,0,0,_neworder_graveyard,0,0,0,0,0,0,0,0,0,0,0,0,0,0,0,0,0,0,0,0,0,0,0,0,0,0
4,10018649925317144938,43707,0,0,0,0,0,42586,0,0,0,0,0,0,0,0,0,0,0,0,0,0,0,0,0,4346,843534,0,0,0,191213,0,0,0,52,0,0,0,0,0,0,0,0,0,86294,0,0,order,0,0,0,0,0,0,0,4347,0,0,0,0,4348,89965,0,0,89966,0,0,0,0,0,86294,0,0,0
4,10018649925317144938,0,0,0,0,0,0,0,0,0,0,0,0,0,0,0,0,0,0,0,0,0,0,0,0,0,0,0,0,0,0,0,0,0,53,0,0,0,0,0,0,0,0,0,0,0,0,_order_graveyard,0,0,0,0,0,0,0,0,0,0,0,0,0,0,0,0,0,0,0,0,0,0,0,0,0,0
4,10018649925317144938,0,0,0,0,0,0,0,0,0,0,0,0,0,0,0,0,3674,0,0,0,0,0,0,0,1409,316959,0,0,0,101977,0,0,0,54,0,0,0,0,0,0,3674,0,0,0,0,0,order_wdc,0,0,0,0,0,0,0,1413,0,0,0,0,1413,3674,0,0,3674,0,0,0,0,0,0,0,0,0
4,10018649925317144938,0,0,0,0,0,0,0,0,0,0,0,0,0,0,0,0,0,0,0,0,0,0,0,0,0,0,0,0,0,0,0,0,0,55,0,0,0,0,0,0,0,0,0,0,0,0,_order_wdc_graveyard,0,0,0,0,0,0,0,0,0,0,0,0,0,0,0,0,0,0,0,0,0,0,0,0,0,0
4,10018649925317144938,414580,0,0,0,0,0,405492,0,0,0,0,0,0,0,0,0,0,0,0,0,0,0,100241,0,59776,7573447,0,0,0,1880687,0,908,0,56,0,0,0,0,0,0,12670,0,0,820015,0,0,orderline,1820951,908,0,0,0,0,0,60683,0,0,0,12604,60686,1833651,0,0,1833693,0,0,0,0,0,819986,0,0,0
4,10018649925317144938,0,0,0,0,0,0,0,0,0,0,0,0,0,0,0,0,0,0,0,0,0,0,0,0,0,0,0,0,0,0,0,0,0,57,0,0,0,0,0,0,0,0,0,0,0,0,_orderline_graveyard,0,0,0,0,0,0,0,0,0,0,0,0,0,0,0,0,0,0,0,0,0,0,0,0,0,0
4,10018649925317144938,0,0,0,0,0,0,0,0,0,0,0,0,0,0,0,0,0,0,0,0,0,0,0,0,0,2001459,0,0,0,0,0,0,0,58,0,0,0,0,0,0,0,0,0,0,0,0,item,0,0,0,0,0,0,0,0,0,0,0,0,0,1000696,0,0,1000686,0,0,0,0,0,0,0,0,0
5,10018649925317144938,0,0,0,0,0,0,0,0,0,0,0,0,0,0,0,0,0,0,0,0,0,0,0,0,0,0,0,0,0,0,0,0,0,61,0,0,0,0,0,0,0,0,0,0,0,0,_stock_graveyard,0,0,0,0,0,0,0,0,0,0,0,0,0,0,0,0,0,0,0,0,0,0,0,0,0,0
5,10018649925317144938,518430,0,0,0,0,0,505271,0,0,0,0,0,0,0,0,0,0,0,0,0,0,0,0,0,0,15644718,0,0,0,1025098,0,0,0,60,0,0,0,0,0,0,1156,0,0,1023672,0,0,stock,0,0,0,0,0,0,0,0,0,0,0,0,0,2884836,0,0,2884823,0,0,0,0,0,1023669,0,0,0
5,10018649925317144938,0,0,0,0,0,0,0,0,0,0,0,0,0,0,0,0,0,0,0,0,0,0,0,0,0,0,0,0,0,0,0,0,0,59,0,0,0,0,0,0,0,0,0,0,0,0,_item_graveyard,0,0,0,0,0,0,0,0,0,0,0,0,0,0,0,0,0,0,0,0,0,0,0,0,0,0
5,10018649925317144938,0,0,0,0,0,0,0,0,0,0,0,0,0,0,0,0,0,0,0,0,0,0,336,0,2400,68572,0,0,0,68351,0,0,0,28,336,810,0,0,0,0,220,0,0,0,0,2719,_history_tree_14_updates,2077,0,0,0,0,0,0,5150,2719,0,0,0,7869,0,0,0,0,0,2414,0,0,0,0,0,0,0
5,10018649925317144938,0,0,0,0,0,0,0,0,0,0,0,0,0,0,0,0,0,0,0,0,0,0,1056,0,7,9324,0,0,0,9310,0,0,0,27,2706,0,0,0,0,0,14,0,0,0,0,2711,_history_tree_13_removes,3162,0,0,0,0,0,0,2718,2711,0,0,0,5429,0,0,0,0,0,5,0,0,0,0,0,0,0
5,10018649925317144938,0,0,0,0,0,0,0,0,0,0,0,0,0,0,0,0,0,0,0,0,0,0,361,0,2427,69020,0,0,0,68805,0,0,0,26,361,771,0,0,0,0,214,0,0,0,0,2734,_history_tree_13_updates,2087,0,0,0,0,0,0,5173,2734,0,0,0,7907,0,0,0,0,0,2385,0,0,0,0,0,0,0
5,10018649925317144938,0,0,0,0,0,0,0,0,0,0,0,0,0,0,0,0,0,0,0,0,0,0,1085,0,7,9612,0,0,0,9590,0,0,0,25,2665,0,0,0,0,0,22,0,0,0,0,2670,_history_tree_12_removes,3171,0,0,0,0,0,0,2677,2670,0,0,0,5347,0,0,0,0,0,5,0,0,0,0,0,0,0
5,10018649925317144938,0,0,0,0,0,0,0,0,0,0,0,0,0,0,0,0,0,0,0,0,0,0,365,0,2429,69498,0,0,0,69298,0,0,0,24,365,782,0,0,0,0,198,0,0,0,0,2744,_history_tree_12_updates,2106,0,0,0,0,0,0,5173,2744,0,0,0,7917,0,0,0,0,0,2379,0,0,0,0,0,0,0
5,10018649925317144938,0,0,0,0,0,0,0,0,0,0,0,0,0,0,0,0,0,0,0,0,0,0,1090,0,5,9633,0,0,0,9613,0,0,0,23,2722,0,0,0,0,0,20,0,0,0,0,2726,_history_tree_11_removes,3199,0,0,0,0,0,0,2731,2726,0,0,0,5457,0,0,0,0,0,4,0,0,0,0,0,0,0
5,10018649925317144938,0,0,0,0,0,0,0,0,0,0,0,0,0,0,0,0,0,0,0,0,0,0,379,0,2431,69526,0,0,0,69309,0,0,0,22,379,783,0,0,0,0,216,0,0,0,0,2777,_history_tree_11_updates,2127,0,0,0,0,0,0,5208,2777,0,0,0,7985,0,0,0,0,0,2396,0,0,0,0,0,0,0
5,10018649925317144938,0,0,0,0,0,0,0,0,0,0,0,0,0,0,0,0,0,0,0,0,0,0,980,0,13,9430,0,0,0,9410,0,0,0,21,2605,4,0,0,0,0,20,0,0,0,0,2617,_history_tree_10_removes,3080,0,0,0,0,0,0,2630,2617,0,0,0,5247,0,0,0,0,0,12,0,0,0,0,0,0,0
5,10018649925317144938,0,0,0,0,0,0,0,0,0,0,0,0,0,0,0,0,0,0,0,0,0,0,406,0,2421,69096,0,0,0,68869,0,0,0,20,406,827,0,0,0,0,223,0,0,0,0,2731,_history_tree_10_updates,2102,0,0,0,0,0,0,5216,2731,0,0,0,7947,0,0,0,0,0,2389,0,0,0,0,0,0,0
5,10018649925317144938,0,0,0,0,0,0,0,0,0,0,0,0,0,0,0,0,0,0,0,0,0,0,1111,0,7,9886,0,0,0,9873,0,0,0,19,2681,2,0,0,0,0,13,0,0,0,0,2686,_history_tree_9_removes,3135,0,0,0,0,0,0,2693,2686,0,0,0,5379,0,0,0,0,0,5,0,0,0,0,0,0,0
5,10018649925317144938,0,0,0,0,0,0,0,0,0,0,0,0,0,0,0,0,0,0,0,0,0,0,329,0,2445,70221,0,0,0,70006,0,0,0,18,329,819,0,0,0,0,214,0,0,0,0,2731,_history_tree_9_updates,2029,0,0,0,0,0,0,5185,2731,0,0,0,7913,0,0,0,0,0,2409,0,0,0,0,0,0,0
5,10018649925317144938,0,0,0,0,0,0,0,0,0,0,0,0,0,0,0,0,0,0,0,0,0,0,1041,0,5,9263,0,0,0,9252,0,0,0,17,2701,1,0,0,0,0,11,0,0,0,0,2706,_history_tree_8_removes,3166,0,0,0,0,0,0,2711,2706,0,0,0,5417,0,0,0,0,0,5,0,0,0,0,0,0,0
5,10018649925317144938,0,0,0,0,0,0,0,0,0,0,0,0,0,0,0,0,0,0,0,0,0,0,333,0,2398,68254,0,0,0,68047,0,0,0,16,333,777,0,0,0,0,204,0,0,0,0,2696,_history_tree_8_updates,2076,0,0,0,0,0,0,5109,2696,0,0,0,7805,0,0,0,0,0,2379,0,0,0,0,0,0,0
5,10018649925317144938,0,0,0,0,0,0,0,0,0,0,0,0,0,0,0,0,0,0,0,0,0,0,1085,0,9,9864,0,0,0,9849,0,0,0,15,2675,5,0,0,0,0,15,0,0,0,0,2684,_history_tree_7_removes,3141,0,0,0,0,0,0,2693,2684,0,0,0,5377,0,0,0,0,0,9,0,0,0,0,0,0,0
5,10018649925317144938,0,0,0,0,0,0,0,0,0,0,0,0,0,0,0,0,0,0,0,0,0,0,314,0,2404,68917,0,0,0,68709,0,0,0,14,314,806,0,0,0,0,207,0,0,0,0,2652,_history_tree_7_updates,2021,0,0,0,0,0,0,5122,2652,0,0,0,7774,0,0,0,0,0,2404,0,0,0,0,0,0,0
5,10018649925317144938,0,0,0,0,0,0,0,0,0,0,0,0,0,0,0,0,0,0,0,0,0,0,994,0,8,9168,0,0,0,9156,0,0,0,13,2684,4,0,0,0,0,11,0,0,0,0,2690,_history_tree_6_removes,3157,0,0,0,0,0,0,2698,2690,0,0,0,5388,0,0,0,0,0,6,0,0,0,0,0,0,0
5,10018649925317144938,0,0,0,0,0,0,0,0,0,0,0,0,0,22068316,22784112,0,0,0,0,0,0,0,313,0,2429,69654,0,0,0,69406,0,0,0,0,313,771,0,0,0,0,246,0,0,0,0,2693,_history_tree_0_updates,2052,0,1509489,0,0,0,0,5121,2693,0,0,0,7814,0,0,0,0,0,2380,0,0,0,0,678669,0,0
5,10018649925317144938,0,0,0,0,0,0,0,0,0,0,0,0,0,0,0,0,0,0,0,0,0,0,1048,0,7,9714,0,0,0,9695,0,0,0,1,2667,1,0,0,0,0,19,0,0,0,0,2672,_history_tree_0_removes,3135,0,0,0,0,0,0,2679,2672,0,0,0,5351,0,0,0,0,0,5,0,0,0,0,0,0,0
5,10018649925317144938,0,0,0,0,0,0,0,0,0,0,0,0,0,0,0,0,0,0,0,0,0,0,334,0,2401,68593,0,0,0,68369,0,0,0,2,334,816,0,0,0,0,224,0,0,0,0,2710,_history_tree_1_updates,2038,0,0,0,0,0,0,5128,2710,0,0,0,7838,0,0,0,0,0,2393,0,0,0,0,0,0,0
5,10018649925317144938,0,0,0,0,0,0,0,0,0,0,0,0,0,0,0,0,0,0,0,0,0,0,1033,0,4,9484,0,0,0,9474,0,0,0,3,2698,0,0,0,0,0,10,0,0,0,0,2702,_history_tree_1_removes,3162,0,0,0,0,0,0,2706,2702,0,0,0,5408,0,0,0,0,0,4,0,0,0,0,0,0,0
5,10018649925317144938,0,0,0,0,0,0,0,0,0,0,0,0,0,0,0,0,0,0,0,0,0,0,346,0,2416,69413,0,0,0,69192,0,0,0,4,346,781,0,0,0,0,219,0,0,0,0,2737,_history_tree_2_updates,2072,0,0,0,0,0,0,5153,2737,0,0,0,7890,0,0,0,0,0,2391,0,0,0,0,0,0,0
5,10018649925317144938,0,0,0,0,0,0,0,0,0,0,0,0,0,0,0,0,0,0,0,0,0,0,1106,0,6,9788,0,0,0,9773,0,0,0,5,2673,1,0,0,0,0,15,0,0,0,0,2678,_history_tree_2_removes,3164,0,0,0,0,0,0,2684,2678,0,0,0,5362,0,0,0,0,0,5,0,0,0,0,0,0,0
5,10018649925317144938,0,0,0,0,0,0,0,0,0,0,0,0,0,0,0,0,0,0,0,0,0,0,383,0,2424,69287,0,0,0,69061,0,0,0,6,383,817,0,0,0,0,226,0,0,0,0,2729,_history_tree_3_updates,2072,0,0,0,0,0,0,5200,2729,0,0,0,7929,0,0,0,0,0,2393,0,0,0,0,0,0,0
5,10018649925317144938,0,0,0,0,0,0,0,0,0,0,0,0,0,0,0,0,0,0,0,0,0,0,1033,0,9,9587,0,0,0,9580,0,0,0,7,2644,4,0,0,0,0,7,0,0,0,0,2653,_history_tree_3_removes,3096,0,0,0,0,0,0,2662,2653,0,0,0,5315,0,0,0,0,0,9,0,0,0,0,0,0,0
5,10018649925317144938,0,0,0,0,0,0,0,0,0,0,0,0,0,0,0,0,0,0,0,0,0,0,363,0,2390,68189,0,0,0,67949,0,0,0,8,364,778,0,0,0,0,240,0,0,0,0,2730,_history_tree_4_updates,2110,0,0,0,0,0,0,5143,2730,0,0,0,7873,0,0,0,0,0,2389,0,0,0,0,0,0,0
5,10018649925317144938,0,0,0,0,0,0,0,0,0,0,0,0,0,0,0,0,0,0,0,0,0,0,1051,0,8,9324,0,0,0,9304,0,0,0,9,2692,3,0,0,0,0,20,0,0,0,0,2700,_history_tree_4_removes,3171,0,0,0,0,0,0,2708,2700,0,0,0,5408,0,0,0,0,0,8,0,0,0,0,0,0,0
5,10018649925317144938,0,0,0,0,0,0,0,0,0,0,0,0,0,0,0,0,0,0,0,0,0,0,322,0,2370,67395,0,0,0,67167,0,0,0,10,322,737,0,0,0,0,227,0,0,0,0,2660,_history_tree_5_updates,2074,0,0,0,0,0,0,5047,2658,0,0,0,7705,0,0,0,0,0,2355,0,0,0,0,0,0,0
5,10018649925317144938,0,0,0,0,0,0,0,0,0,0,0,0,0,0,0,0,0,0,0,0,0,0,988,0,4,8992,0,0,0,8984,0,0,0,11,2696,2,0,0,0,0,8,0,0,0,0,2700,_history_tree_5_removes,3148,0,0,0,0,0,0,2704,2700,0,0,0,5404,0,0,0,0,0,4,0,0,0,0,0,0,0
5,10018649925317144938,0,0,0,0,0,0,0,0,0,0,0,0,0,0,0,0,0,0,0,0,0,0,339,0,2426,69009,0,0,0,68751,0,0,0,12,339,767,0,0,0,0,252,0,0,0,0,2634,_history_tree_6_updates,2060,0,0,0,0,0,0,5130,2634,0,0,0,7764,0,0,0,0,0,2365,0,0,0,0,0,0,0
5,10018649925317144938,0,0,0,0,0,0,0,0,0,0,0,0,0,0,0,0,0,0,0,0,0,0,1064,0,5,9499,0,0,0,9479,0,0,0,29,2752,2,0,0,0,0,19,0,0,0,0,2757,_history_tree_14_removes,3217,0,0,0,0,0,0,2762,2757,0,0,0,5519,0,0,0,0,0,5,0,0,0,0,0,0,0
5,10018649925317144938,0,0,0,0,0,0,0,0,0,0,0,0,0,0,0,0,0,0,0,0,0,0,387,0,2426,69459,0,0,0,69233,0,0,0,30,387,810,0,0,0,0,224,0,0,0,0,2732,_history_tree_15_updates,2071,0,0,0,0,0,0,5184,2732,0,0,0,7915,0,0,0,0,0,2371,0,0,0,0,0,0,0
5,10018649925317144938,0,0,0,0,0,0,0,0,0,0,0,0,0,0,0,0,0,0,0,0,0,0,1050,0,11,9684,0,0,0,9667,0,0,0,31,2626,4,0,0,0,0,17,0,0,0,0,2635,_history_tree_15_removes,3096,0,0,0,0,0,0,2646,2635,0,0,0,5281,0,0,0,0,0,9,0,0,0,0,0,0,0
5,10018649925317144938,0,0,0,0,0,0,0,0,0,0,0,0,0,0,0,0,0,0,0,0,0,0,372,0,2407,69101,0,0,0,68875,0,0,0,32,372,798,0,0,0,0,226,0,0,0,0,2751,_history_tree_16_updates,2103,0,0,0,0,0,0,5169,2751,0,0,0,7920,0,0,0,0,0,2390,0,0,0,0,0,0,0
5,10018649925317144938,0,0,0,0,0,0,0,0,0,0,0,0,0,0,0,0,0,0,0,0,0,0,1037,0,6,9675,0,0,0,9664,0,0,0,33,2683,2,0,0,0,0,11,0,0,0,0,2689,_history_tree_16_removes,3164,0,0,0,0,0,0,2695,2689,0,0,0,5384,0,0,0,0,0,6,0,0,0,0,0,0,0
5,10018649925317144938,0,0,0,0,0,0,0,0,0,0,0,0,0,0,0,0,0,0,0,0,0,0,363,0,2402,68485,0,0,0,68279,0,0,0,34,363,906,0,0,0,0,207,0,0,0,0,2487,_history_tree_17_updates,1929,0,0,0,0,0,0,5092,2487,0,0,0,7579,0,0,0,0,0,2327,0,0,0,0,0,0,0
5,10018649925317144938,0,0,0,0,0,0,0,0,0,0,0,0,0,0,0,0,0,0,0,0,0,0,925,0,20,9446,0,0,0,9432,0,0,0,35,2496,11,0,0,0,0,14,0,0,0,0,2513,_history_tree_17_removes,2966,0,0,0,0,0,0,2533,2513,0,0,0,5046,0,0,0,0,0,17,0,0,0,0,0,0,0
5,10018649925317144938,0,0,0,0,0,0,0,0,0,0,0,0,0,0,0,0,0,0,0,0,0,0,323,0,2419,69472,0,0,0,69271,0,0,0,36,323,793,0,0,0,0,200,0,0,0,0,2712,_history_tree_18_updates,2034,0,0,0,0,0,0,5138,2712,0,0,0,7850,0,0,0,0,0,2396,0,0,0,0,0,0,0
5,10018649925317144938,0,0,0,0,0,0,0,0,0,0,0,0,0,0,0,0,0,0,0,0,0,0,1102,0,8,9798,0,0,0,9782,0,0,0,37,2634,3,0,0,0,0,16,0,0,0,0,2641,_history_tree_18_removes,3087,0,0,0,0,0,0,2649,2641,0,0,0,5290,0,0,0,0,0,7,0,0,0,0,0,0,0
5,10018649925317144938,0,0,0,0,0,0,0,0,0,0,0,0,0,0,0,0,0,0,0,0,0,0,380,0,2353,66791,0,0,0,66571,0,0,0,38,380,753,0,0,0,0,218,0,0,0,0,2665,_history_tree_19_updates,2113,0,0,0,0,0,0,5087,2665,0,0,0,7752,0,0,0,0,0,2354,0,0,0,0,0,0,0
5,10018649925317144938,0,0,0,0,0,0,0,0,0,0,0,0,0,0,0,0,0,0,0,0,0,0,991,0,8,9047,0,0,0,9035,0,0,0,39,2758,6,0,0,0,0,12,0,0,0,0,2766,_history_tree_19_removes,3188,0,0,0,0,0,0,2774,2766,0,0,0,5540,0,0,0,0,0,8,0,0,0,0,0,0,0
5,10018649925317144938,50889,0,0,0,0,0,46750,0,0,0,0,0,0,0,0,0,0,0,0,0,0,0,0,0,1,304795,0,0,0,99788,0,0,0,40,0,0,0,0,0,0,2198,0,0,97638,0,0,warehouse,0,0,0,0,0,0,0,1,0,0,0,0,1,201754,0,0,201752,1,0,0,0,0,97635,0,0,0
5,10018649925317144938,0,0,0,0,0,0,0,0,0,0,0,0,0,0,0,0,0,0,0,0,0,0,0,0,0,0,0,0,0,0,0,0,0,41,0,0,0,0,0,0,0,0,0,0,0,0,_warehouse_graveyard,0,0,0,0,0,0,0,0,0,0,0,0,0,0,0,0,0,0,0,0,0,0,0,0,0,0
5,10018649925317144938,99700,0,0,0,0,0,98830,0,0,0,0,0,0,0,0,0,0,0,0,0,0,0,0,0,0,308713,0,0,0,200728,0,0,0,42,0,0,0,0,0,0,1045,0,0,198507,0,0,district,0,0,0,0,0,0,0,0,0,0,0,0,0,106871,0,0,106871,0,0,0,0,0,198493,0,0,0
5,10018649925317144938,0,0,0,0,0,0,0,0,0,0,0,0,0,0,0,0,0,0,0,0,0,0,0,0,0,0,0,0,0,0,0,0,0,43,0,0,0,0,0,0,0,0,0,0,0,0,_district_graveyard,0,0,0,0,0,0,0,0,0,0,0,0,0,0,0,0,0,0,0,0,0,0,0,0,0,0
5,10018649925317144938,65464,0,0,0,0,0,62100,0,0,0,0,0,0,0,0,0,0,0,0,0,0,0,0,0,0,819231,0,0,0,127559,0,0,0,44,0,0,0,0,0,0,1,0,0,127557,0,0,customer,0,0,0,0,0,0,0,0,0,0,0,0,0,145504,0,0,145502,0,0,0,0,0,127551,0,0,0
5,10018649925317144938,0,0,0,0,0,0,0,0,0,0,0,0,0,0,0,0,0,0,0,0,0,0,0,0,0,0,0,0,0,0,0,0,0,45,0,0,0,0,0,0,0,0,0,0,0,0,_customer_graveyard,0,0,0,0,0,0,0,0,0,0,0,0,0,0,0,0,0,0,0,0,0,0,0,0,0,0
5,10018649925317144938,0,0,0,0,0,0,0,0,0,0,0,0,0,0,0,0,0,0,0,0,0,0,0,0,0,189030,0,0,0,0,0,0,0,46,0,0,0,0,0,0,63010,0,0,0,0,0,customerwdl,0,0,0,0,0,0,0,0,0,0,0,63008,0,63007,0,0,63007,0,0,0,0,0,0,0,0,0
5,10018649925317144938,0,0,0,0,0,0,0,0,0,0,0,0,0,0,0,0,0,0,0,0,0,0,0,0,0,0,0,0,0,0,0,0,0,47,0,0,0,0,0,0,0,0,0,0,0,0,_customerwdl_graveyard,0,0,0,0,0,0,0,0,0,0,0,0,0,0,0,0,0,0,0,0,0,0,0,0,0,0
5,10018649925317144938,0,0,0,0,0,0,0,0,0,0,0,0,0,0,0,0,0,0,0,0,0,0,0,0,2324,123918,0,0,0,41306,0,0,0,48,0,0,0,0,0,0,0,0,0,0,0,0,history,0,0,0,0,0,0,0,2355,0,0,0,0,2355,0,0,0,0,0,0,0,0,0,0,0,0,0
5,10018649925317144938,0,0,0,0,0,0,0,0,0,0,0,0,0,0,0,0,0,0,0,0,0,0,0,0,0,0,0,0,0,0,0,0,0,49,0,0,0,0,0,0,0,0,0,0,0,0,_history_graveyard,0,0,0,0,0,0,0,0,0,0,0,0,0,0,0,0,0,0,0,0,0,0,0,0,0,0
5,10018649925317144938,44304,87460,0,87460,0,0,44191,0,0,0,0,0,0,0,0,0,0,0,0,0,0,0,70992,0,2129,1132620,0,0,0,280312,0,12104,0,50,741,0,0,0,0,0,97174,0,0,0,0,0,neworder,91453,12104,0,0,0,0,0,4903,178,3,0,88774,4904,100878,0,0,100877,0,2030,0,0,0,0,0,0,0
5,10018649925317144938,0,0,0,0,0,0,0,0,0,0,0,0,0,0,0,0,0,0,0,0,0,0,0,0,0,0,0,0,0,0,0,0,0,51,0,0,0,0,0,0,0,0,0,0,0,0,_neworder_graveyard,0,0,0,0,0,0,0,0,0,0,0,0,0,0,0,0,0,0,0,0,0,0,0,0,0,0
5,10018649925317144938,44614,0,0,0,0,0,43849,0,0,0,0,0,0,0,0,0,0,0,0,0,0,0,0,0,4438,860724,0,0,0,194822,0,0,0,52,0,0,0,0,0,0,0,0,0,88457,0,0,order,0,0,0,0,0,0,0,4446,0,0,0,0,4445,92078,0,0,92077,0,0,0,0,0,88452,0,0,0
5,10018649925317144938,0,0,0,0,0,0,0,0,0,0,0,0,0,0,0,0,0,0,0,0,0,0,0,0,0,0,0,0,0,0,0,0,0,53,0,0,0,0,0,0,0,0,0,0,0,0,_order_graveyard,0,0,0,0,0,0,0,0,0,0,0,0,0,0,0,0,0,0,0,0,0,0,0,0,0,0
5,10018649925317144938,0,0,0,0,0,0,0,0,0,0,0,0,0,0,0,0,3620,0,0,0,0,0,0,0,1447,320904,0,0,0,103347,0,0,0,54,0,0,0,0,0,0,3620,0,0,0,0,0,order_wdc,0,0,0,0,0,0,0,1449,0,0,0,0,1449,3620,0,0,3620,0,0,0,0,0,0,0,0,0
5,10018649925317144938,0,0,0,0,0,0,0,0,0,0,0,0,0,0,0,0,0,0,0,0,0,0,0,0,0,0,0,0,0,0,0,0,0,55,0,0,0,0,0,0,0,0,0,0,0,0,_order_wdc_graveyard,0,0,0,0,0,0,0,0,0,0,0,0,0,0,0,0,0,0,0,0,0,0,0,0,0,0
5,10018649925317144938,424559,0,0,0,0,0,415079,0,0,0,0,0,0,0,0,0,0,0,0,0,0,0,103438,0,60404,7710398,0,0,0,1914663,0,807,0,56,0,0,0,0,0,0,12921,0,0,839618,0,0,orderline,1881494,807,0,0,0,0,0,61122,0,0,0,12858,61120,1894237,0,0,1894195,0,0,0,0,0,839599,0,0,0
5,10018649925317144938,0,0,0,0,0,0,0,0,0,0,0,0,0,0,0,0,0,0,0,0,0,0,0,0,0,0,0,0,0,0,0,0,0,57,0,0,0,0,0,0,0,0,0,0,0,0,_orderline_graveyard,0,0,0,0,0,0,0,0,0,0,0,0,0,0,0,0,0,0,0,0,0,0,0,0,0,0
5,10018649925317144938,0,0,0,0,0,0,0,0,0,0,0,0,0,0,0,0,0,0,0,0,0,0,0,0,0,2028891,0,0,0,0,0,0,0,58,0,0,0,0,0,0,0,0,0,0,0,0,item,0,0,0,0,0,0,0,0,0,0,0,0,0,1014377,0,0,1014371,0,0,0,0,0,0,0,0,0
6,10018649925317144938,0,0,0,0,0,0,0,0,0,0,0,0,0,0,0,0,0,0,0,0,0,0,0,0,0,0,0,0,0,0,0,0,0,61,0,0,0,0,0,0,0,0,0,0,0,0,_stock_graveyard,0,0,0,0,0,0,0,0,0,0,0,0,0,0,0,0,0,0,0,0,0,0,0,0,0,0
6,10018649925317144938,511359,0,0,0,0,0,498906,0,0,0,0,0,0,0,0,0,0,0,0,0,0,0,0,0,0,15354264,0,0,0,1011523,0,0,0,60,0,0,0,0,0,0,1156,0,0,1010327,0,0,stock,0,0,0,0,0,0,0,0,0,0,0,0,0,2826060,0,0,2826078,0,0,0,0,0,1010347,0,0,0
6,10018649925317144938,0,0,0,0,0,0,0,0,0,0,0,0,0,0,0,0,0,0,0,0,0,0,0,0,0,0,0,0,0,0,0,0,0,59,0,0,0,0,0,0,0,0,0,0,0,0,_item_graveyard,0,0,0,0,0,0,0,0,0,0,0,0,0,0,0,0,0,0,0,0,0,0,0,0,0,0
6,10018649925317144938,0,0,0,0,0,0,0,0,0,0,0,0,0,0,0,0,0,0,0,0,0,0,364,0,2373,67624,0,0,0,67385,0,0,0,28,364,778,0,0,0,0,231,0,0,0,0,2755,_history_tree_14_updates,2108,0,0,0,0,0,0,5130,2755,0,0,0,7885,0,0,0,0,0,2393,0,0,0,0,0,0,0
6,10018649925317144938,0,0,0,0,0,0,0,0,0,0,0,0,0,0,0,0,0,0,0,0,0,0,1082,0,5,9688,0,0,0,9668,0,0,0,27,2663,3,0,0,0,0,20,0,0,0,0,2670,_history_tree_13_removes,3125,0,0,0,0,0,0,2675,2670,0,0,0,5345,0,0,0,0,0,7,0,0,0,0,0,0,0
6,10018649925317144938,0,0,0,0,0,0,0,0,0,0,0,0,0,0,0,0,0,0,0,0,0,0,351,0,2411,69025,0,0,0,68812,0,0,0,26,351,847,0,0,0,0,213,0,0,0,0,2765,_history_tree_13_updates,2072,0,0,0,0,0,0,5214,2765,0,0,0,7979,0,0,0,0,0,2452,0,0,0,0,0,0,0
6,10018649925317144938,0,0,0,0,0,0,0,0,0,0,0,0,0,0,0,0,0,0,0,0,0,0,1054,0,5,9586,0,0,0,9567,0,0,0,25,2628,2,0,0,0,0,19,0,0,0,0,2635,_history_tree_12_removes,3130,0,0,0,0,0,0,2640,2635,0,0,0,5275,0,0,0,0,0,7,0,0,0,0,0,0,0
6,10018649925317144938,0,0,0,0,0,0,0,0,0,0,0,0,0,0,0,0,0,0,0,0,0,0,419,0,2384,68368,0,0,0,68155,0,0,0,24,419,854,0,0,0,0,213,0,0,0,0,2844,_history_tree_12_updates,2144,0,0,0,0,0,0,5231,2844,0,0,0,8075,0,0,0,0,0,2428,0,0,0,0,0,0,0
6,10018649925317144938,0,0,0,0,0,0,0,0,0,0,0,0,0,0,0,0,0,0,0,0,0,0,1015,0,5,9249,0,0,0,9225,0,0,0,23,2737,1,0,0,0,0,24,0,0,0,0,2743,_history_tree_11_removes,3189,0,0,0,0,0,0,2748,2743,0,0,0,5491,0,0,0,0,0,6,0,0,0,0,0,0,0
6,10018649925317144938,0,0,0,0,0,0,0,0,0,0,0,0,0,0,0,0,0,0,0,0,0,0,368,0,2382,67790,0,0,0,67558,0,0,0,22,368,795,0,0,0,0,233,0,0,0,0,2763,_history_tree_11_updates,2094,0,0,0,0,0,0,5165,2763,0,0,0,7928,0,0,0,0,0,2414,0,0,0,0,0,0,0
6,10018649925317144938,0,0,0,0,0,0,0,0,0,0,0,0,0,0,0,0,0,0,0,0,0,0,1021,0,5,9207,0,0,0,9188,0,0,0,21,2751,1,0,0,0,0,19,0,0,0,0,2757,_history_tree_10_removes,3222,0,0,0,0,0,0,2762,2757,0,0,0,5519,0,0,0,0,0,6,0,0,0,0,0,0,0
6,10018649925317144938,0,0,0,0,0,0,0,0,0,0,0,0,0,0,0,0,0,0,0,0,0,0,336,0,2374,67585,0,0,0,67355,0,0,0,20,336,750,0,0,0,0,230,0,0,0,0,2734,_history_tree_10_updates,2116,0,0,0,0,0,0,5112,2734,0,0,0,7846,0,0,0,0,0,2402,0,0,0,0,0,0,0
6,10018649925317144938,0,0,0,0,0,0,0,0,0,0,0,0,0,0,0,0,0,0,0,0,0,0,1088,0,2,9568,0,0,0,9550,0,0,0,19,2720,1,0,0,0,0,18,0,0,0,0,2724,_history_tree_9_removes,3191,0,0,0,0,0,0,2726,2724,0,0,0,5450,0,0,0,0,0,4,0,0,0,0,0,0,0
6,10018649925317144938,0,0,0,0,0,0,0,0,0,0,0,0,0,0,0,0,0,0,0,0,0,0,339,0,2386,68288,0,0,0,68078,0,0,0,18,339,773,0,0,0,0,210,0,0,0,0,2743,_history_tree_9_updates,2101,0,0,0,0,0,0,5139,2743,0,0,0,7882,0,0,0,0,0,2414,0,0,0,0,0,0,0
6,10018649925317144938,0,0,0,0,0,0,0,0,0,0,0,0,0,0,0,0,0,0,0,0,0,0,1082,0,2,9394,0,0,0,9384,0,0,0,17,2657,0,0,0,0,0,10,0,0,0,0,2658,_history_tree_8_removes,3133,0,0,0,0,0,0,2660,2658,0,0,0,5318,0,0,0,0,0,1,0,0,0,0,0,0,0
6,10018649925317144938,0,0,0,0,0,0,0,0,0,0,0,0,0,0,0,0,0,0,0,0,0,0,361,0,2380,68083,0,0,0,67844,0,0,0,16,361,790,0,0,0,0,238,0,0,0,0,2749,_history_tree_8_updates,2078,0,0,0,0,0,0,5129,2749,0,0,0,7878,0,0,0,0,0,2388,0,0,0,0,0,0,0
6,10018649925317144938,0,0,0,0,0,0,0,0,0,0,0,0,0,0,0,0,0,0,0,0,0,0,1107,0,2,9594,0,0,0,9582,0,0,0,15,2630,1,0,0,0,0,12,0,0,0,0,2632,_history_tree_7_removes,3107,0,0,0,0,0,0,2634,2632,0,0,0,5266,0,0,0,0,0,2,0,0,0,0,0,0,0
6,10018649925317144938,0,0,0,0,0,0,0,0,0,0,0,0,0,0,0,0,0,0,0,0,0,0,349,0,2380,68371,0,0,0,68146,0,0,0,14,349,775,0,0,0,0,225,0,0,0,0,2724,_history_tree_7_updates,2077,0,0,0,0,0,0,5108,2724,0,0,0,7832,0,0,0,0,0,2379,0,0,0,0,0,0,0
6,10018649925317144938,0,0,0,0,0,0,0,0,0,0,0,0,0,0,0,0,0,0,0,0,0,0,1082,0,8,9931,0,0,0,9916,0,0,0,13,2637,4,0,0,0,0,15,0,0,0,0,2647,_history_tree_6_removes,3098,0,0,0,0,0,0,2655,2647,0,0,0,5302,0,0,0,0,0,10,0,0,0,0,0,0,0
6,10018649925317144938,0,0,0,0,0,0,0,0,0,0,0,0,0,21741618,22531006,0,0,0,0,0,0,0,355,0,2397,68745,0,0,0,68478,0,0,0,0,355,837,0,0,0,0,267,0,0,0,0,2792,_history_tree_0_updates,2119,0,1502127,0,0,0,0,5190,2792,0,0,0,7982,0,0,0,0,0,2438,0,0,0,0,725364,0,0
6,10018649925317144938,0,0,0,0,0,0,0,0,0,0,0,0,0,0,0,0,0,0,0,0,0,0,1013,0,6,9557,0,0,0,9539,0,0,0,1,2619,2,0,0,0,0,18,0,0,0,0,2627,_history_tree_0_removes,3128,0,0,0,0,0,0,2633,2627,0,0,0,5260,0,0,0,0,0,8,0,0,0,0,0,0,0
6,10018649925317144938,0,0,0,0,0,0,0,0,0,0,0,0,0,0,0,0,0,0,0,0,0,0,373,0,2384,68136,0,0,0,67931,0,0,0,2,373,783,0,0,0,0,206,0,0,0,0,2738,_history_tree_1_updates,2113,0,0,0,0,0,0,5139,2738,0,0,0,7877,0,0,0,0,0,2382,0,0,0,0,0,0,0
6,10018649925317144938,0,0,0,0,0,0,0,0,0,0,0,0,0,0,0,0,0,0,0,0,0,0,999,0,8,9430,0,0,0,9402,0,0,0,3,2686,3,0,0,0,0,28,0,0,0,0,2694,_history_tree_1_removes,3164,0,0,0,0,0,0,2702,2694,0,0,0,5396,0,0,0,0,0,8,0,0,0,0,0,0,0
6,10018649925317144938,0,0,0,0,0,0,0,0,0,0,0,0,0,0,0,0,0,0,0,0,0,0,321,0,2441,70305,0,0,0,70092,0,0,0,4,321,865,0,0,0,0,214,0,0,0,0,2773,_history_tree_2_updates,2019,0,0,0,0,0,0,5215,2773,0,0,0,7988,0,0,0,0,0,2453,0,0,0,0,0,0,0
6,10018649925317144938,0,0,0,0,0,0,0,0,0,0,0,0,0,0,0,0,0,0,0,0,0,0,1116,0,6,10132,0,0,0,10113,0,0,0,5,2624,1,0,0,0,0,19,0,0,0,0,2631,_history_tree_2_removes,3079,0,0,0,0,0,0,2637,2631,0,0,0,5268,0,0,0,0,0,7,0,0,0,0,0,0,0
6,10018649925317144938,0,0,0,0,0,0,0,0,0,0,0,0,0,0,0,0,0,0,0,0,0,0,382,0,2402,68926,0,0,0,68704,0,0,0,6,382,825,0,0,0,0,222,0,0,0,0,2780,_history_tree_3_updates,2107,0,0,0,0,0,0,5205,2780,0,0,0,7985,0,0,0,0,0,2421,0,0,0,0,0,0,0
6,10018649925317144938,0,0,0,0,0,0,0,0,0,0,0,0,0,0,0,0,0,0,0,0,0,0,1067,0,6,9662,0,0,0,9652,0,0,0,7,2641,1,0,0,0,0,10,0,0,0,0,2647,_history_tree_3_removes,3121,0,0,0,0,0,0,2653,2647,0,0,0,5300,0,0,0,0,0,6,0,0,0,0,0,0,0
6,10018649925317144938,0,0,0,0,0,0,0,0,0,0,0,0,0,0,0,0,0,0,0,0,0,0,373,0,2412,69403,0,0,0,69169,0,0,0,8,373,790,0,0,0,0,235,0,0,0,0,2760,_history_tree_4_updates,2120,0,0,0,0,0,0,5185,2760,0,0,0,7945,0,0,0,0,0,2400,0,0,0,0,0,0,0
6,10018649925317144938,0,0,0,0,0,0,0,0,0,0,0,0,0,0,0,0,0,0,0,0,0,0,1076,0,4,9731,0,0,0,9712,0,0,0,9,2681,1,0,0,0,0,19,0,0,0,0,2685,_history_tree_4_removes,3183,0,0,0,0,0,0,2689,2685,0,0,0,5374,0,0,0,0,0,4,0,0,0,0,0,0,0
6,10018649925317144938,0,0,0,0,0,0,0,0,0,0,0,0,0,0,0,0,0,0,0,0,0,0,361,0,2397,68469,0,0,0,68223,0,0,0,10,361,752,0,0,0,0,246,0,0,0,0,2759,_history_tree_5_updates,2138,0,0,0,0,0,0,5156,2759,0,0,0,7915,0,0,0,0,0,2398,0,0,0,0,0,0,0
6,10018649925317144938,0,0,0,0,0,0,0,0,0,0,0,0,0,0,0,0,0,0,0,0,0,0,1073,0,3,9399,0,0,0,9387,0,0,0,11,2768,0,0,0,0,0,12,0,0,0,0,2771,_history_tree_5_removes,3242,0,0,0,0,0,0,2774,2771,0,0,0,5545,0,0,0,0,0,3,0,0,0,0,0,0,0
6,10018649925317144938,0,0,0,0,0,0,0,0,0,0,0,0,0,0,0,0,0,0,0,0,0,0,425,0,2404,69132,0,0,0,68897,0,0,0,12,425,895,0,0,0,0,235,0,0,0,0,2803,_history_tree_6_updates,2117,0,0,0,0,0,0,5294,2803,0,0,0,8097,0,0,0,0,0,2465,0,0,0,0,0,0,0
6,10018649925317144938,0,0,0,0,0,0,0,0,0,0,0,0,0,0,0,0,0,0,0,0,0,0,1040,0,4,9213,0,0,0,9185,0,0,0,29,2735,1,0,0,0,0,28,0,0,0,0,2739,_history_tree_14_removes,3209,0,0,0,0,0,0,2743,2739,0,0,0,5482,0,0,0,0,0,4,0,0,0,0,0,0,0
6,10018649925317144938,0,0,0,0,0,0,0,0,0,0,0,0,0,0,0,0,0,0,0,0,0,0,389,0,2374,68001,0,0,0,67782,0,0,0,30,389,859,0,0,0,0,219,0,0,0,0,2773,_history_tree_15_updates,2085,0,0,0,0,0,0,5182,2773,0,0,0,7955,0,0,0,0,0,2418,0,0,0,0,0,0,0
6,10018649925317144938,0,0,0,0,0,0,0,0,0,0,0,0,0,0,0,0,0,0,0,0,0,0,1002,0,5,9488,0,0,0,9472,0,0,0,31,2667,2,0,0,0,0,16,0,0,0,0,2674,_history_tree_15_removes,3123,0,0,0,0,0,0,2679,2674,0,0,0,5353,0,0,0,0,0,7,0,0,0,0,0,0,0
6,10018649925317144938,0,0,0,0,0,0,0,0,0,0,0,0,0,0,0,0,0,0,0,0,0,0,324,0,2402,68719,0,0,0,68519,0,0,0,32,324,786,0,0,0,0,200,0,0,0,0,2718,_history_tree_16_updates,2067,0,0,0,0,0,0,5128,2718,0,0,0,7846,0,0,0,0,0,2402,0,0,0,0,0,0,0
6,10018649925317144938,0,0,0,0,0,0,0,0,0,0,0,0,0,0,0,0,0,0,0,0,0,0,1058,0,5,9515,0,0,0,9501,0,0,0,33,2736,1,0,0,0,0,14,0,0,0,0,2741,_history_tree_16_removes,3208,0,0,0,0,0,0,2746,2741,0,0,0,5487,0,0,0,0,0,5,0,0,0,0,0,0,0
6,10018649925317144938,0,0,0,0,0,0,0,0,0,0,0,0,0,0,0,0,0,0,0,0,0,0,438,0,2359,67148,0,0,0,66917,0,0,0,34,438,993,0,0,0,0,230,0,0,0,0,2575,_history_tree_17_updates,2024,0,0,0,0,0,0,5217,2575,0,0,0,7792,0,0,0,0,0,2420,0,0,0,0,0,0,0
6,10018649925317144938,0,0,0,0,0,0,0,0,0,0,0,0,0,0,0,0,0,0,0,0,0,0,857,0,18,9231,0,0,0,9225,0,0,0,35,2483,15,0,0,0,0,6,0,0,0,0,2504,_history_tree_17_removes,2965,0,0,0,0,0,0,2522,2504,0,0,0,5026,0,0,0,0,0,21,0,0,0,0,0,0,0
6,10018649925317144938,0,0,0,0,0,0,0,0,0,0,0,0,0,0,0,0,0,0,0,0,0,0,416,0,2398,68623,0,0,0,68364,0,0,0,36,416,845,0,0,0,0,260,0,0,0,0,2804,_history_tree_18_updates,2111,0,0,0,0,0,0,5219,2804,0,0,0,8023,0,0,0,0,0,2405,0,0,0,0,0,0,0
6,10018649925317144938,0,0,0,0,0,0,0,0,0,0,0,0,0,0,0,0,0,0,0,0,0,0,1047,0,6,9597,0,0,0,9580,0,0,0,37,2645,1,0,0,0,0,17,0,0,0,0,2652,_history_tree_18_removes,3128,0,0,0,0,0,0,2658,2652,0,0,0,5310,0,0,0,0,0,7,0,0,0,0,0,0,0
6,10018649925317144938,0,0,0,0,0,0,0,0,0,0,0,0,0,0,0,0,0,0,0,0,0,0,331,0,2428,69736,0,0,0,69513,0,0,0,38,331,777,0,0,0,0,223,0,0,0,0,2747,_history_tree_19_updates,2111,0,0,0,0,0,0,5175,2747,0,0,0,7922,0,0,0,0,0,2416,0,0,0,0,0,0,0
6,10018649925317144938,0,0,0,0,0,0,0,0,0,0,0,0,0,0,0,0,0,0,0,0,0,0,1139,0,3,9897,0,0,0,9885,0,0,0,39,2758,1,0,0,0,0,12,0,0,0,0,2761,_history_tree_19_removes,3247,0,0,0,0,0,0,2764,2761,0,0,0,5525,0,0,0,0,0,3,0,0,0,0,0,0,0
6,10018649925317144938,50418,0,0,0,0,0,46889,0,0,0,0,0,0,0,0,0,0,0,0,0,0,0,0,0,0,304020,0,0,0,99451,0,0,0,40,0,0,0,0,0,0,2302,0,0,97311,0,0,warehouse,0,0,0,0,0,0,0,0,0,0,0,0,0,201254,0,0,201254,0,0,0,0,0,97314,0,0,0
6,10018649925317144938,0,0,0,0,0,0,0,0,0,0,0,0,0,0,0,0,0,0,0,0,0,0,0,0,0,0,0,0,0,0,0,0,0,41,0,0,0,0,0,0,0,0,0,0,0,0,_warehouse_graveyard,0,0,0,0,0,0,0,0,0,0,0,0,0,0,0,0,0,0,0,0,0,0,0,0,0,0
6,10018649925317144938,100088,0,0,0,0,0,97933,0,0,0,0,0,0,0,0,0,0,0,0,0,0,0,0,0,2,307974,0,0,0,200338,0,0,0,42,0,0,0,0,0,0,1093,0,0,198040,0,0,district,0,0,0,0,0,0,0,2,0,0,0,0,2,106473,0,0,106474,2,0,0,0,0,198052,0,0,0
6,10018649925317144938,0,0,0,0,0,0,0,0,0,0,0,0,0,0,0,0,0,0,0,0,0,0,0,0,0,0,0,0,0,0,0,0,0,43,0,0,0,0,0,0,0,0,0,0,0,0,_district_graveyard,0,0,0,0,0,0,0,0,0,0,0,0,0,0,0,0,0,0,0,0,0,0,0,0,0,0
6,10018649925317144938,65311,0,0,0,0,0,61954,0,0,0,0,0,0,0,0,0,0,0,0,0,0,0,0,0,0,818004,0,0,0,127271,0,0,0,44,0,0,0,0,0,0,0,0,0,127276,0,0,customer,0,0,0,0,0,0,0,0,0,0,0,0,0,145404,0,0,145406,0,0,0,0,0,127282,0,0,0
6,10018649925317144938,0,0,0,0,0,0,0,0,0,0,0,0,0,0,0,0,0,0,0,0,0,0,0,0,0,0,0,0,0,0,0,0,0,45,0,0,0,0,0,0,0,0,0,0,0,0,_customer_graveyard,0,0,0,0,0,0,0,0,0,0,0,0,0,0,0,0,0,0,0,0,0,0,0,0,0,0
6,10018649925317144938,0,0,0,0,0,0,0,0,0,0,0,0,0,0,0,0,0,0,0,0,0,0,0,0,0,189021,0,0,0,0,0,0,0,46,0,0,0,0,0,0,63007,0,0,0,0,0,customerwdl,0,0,0,0,0,0,0,0,0,0,0,63007,0,63007,0,0,63007,0,0,0,0,0,0,0,0,0
6,10018649925317144938,0,0,0,0,0,0,0,0,0,0,0,0,0,0,0,0,0,0,0,0,0,0,0,0,0,0,0,0,0,0,0,0,0,47,0,0,0,0,0,0,0,0,0,0,0,0,_customerwdl_graveyard,0,0,0,0,0,0,0,0,0,0,0,0,0,0,0,0,0,0,0,0,0,0,0,0,0,0
6,10018649925317144938,0,0,0,0,0,0,0,0,0,0,0,0,0,0,0,0,0,0,0,0,0,0,0,0,2305,123285,0,0,0,41096,0,0,0,48,0,0,0,0,0,0,0,0,0,0,0,0,history,0,0,0,0,0,0,0,2332,0,0,0,0,2332,0,0,0,0,0,0,0,0,0,0,0,0,0
6,10018649925317144938,0,0,0,0,0,0,0,0,0,0,0,0,0,0,0,0,0,0,0,0,0,0,0,0,0,0,0,0,0,0,0,0,0,49,0,0,0,0,0,0,0,0,0,0,0,0,_history_graveyard,0,0,0,0,0,0,0,0,0,0,0,0,0,0,0,0,0,0,0,0,0,0,0,0,0,0
6,10018649925317144938,44312,88950,0,88950,0,0,44239,0,0,0,0,0,0,0,0,0,0,0,0,0,0,0,70350,0,2183,1145684,0,0,0,282011,0,9802,0,50,375,0,0,0,0,0,99851,0,0,0,0,0,neworder,91094,9803,0,0,0,0,0,4635,174,5,0,88896,4637,98701,0,0,98704,0,2078,0,0,0,0,0,0,0
6,10018649925317144938,0,0,0,0,0,0,0,0,0,0,0,0,0,0,0,0,0,0,0,0,0,0,0,0,0,0,0,0,0,0,0,0,0,51,0,0,0,0,0,0,0,0,0,0,0,0,_neworder_graveyard,0,0,0,0,0,0,0,0,0,0,0,0,0,0,0,0,0,0,0,0,0,0,0,0,0,0
6,10018649925317144938,44750,0,0,0,0,0,43818,0,0,0,0,0,0,0,0,0,0,0,0,0,0,0,0,0,4442,862137,0,0,0,195018,0,0,0,52,0,0,0,0,0,0,0,0,0,88574,0,0,order,0,0,0,0,0,0,0,4444,0,0,0,0,4444,92367,0,0,92367,0,0,0,0,0,88577,0,0,0
6,10018649925317144938,0,0,0,0,0,0,0,0,0,0,0,0,0,0,0,0,0,0,0,0,0,0,0,0,0,0,0,0,0,0,0,0,0,53,0,0,0,0,0,0,0,0,0,0,0,0,_order_graveyard,0,0,0,0,0,0,0,0,0,0,0,0,0,0,0,0,0,0,0,0,0,0,0,0,0,0
6,10018649925317144938,0,0,0,0,0,0,0,0,0,0,0,0,0,0,0,0,3792,0,0,0,0,0,0,0,1465,321846,0,0,0,103494,0,0,0,54,0,0,0,0,0,0,3792,0,0,0,0,0,order_wdc,0,0,0,0,0,0,0,1473,0,0,0,0,1473,3792,0,0,3792,0,0,0,0,0,0,0,0,0
6,10018649925317144938,0,0,0,0,0,0,0,0,0,0,0,0,0,0,0,0,0,0,0,0,0,0,0,0,0,0,0,0,0,0,0,0,0,55,0,0,0,0,0,0,0,0,0,0,0,0,_order_wdc_graveyard,0,0,0,0,0,0,0,0,0,0,0,0,0,0,0,0,0,0,0,0,0,0,0,0,0,0
6,10018649925317144938,426034,0,0,0,0,0,416557,0,0,0,0,0,0,0,0,0,0,0,0,0,0,0,102670,0,60490,7731709,0,0,0,1919920,0,1151,0,56,0,0,0,0,0,0,13021,0,0,842716,0,0,orderline,1868648,1151,0,0,0,0,0,61187,0,0,0,12934,61190,1881568,0,0,1881568,0,0,0,0,0,842775,0,0,0
6,10018649925317144938,0,0,0,0,0,0,0,0,0,0,0,0,0,0,0,0,0,0,0,0,0,0,0,0,0,0,0,0,0,0,0,0,0,57,0,0,0,0,0,0,0,0,0,0,0,0,_orderline_graveyard,0,0,0,0,0,0,0,0,0,0,0,0,0,0,0,0,0,0,0,0,0,0,0,0,0,0
6,10018649925317144938,0,0,0,0,0,0,0,0,0,0,0,0,0,0,0,0,0,0,0,0,0,0,0,0,0,2033800,0,0,0,0,0,0,0,58,0,0,0,0,0,0,0,0,0,0,0,0,item,0,0,0,0,0,0,0,0,0,0,0,0,0,1016954,0,0,1016961,0,0,0,0,0,0,0,0,0
7,10018649925317144938,0,0,0,0,0,0,0,0,0,0,0,0,0,0,0,0,0,0,0,0,0,0,0,0,0,0,0,0,0,0,0,0,0,61,0,0,0,0,0,0,0,0,0,0,0,0,_stock_graveyard,0,0,0,0,0,0,0,0,0,0,0,0,0,0,0,0,0,0,0,0,0,0,0,0,0,0
7,10018649925317144938,504196,0,0,0,0,0,492359,0,0,0,0,0,0,0,0,0,0,0,0,0,0,0,0,0,0,14988771,0,0,0,997721,0,0,0,60,0,0,0,0,0,0,1108,0,0,996560,0,0,stock,0,0,0,0,0,0,0,0,0,0,0,0,0,2748348,0,0,2748339,0,0,0,0,0,996615,0,0,0
7,10018649925317144938,0,0,0,0,0,0,0,0,0,0,0,0,0,0,0,0,0,0,0,0,0,0,0,0,0,0,0,0,0,0,0,0,0,59,0,0,0,0,0,0,0,0,0,0,0,0,_item_graveyard,0,0,0,0,0,0,0,0,0,0,0,0,0,0,0,0,0,0,0,0,0,0,0,0,0,0
7,10018649925317144938,0,0,0,0,0,0,0,0,0,0,0,0,0,0,0,0,0,0,0,0,0,0,350,0,2328,66206,0,0,0,65977,0,0,0,28,350,785,0,0,0,0,230,0,0,0,0,2655,_history_tree_14_updates,2049,0,0,0,0,0,0,5012,2655,0,0,0,7667,0,0,0,0,0,2334,0,0,0,0,0,0,0
7,10018649925317144938,0,0,0,0,0,0,0,0,0,0,0,0,0,0,0,0,0,0,0,0,0,0,1028,0,5,9268,0,0,0,9252,0,0,0,27,2581,2,0,0,0,0,16,0,0,0,0,2586,_history_tree_13_removes,3021,0,0,0,0,0,0,2591,2586,0,0,0,5177,0,0,0,0,0,5,0,0,0,0,0,0,0
7,10018649925317144938,0,0,0,0,0,0,0,0,0,0,0,0,0,0,0,0,0,0,0,0,0,0,329,0,2314,66346,0,0,0,66133,0,0,0,26,329,776,0,0,0,0,212,0,0,0,0,2622,_history_tree_13_updates,1990,0,0,0,0,0,0,4959,2622,0,0,0,7581,0,0,0,0,0,2316,0,0,0,0,0,0,0
7,10018649925317144938,0,0,0,0,0,0,0,0,0,0,0,0,0,0,0,0,0,0,0,0,0,0,1034,0,5,9480,0,0,0,9459,0,0,0,25,2628,1,0,0,0,0,21,0,0,0,0,2634,_history_tree_12_removes,3093,0,0,0,0,0,0,2639,2634,0,0,0,5273,0,0,0,0,0,5,0,0,0,0,0,0,0
7,10018649925317144938,0,0,0,0,0,0,0,0,0,0,0,0,0,0,0,0,0,0,0,0,0,0,347,0,2360,67666,0,0,0,67425,0,0,0,24,347,799,0,0,0,0,240,0,0,0,0,2706,_history_tree_12_updates,2050,0,0,0,0,0,0,5073,2706,0,0,0,7779,0,0,0,0,0,2366,0,0,0,0,0,0,0
7,10018649925317144938,0,0,0,0,0,0,0,0,0,0,0,0,0,0,0,0,0,0,0,0,0,0,997,0,4,9239,0,0,0,9229,0,0,0,23,2667,1,0,0,0,0,13,0,0,0,0,2671,_history_tree_11_removes,3103,0,0,0,0,0,0,2675,2671,0,0,0,5346,0,0,0,0,0,4,0,0,0,0,0,0,0
7,10018649925317144938,0,0,0,0,0,0,0,0,0,0,0,0,0,0,0,0,0,0,0,0,0,0,320,0,2336,66634,0,0,0,66436,0,0,0,22,320,761,0,0,0,0,195,0,0,0,0,2642,_history_tree_11_updates,2023,0,0,0,0,0,0,4995,2642,0,0,0,7637,0,0,0,0,0,2340,0,0,0,0,0,0,0
7,10018649925317144938,0,0,0,0,0,0,0,0,0,0,0,0,0,0,0,0,0,0,0,0,0,0,1073,0,7,9750,0,0,0,9737,0,0,0,21,2527,2,0,0,0,0,13,0,0,0,0,2534,_history_tree_10_removes,3014,0,0,0,0,0,0,2541,2534,0,0,0,5075,0,0,0,0,0,7,0,0,0,0,0,0,0
7,10018649925317144938,0,0,0,0,0,0,0,0,0,0,0,0,0,0,0,0,0,0,0,0,0,0,373,0,2363,68077,0,0,0,67864,0,0,0,20,375,838,0,0,0,0,206,0,0,0,0,2699,_history_tree_10_updates,2044,0,0,0,0,0,0,5104,2699,0,0,0,7803,0,0,0,0,0,2366,0,0,0,0,0,0,0
7,10018649925317144938,0,0,0,0,0,0,0,0,0,0,0,0,0,0,0,0,0,0,0,0,0,0,1029,0,7,9331,0,0,0,9315,0,0,0,19,2685,3,0,0,0,0,16,0,0,0,0,2692,_history_tree_9_removes,3145,0,0,0,0,0,0,2699,2692,0,0,0,5391,0,0,0,0,0,7,0,0,0,0,0,0,0
7,10018649925317144938,0,0,0,0,0,0,0,0,0,0,0,0,0,0,0,0,0,0,0,0,0,0,335,0,2356,67219,0,0,0,66998,0,0,0,18,335,788,0,0,0,0,218,0,0,0,0,2660,_history_tree_9_updates,2037,0,0,0,0,0,0,5053,2660,0,0,0,7713,0,0,0,0,0,2362,0,0,0,0,0,0,0
7,10018649925317144938,0,0,0,0,0,0,0,0,0,0,0,0,0,0,0,0,0,0,0,0,0,0,1027,0,10,9633,0,0,0,9620,0,0,0,17,2665,4,0,0,0,0,13,0,0,0,0,2676,_history_tree_8_removes,3130,0,0,0,0,0,0,2686,2677,0,0,0,5364,0,0,0,0,0,11,0,0,0,0,0,0,0
7,10018649925317144938,0,0,0,0,0,0,0,0,0,0,0,0,0,0,0,0,0,0,0,0,0,0,354,0,2398,68672,0,0,0,68461,0,0,0,16,354,811,0,0,0,0,208,0,0,0,0,2747,_history_tree_8_updates,2073,0,0,0,0,0,0,5163,2747,0,0,0,7910,0,0,0,0,0,2411,0,0,0,0,0,0,0
7,10018649925317144938,0,0,0,0,0,0,0,0,0,0,0,0,0,0,0,0,0,0,0,0,0,0,1075,0,8,9883,0,0,0,9872,0,0,0,15,2570,4,0,0,0,0,11,0,0,0,0,2578,_history_tree_7_removes,3064,0,0,0,0,0,0,2586,2578,0,0,0,5164,0,0,0,0,0,8,0,0,0,0,0,0,0
7,10018649925317144938,0,0,0,0,0,0,0,0,0,0,0,0,0,0,0,0,0,0,0,0,0,0,283,0,2415,69269,0,0,0,69063,0,0,0,14,283,852,0,0,0,0,206,0,0,0,0,2641,_history_tree_7_updates,1993,0,0,0,0,0,0,5116,2641,0,0,0,7757,0,0,0,0,0,2418,0,0,0,0,0,0,0
7,10018649925317144938,0,0,0,0,0,0,0,0,0,0,0,0,0,0,0,0,0,0,0,0,0,0,935,0,10,8951,0,0,0,8941,0,0,0,13,2572,7,0,0,0,0,10,0,0,0,0,2582,_history_tree_6_removes,3005,0,0,0,0,0,0,2592,2582,0,0,0,5174,0,0,0,0,0,10,0,0,0,0,0,0,0
7,10018649925317144938,0,0,0,0,0,0,0,0,0,0,0,0,0,21356772,22070011,0,0,0,0,0,0,0,354,0,2333,66353,0,0,0,66144,0,0,0,0,354,816,0,0,0,0,212,0,0,0,0,2664,_history_tree_0_updates,2005,0,1479201,0,0,0,0,5030,2664,0,0,0,7694,0,0,0,0,0,2342,0,0,0,0,694964,0,0
7,10018649925317144938,0,0,0,0,0,0,0,0,0,0,0,0,0,0,0,0,0,0,0,0,0,0,965,0,6,9077,0,0,0,9054,0,0,0,1,2579,2,0,0,0,0,24,0,0,0,0,2585,_history_tree_0_removes,3027,0,0,0,0,0,0,2591,2585,0,0,0,5176,0,0,0,0,0,6,0,0,0,0,0,0,0
7,10018649925317144938,0,0,0,0,0,0,0,0,0,0,0,0,0,0,0,0,0,0,0,0,0,0,354,0,2379,67986,0,0,0,67751,0,0,0,2,354,822,0,0,0,0,232,0,0,0,0,2719,_history_tree_1_updates,2066,0,0,0,0,0,0,5122,2719,0,0,0,7841,0,0,0,0,0,2388,0,0,0,0,0,0,0
7,10018649925317144938,0,0,0,0,0,0,0,0,0,0,0,0,0,0,0,0,0,0,0,0,0,0,978,0,9,9480,0,0,0,9459,0,0,0,3,2630,2,0,0,0,0,21,0,0,0,0,2639,_history_tree_1_removes,3109,0,0,0,0,0,0,2648,2639,0,0,0,5287,0,0,0,0,0,9,0,0,0,0,0,0,0
7,10018649925317144938,0,0,0,0,0,0,0,0,0,0,0,0,0,0,0,0,0,0,0,0,0,0,372,0,2331,66501,0,0,0,66266,0,0,0,4,372,795,0,0,0,0,235,0,0,0,0,2706,_history_tree_2_updates,2036,0,0,0,0,0,0,5049,2706,0,0,0,7755,0,0,0,0,0,2345,0,0,0,0,0,0,0
7,10018649925317144938,0,0,0,0,0,0,0,0,0,0,0,0,0,0,0,0,0,0,0,0,0,0,1018,0,4,9154,0,0,0,9142,0,0,0,5,2618,2,0,0,0,0,12,0,0,0,0,2622,_history_tree_2_removes,3062,0,0,0,0,0,0,2626,2622,0,0,0,5248,0,0,0,0,0,4,0,0,0,0,0,0,0
7,10018649925317144938,0,0,0,0,0,0,0,0,0,0,0,0,0,0,0,0,0,0,0,0,0,0,331,0,2350,67409,0,0,0,67191,0,0,0,6,331,810,0,0,0,0,214,0,0,0,0,2662,_history_tree_3_updates,1999,0,0,0,0,0,0,5045,2662,0,0,0,7707,0,0,0,0,0,2364,0,0,0,0,0,0,0
7,10018649925317144938,0,0,0,0,0,0,0,0,0,0,0,0,0,0,0,0,0,0,0,0,0,0,1063,0,7,9487,0,0,0,9473,0,0,0,7,2607,3,0,0,0,0,14,0,0,0,0,2615,_history_tree_3_removes,3069,0,0,0,0,0,0,2622,2615,0,0,0,5237,0,0,0,0,0,7,0,0,0,0,0,0,0
7,10018649925317144938,0,0,0,0,0,0,0,0,0,0,0,0,0,0,0,0,0,0,0,0,0,0,334,0,2362,67773,0,0,0,67560,0,0,0,8,334,816,0,0,0,0,213,0,0,0,0,2708,_history_tree_4_updates,2019,0,0,0,0,0,0,5071,2709,0,0,0,7780,0,0,0,0,0,2375,0,0,0,0,0,0,0
7,10018649925317144938,0,0,0,0,0,0,0,0,0,0,0,0,0,0,0,0,0,0,0,0,0,0,1072,0,8,9599,0,0,0,9582,0,0,0,9,2608,3,0,0,0,0,17,0,0,0,0,2617,_history_tree_4_removes,3085,0,0,0,0,0,0,2625,2617,0,0,0,5242,0,0,0,0,0,8,0,0,0,0,0,0,0
7,10018649925317144938,0,0,0,0,0,0,0,0,0,0,0,0,0,0,0,0,0,0,0,0,0,0,325,0,2369,67770,0,0,0,67558,0,0,0,10,325,762,0,0,0,0,211,0,0,0,0,2708,_history_tree_5_updates,2078,0,0,0,0,0,0,5077,2708,0,0,0,7785,0,0,0,0,0,2383,0,0,0,0,0,0,0
7,10018649925317144938,0,0,0,0,0,0,0,0,0,0,0,0,0,0,0,0,0,0,0,0,0,0,1087,0,4,9382,0,0,0,9369,0,0,0,11,2698,0,0,0,0,0,13,0,0,0,0,2702,_history_tree_5_removes,3152,0,0,0,0,0,0,2706,2702,0,0,0,5408,0,0,0,0,0,4,0,0,0,0,0,0,0
7,10018649925317144938,0,0,0,0,0,0,0,0,0,0,0,0,0,0,0,0,0,0,0,0,0,0,340,0,2307,65733,0,0,0,65521,0,0,0,12,340,787,0,0,0,0,210,0,0,0,0,2528,_history_tree_6_updates,1987,0,0,0,0,0,0,4952,2528,0,0,0,7480,0,0,0,0,0,2305,0,0,0,0,0,0,0
7,10018649925317144938,0,0,0,0,0,0,0,0,0,0,0,0,0,0,0,0,0,0,0,0,0,0,913,0,10,8937,0,0,0,8924,0,0,0,29,2598,4,0,0,0,0,13,0,0,0,0,2608,_history_tree_14_removes,3059,0,0,0,0,0,0,2618,2608,0,0,0,5226,0,0,0,0,0,10,0,0,0,0,0,0,0
7,10018649925317144938,0,0,0,0,0,0,0,0,0,0,0,0,0,0,0,0,0,0,0,0,0,0,339,0,2398,69067,0,0,0,68850,0,0,0,30,339,846,0,0,0,0,215,0,0,0,0,2707,_history_tree_15_updates,2027,0,0,0,0,0,0,5147,2707,0,0,0,7854,0,0,0,0,0,2410,0,0,0,0,0,0,0
7,10018649925317144938,0,0,0,0,0,0,0,0,0,0,0,0,0,0,0,0,0,0,0,0,0,0,1067,0,8,9850,0,0,0,9839,0,0,0,31,2605,4,0,0,0,0,12,0,0,0,0,2613,_history_tree_15_removes,3063,0,0,0,0,0,0,2621,2613,0,0,0,5234,0,0,0,0,0,8,0,0,0,0,0,0,0
7,10018649925317144938,0,0,0,0,0,0,0,0,0,0,0,0,0,0,0,0,0,0,0,0,0,0,340,0,2342,66940,0,0,0,66710,0,0,0,32,340,810,0,0,0,0,231,0,0,0,0,2680,_history_tree_16_updates,2006,0,0,0,0,0,0,5040,2680,0,0,0,7720,0,0,0,0,0,2357,0,0,0,0,0,0,0
7,10018649925317144938,0,0,0,0,0,0,0,0,0,0,0,0,0,0,0,0,0,0,0,0,0,0,992,0,6,9284,0,0,0,9270,0,0,0,33,2640,2,0,0,0,0,14,0,0,0,0,2646,_history_tree_16_removes,3086,0,0,0,0,0,0,2652,2646,0,0,0,5298,0,0,0,0,0,6,0,0,0,0,0,0,0
7,10018649925317144938,0,0,0,0,0,0,0,0,0,0,0,0,0,0,0,0,0,0,0,0,0,0,300,0,2344,66474,0,0,0,66221,0,0,0,34,300,924,0,0,0,0,252,0,0,0,0,2478,_history_tree_17_updates,1873,0,0,0,0,0,0,5004,2478,0,0,0,7482,0,0,0,0,0,2360,0,0,0,0,0,0,0
7,10018649925317144938,0,0,0,0,0,0,0,0,0,0,0,0,0,0,0,0,0,0,0,0,0,0,883,0,12,9090,0,0,0,9073,0,0,0,35,2535,6,0,0,0,0,17,0,0,0,0,2547,_history_tree_17_removes,2998,0,0,0,0,0,0,2559,2547,0,0,0,5106,0,0,0,0,0,12,0,0,0,0,0,0,0
7,10018649925317144938,0,0,0,0,0,0,0,0,0,0,0,0,0,0,0,0,0,0,0,0,0,0,336,0,2364,67609,0,0,0,67373,0,0,0,36,336,824,0,0,0,0,234,0,0,0,0,2711,_history_tree_18_updates,2021,0,0,0,0,0,0,5078,2711,0,0,0,7793,0,0,0,0,0,2380,0,0,0,0,0,0,0
7,10018649925317144938,0,0,0,0,0,0,0,0,0,0,0,0,0,0,0,0,0,0,0,0,0,0,1013,0,8,9377,0,0,0,9366,0,0,0,37,2615,3,0,0,0,0,11,0,0,0,0,2623,_history_tree_18_removes,3084,0,0,0,0,0,0,2631,2623,0,0,0,5254,0,0,0,0,0,8,0,0,0,0,0,0,0
7,10018649925317144938,0,0,0,0,0,0,0,0,0,0,0,0,0,0,0,0,0,0,0,0,0,0,329,0,2345,66879,0,0,0,66675,0,0,0,38,329,798,0,0,0,0,202,0,0,0,0,2663,_history_tree_19_updates,2010,0,0,0,0,0,0,5032,2663,0,0,0,7695,0,0,0,0,0,2358,0,0,0,0,0,0,0
7,10018649925317144938,0,0,0,0,0,0,0,0,0,0,0,0,0,0,0,0,0,0,0,0,0,0,1025,0,7,9206,0,0,0,9183,0,0,0,39,2617,3,0,0,0,0,23,0,0,0,0,2624,_history_tree_19_removes,3065,0,0,0,0,0,0,2631,2624,0,0,0,5255,0,0,0,0,0,7,0,0,0,0,0,0,0
7,10018649925317144938,49703,0,0,0,0,0,45615,0,0,0,0,0,0,0,0,0,0,0,0,0,0,0,0,0,1,298142,0,0,0,97416,0,0,0,40,0,0,0,0,0,0,2240,0,0,95339,0,0,warehouse,0,0,0,0,0,0,0,1,0,0,0,0,1,197528,0,0,197527,1,0,0,0,0,95344,0,0,0
7,10018649925317144938,0,0,0,0,0,0,0,0,0,0,0,0,0,0,0,0,0,0,0,0,0,0,0,0,0,0,0,0,0,0,0,0,0,41,0,0,0,0,0,0,0,0,0,0,0,0,_warehouse_graveyard,0,0,0,0,0,0,0,0,0,0,0,0,0,0,0,0,0,0,0,0,0,0,0,0,0,0
7,10018649925317144938,97959,0,0,0,0,0,96341,0,0,0,0,0,0,0,0,0,0,0,0,0,0,0,0,0,0,301792,0,0,0,196578,0,0,0,42,0,0,0,0,0,0,1032,0,0,194310,0,0,district,0,0,0,0,0,0,0,0,0,0,0,0,0,104114,0,0,104113,0,0,0,0,0,194315,0,0,0
7,10018649925317144938,0,0,0,0,0,0,0,0,0,0,0,0,0,0,0,0,0,0,0,0,0,0,0,0,0,0,0,0,0,0,0,0,0,43,0,0,0,0,0,0,0,0,0,0,0,0,_district_graveyard,0,0,0,0,0,0,0,0,0,0,0,0,0,0,0,0,0,0,0,0,0,0,0,0,0,0
7,10018649925317144938,63706,0,0,0,0,0,60718,0,0,0,0,0,0,0,0,0,0,0,0,0,0,0,0,0,0,799881,0,0,0,124420,0,0,0,44,0,0,0,0,0,0,1,0,0,124417,0,0,customer,0,0,0,0,0,0,0,0,0,0,0,0,0,142208,0,0,142208,0,0,0,0,0,124414,0,0,0
7,10018649925317144938,0,0,0,0,0,0,0,0,0,0,0,0,0,0,0,0,0,0,0,0,0,0,0,0,0,0,0,0,0,0,0,0,0,45,0,0,0,0,0,0,0,0,0,0,0,0,_customer_graveyard,0,0,0,0,0,0,0,0,0,0,0,0,0,0,0,0,0,0,0,0,0,0,0,0,0,0
7,10018649925317144938,0,0,0,0,0,0,0,0,0,0,0,0,0,0,0,0,0,0,0,0,0,0,0,0,0,186741,0,0,0,0,0,0,0,46,0,0,0,0,0,0,62249,0,0,0,0,0,customerwdl,0,0,0,0,0,0,0,0,0,0,0,62254,0,62254,0,0,62255,0,0,0,0,0,0,0,0,0
7,10018649925317144938,0,0,0,0,0,0,0,0,0,0,0,0,0,0,0,0,0,0,0,0,0,0,0,0,0,0,0,0,0,0,0,0,0,47,0,0,0,0,0,0,0,0,0,0,0,0,_customerwdl_graveyard,0,0,0,0,0,0,0,0,0,0,0,0,0,0,0,0,0,0,0,0,0,0,0,0,0,0
7,10018649925317144938,0,0,0,0,0,0,0,0,0,0,0,0,0,0,0,0,0,0,0,0,0,0,0,0,2226,119184,0,0,0,39727,0,0,0,48,0,0,0,0,0,0,0,0,0,0,0,0,history,0,0,0,0,0,0,0,2248,0,0,0,0,2248,0,0,0,0,0,0,0,0,0,0,0,0,0
7,10018649925317144938,0,0,0,0,0,0,0,0,0,0,0,0,0,0,0,0,0,0,0,0,0,0,0,0,0,0,0,0,0,0,0,0,0,49,0,0,0,0,0,0,0,0,0,0,0,0,_history_graveyard,0,0,0,0,0,0,0,0,0,0,0,0,0,0,0,0,0,0,0,0,0,0,0,0,0,0
7,10018649925317144938,43513,87609,0,87610,0,0,43404,0,0,0,0,0,0,0,0,0,0,0,0,0,0,0,67686,0,2069,1127419,0,0,0,277031,0,11522,0,50,427,0,0,0,0,0,98747,0,0,0,0,0,neworder,90700,11521,0,0,0,0,0,4534,211,3,0,87241,4536,98760,0,0,98757,0,2036,0,0,0,0,0,0,0
7,10018649925317144938,0,0,0,0,0,0,0,0,0,0,0,0,0,0,0,0,0,0,0,0,0,0,0,0,0,0,0,0,0,0,0,0,0,51,0,0,0,0,0,0,0,0,0,0,0,0,_neworder_graveyard,0,0,0,0,0,0,0,0,0,0,0,0,0,0,0,0,0,0,0,0,0,0,0,0,0,0
7,10018649925317144938,44077,0,0,0,0,0,42865,0,0,0,0,0,0,0,0,0,0,0,0,0,0,0,0,0,4368,845997,0,0,0,191436,0,0,0,52,0,0,0,0,0,0,0,0,0,86940,0,0,order,0,0,0,0,0,0,0,4371,0,0,0,0,4371,90563,0,0,90563,0,0,0,0,0,86940,0,0,0
7,10018649925317144938,0,0,0,0,0,0,0,0,0,0,0,0,0,0,0,0,0,0,0,0,0,0,0,0,0,0,0,0,0,0,0,0,0,53,0,0,0,0,0,0,0,0,0,0,0,0,_order_graveyard,0,0,0,0,0,0,0,0,0,0,0,0,0,0,0,0,0,0,0,0,0,0,0,0,0,0
7,10018649925317144938,0,0,0,0,0,0,0,0,0,0,0,0,0,0,0,0,3626,0,0,0,0,0,0,0,1401,315492,0,0,0,101536,1,1,0,54,0,0,0,0,0,0,3626,0,0,0,0,0,order_wdc,0,1,0,0,0,0,0,1406,0,0,0,0,1406,3627,0,0,3627,0,0,0,0,0,0,0,0,0
7,10018649925317144938,0,0,0,0,0,0,0,0,0,0,0,0,0,0,0,0,0,0,0,0,0,0,0,0,0,0,0,0,0,0,0,0,0,55,0,0,0,0,0,0,0,0,0,0,0,0,_order_wdc_graveyard,0,0,0,0,0,0,0,0,0,0,0,0,0,0,0,0,0,0,0,0,0,0,0,0,0,0
7,10018649925317144938,417628,0,0,0,0,0,408237,0,0,0,0,0,0,0,0,0,0,0,0,0,0,0,98508,0,59462,7577122,0,0,0,1881810,0,947,0,56,0,0,0,0,0,0,12464,0,0,825748,0,0,orderline,1791811,947,0,0,0,0,0,60290,0,0,0,12399,60289,1804365,0,0,1804402,0,0,0,0,0,825689,0,0,0
7,10018649925317144938,0,0,0,0,0,0,0,0,0,0,0,0,0,0,0,0,0,0,0,0,0,0,0,0,0,0,0,0,0,0,0,0,0,57,0,0,0,0,0,0,0,0,0,0,0,0,_orderline_graveyard,0,0,0,0,0,0,0,0,0,0,0,0,0,0,0,0,0,0,0,0,0,0,0,0,0,0
7,10018649925317144938,0,0,0,0,0,0,0,0,0,0,0,0,0,0,0,0,0,0,0,0,0,0,0,0,0,1993416,0,0,0,0,0,0,0,58,0,0,0,0,0,0,0,0,0,0,0,0,item,0,0,0,0,0,0,0,0,0,0,0,0,0,996742,0,0,996745,0,0,0,0,0,0,0,0,0
8,10018649925317144938,0,0,0,0,0,0,0,0,0,0,0,0,0,0,0,0,0,0,0,0,0,0,0,0,0,0,0,0,0,0,0,0,0,61,0,0,0,0,0,0,0,0,0,0,0,0,_stock_graveyard,0,0,0,0,0,0,0,0,0,0,0,0,0,0,0,0,0,0,0,0,0,0,0,0,0,0
8,10018649925317144938,503733,0,0,0,0,0,491663,0,0,0,0,0,0,0,0,0,0,0,0,0,0,0,0,0,0,15057520,0,0,0,996397,0,0,0,60,0,0,0,0,0,0,1089,0,0,995420,0,0,stock,0,0,0,0,0,0,0,0,0,0,0,0,0,2766950,0,0,2766944,0,0,0,0,0,995414,0,0,0
8,10018649925317144938,0,0,0,0,0,0,0,0,0,0,0,0,0,0,0,0,0,0,0,0,0,0,0,0,0,0,0,0,0,0,0,0,0,59,0,0,0,0,0,0,0,0,0,0,0,0,_item_graveyard,0,0,0,0,0,0,0,0,0,0,0,0,0,0,0,0,0,0,0,0,0,0,0,0,0,0
8,10018649925317144938,0,0,0,0,0,0,0,0,0,0,0,0,0,0,0,0,0,0,0,0,0,0,353,0,2368,68081,0,0,0,67872,0,0,0,28,353,818,0,0,0,0,208,0,0,0,0,2692,_history_tree_14_updates,2038,0,0,0,0,0,0,5088,2696,0,0,0,7784,0,0,0,0,0,2367,0,0,0,0,0,0,0
8,10018649925317144938,0,0,0,0,0,0,0,0,0,0,0,0,0,0,0,0,0,0,0,0,0,0,1018,0,2,9106,0,0,0,9093,0,0,0,27,2722,0,0,0,0,0,13,0,0,0,0,2724,_history_tree_13_removes,3200,0,0,0,0,0,0,2726,2724,0,0,0,5450,0,0,0,0,0,2,0,0,0,0,0,0,0
8,10018649925317144938,0,0,0,0,0,0,0,0,0,0,0,0,0,0,0,0,0,0,0,0,0,0,338,0,2369,67265,0,0,0,67046,0,0,0,26,338,770,0,0,0,0,219,0,0,0,0,2706,_history_tree_13_updates,2090,0,0,0,0,0,0,5075,2706,0,0,0,7782,0,0,0,0,0,2368,0,0,0,0,0,0,0
8,10018649925317144938,0,0,0,0,0,0,0,0,0,0,0,0,0,0,0,0,0,0,0,0,0,0,1060,0,4,9443,0,0,0,9422,0,0,0,25,2673,1,0,0,0,0,21,0,0,0,0,2676,_history_tree_12_removes,3120,0,0,0,0,0,0,2680,2676,0,0,0,5356,0,0,0,0,0,4,0,0,0,0,0,0,0
8,10018649925317144938,0,0,0,0,0,0,0,0,0,0,0,0,0,0,0,0,0,0,0,0,0,0,381,0,2359,67666,0,0,0,67439,0,0,0,24,381,772,0,0,0,0,227,0,0,0,0,2741,_history_tree_12_updates,2084,0,0,0,0,0,0,5102,2743,0,0,0,7845,0,0,0,0,0,2360,0,0,0,0,0,0,0
8,10018649925317144938,0,0,0,0,0,0,0,0,0,0,0,0,0,0,0,0,0,0,0,0,0,0,1006,0,6,9304,0,0,0,9290,0,0,0,23,2677,3,0,0,0,0,11,0,0,0,0,2683,_history_tree_11_removes,3152,0,0,0,0,0,0,2689,2683,0,0,0,5372,0,0,0,0,0,6,0,0,0,0,0,0,0
8,10018649925317144938,0,0,0,0,0,0,0,0,0,0,0,0,0,0,0,0,0,0,0,0,0,0,351,0,2358,67448,0,0,0,67239,0,0,0,22,351,754,0,0,0,0,212,0,0,0,0,2709,_history_tree_11_updates,2092,0,0,0,0,0,0,5067,2709,0,0,0,7776,0,0,0,0,0,2358,0,0,0,0,0,0,0
8,10018649925317144938,0,0,0,0,0,0,0,0,0,0,0,0,0,0,0,0,0,0,0,0,0,0,1084,0,4,9741,0,0,0,9728,0,0,0,21,2581,1,0,0,0,0,13,0,0,0,0,2585,_history_tree_10_removes,3025,0,0,0,0,0,0,2589,2585,0,0,0,5174,0,0,0,0,0,4,0,0,0,0,0,0,0
8,10018649925317144938,0,0,0,0,0,0,0,0,0,0,0,0,0,0,0,0,0,0,0,0,0,0,357,0,2377,68513,0,0,0,68286,0,0,0,20,357,812,0,0,0,0,227,0,0,0,0,2734,_history_tree_10_updates,2028,0,0,0,0,0,0,5111,2734,0,0,0,7845,0,0,0,0,0,2377,0,0,0,0,0,0,0
8,10018649925317144938,0,0,0,0,0,0,0,0,0,0,0,0,0,0,0,0,0,0,0,0,0,0,1040,0,6,9298,0,0,0,9288,0,0,0,19,2675,1,0,0,0,0,10,0,0,0,0,2681,_history_tree_9_removes,3134,0,0,0,0,0,0,2687,2681,0,0,0,5368,0,0,0,0,0,6,0,0,0,0,0,0,0
8,10018649925317144938,0,0,0,0,0,0,0,0,0,0,0,0,0,0,0,0,0,0,0,0,0,0,356,0,2359,67506,0,0,0,67300,0,0,0,18,356,767,0,0,0,0,205,0,0,0,0,2713,_history_tree_9_updates,2078,0,0,0,0,0,0,5074,2713,0,0,0,7787,0,0,0,0,0,2359,0,0,0,0,0,0,0
8,10018649925317144938,0,0,0,0,0,0,0,0,0,0,0,0,0,0,0,0,0,0,0,0,0,0,958,0,7,8760,0,0,0,8748,0,0,0,17,2554,1,0,0,0,0,12,0,0,0,0,2562,_history_tree_8_removes,2998,0,0,0,0,0,0,2569,2561,0,0,0,5129,0,0,0,0,0,7,0,0,0,0,0,0,0
8,10018649925317144938,0,0,0,0,0,0,0,0,0,0,0,0,0,0,0,0,0,0,0,0,0,0,369,0,2284,64978,0,0,0,64767,0,0,0,16,369,748,0,0,0,0,212,0,0,0,0,2641,_history_tree_8_updates,2026,0,0,0,0,0,0,4937,2641,0,0,0,7578,0,0,0,0,0,2284,0,0,0,0,0,0,0
8,10018649925317144938,0,0,0,0,0,0,0,0,0,0,0,0,0,0,0,0,0,0,0,0,0,0,1045,0,7,9507,0,0,0,9497,0,0,0,15,2612,3,0,0,0,0,10,0,0,0,0,2619,_history_tree_7_removes,3066,0,0,0,0,0,0,2626,2619,0,0,0,5245,0,0,0,0,0,7,0,0,0,0,0,0,0
8,10018649925317144938,0,0,0,0,0,0,0,0,0,0,0,0,0,0,0,0,0,0,0,0,0,0,362,0,2356,67630,0,0,0,67404,0,0,0,14,362,821,0,0,0,0,225,0,0,0,0,2669,_history_tree_7_updates,2022,0,0,0,0,0,0,5074,2669,0,0,0,7743,0,0,0,0,0,2356,0,0,0,0,0,0,0
8,10018649925317144938,0,0,0,0,0,0,0,0,0,0,0,0,0,0,0,0,0,0,0,0,0,0,1008,0,9,9408,0,0,0,9399,0,0,0,13,2729,5,0,0,0,0,9,0,0,0,0,2738,_history_tree_6_removes,3192,0,0,0,0,0,0,2747,2738,0,0,0,5485,0,0,0,0,0,9,0,0,0,0,0,0,0
8,10018649925317144938,0,0,0,0,0,0,0,0,0,0,0,0,0,21333671,22108581,0,0,0,0,0,0,0,359,0,2363,67776,0,0,0,67572,0,0,0,0,359,780,0,0,0,0,205,0,0,0,0,2717,_history_tree_0_updates,2055,0,1480289,0,0,0,0,5085,2717,0,0,0,7802,0,0,0,0,0,2363,0,0,0,0,673953,0,0
8,10018649925317144938,0,0,0,0,0,0,0,0,0,0,0,0,0,0,0,0,0,0,0,0,0,0,1059,0,6,9534,0,0,0,9522,0,0,0,1,2641,2,0,0,0,0,11,0,0,0,0,2647,_history_tree_0_removes,3091,0,0,0,0,0,0,2653,2647,0,0,0,5300,0,0,0,0,0,6,0,0,0,0,0,0,0
8,10018649925317144938,0,0,0,0,0,0,0,0,0,0,0,0,0,0,0,0,0,0,0,0,0,0,291,0,2341,67025,0,0,0,66785,0,0,0,2,291,745,0,0,0,0,239,0,0,0,0,2604,_history_tree_1_updates,1994,0,0,0,0,0,0,4973,2604,0,0,0,7577,0,0,0,0,0,2342,0,0,0,0,0,0,0
8,10018649925317144938,0,0,0,0,0,0,0,0,0,0,0,0,0,0,0,0,0,0,0,0,0,0,1071,0,5,9388,0,0,0,9376,0,0,0,3,2680,2,0,0,0,0,12,0,0,0,0,2685,_history_tree_1_removes,3125,0,0,0,0,0,0,2690,2685,0,0,0,5375,0,0,0,0,0,5,0,0,0,0,0,0,0
8,10018649925317144938,0,0,0,0,0,0,0,0,0,0,0,0,0,0,0,0,0,0,0,0,0,0,354,0,2345,66816,0,0,0,66598,0,0,0,4,354,761,0,0,0,0,216,0,0,0,0,2698,_history_tree_2_updates,2037,0,0,0,0,0,0,5042,2698,0,0,0,7740,0,0,0,0,0,2344,0,0,0,0,0,0,0
8,10018649925317144938,0,0,0,0,0,0,0,0,0,0,0,0,0,0,0,0,0,0,0,0,0,0,993,0,6,9223,0,0,0,9205,0,0,0,5,2649,1,0,0,0,0,18,0,0,0,0,2655,_history_tree_2_removes,3068,0,0,0,0,0,0,2661,2655,0,0,0,5316,0,0,0,0,0,6,0,0,0,0,0,0,0
8,10018649925317144938,0,0,0,0,0,0,0,0,0,0,0,0,0,0,0,0,0,0,0,0,0,0,367,0,2354,66867,0,0,0,66637,0,0,0,6,367,746,0,0,0,0,227,0,0,0,0,2710,_history_tree_3_updates,2088,0,0,0,0,0,0,5072,2710,0,0,0,7782,0,0,0,0,0,2351,0,0,0,0,0,0,0
8,10018649925317144938,0,0,0,0,0,0,0,0,0,0,0,0,0,0,0,0,0,0,0,0,0,0,959,0,6,8980,0,0,0,8968,0,0,0,7,2729,1,0,0,0,0,12,0,0,0,0,2734,_history_tree_3_removes,3169,0,0,0,0,0,0,2740,2734,0,0,0,5474,0,0,0,0,0,6,0,0,0,0,0,0,0
8,10018649925317144938,0,0,0,0,0,0,0,0,0,0,0,0,0,0,0,0,0,0,0,0,0,0,348,0,2348,67719,0,0,0,67531,0,0,0,8,348,823,0,0,0,0,186,0,0,0,0,2664,_history_tree_4_updates,1987,0,0,0,0,0,0,5045,2663,0,0,0,7708,0,0,0,0,0,2349,0,0,0,0,0,0,0
8,10018649925317144938,0,0,0,0,0,0,0,0,0,0,0,0,0,0,0,0,0,0,0,0,0,0,1089,0,9,9749,0,0,0,9735,0,0,0,9,2564,3,0,0,0,0,14,0,0,0,0,2572,_history_tree_4_removes,3021,0,0,0,0,0,0,2581,2572,0,0,0,5153,0,0,0,0,0,9,0,0,0,0,0,0,0
8,10018649925317144938,0,0,0,0,0,0,0,0,0,0,0,0,0,0,0,0,0,0,0,0,0,0,353,0,2328,66223,0,0,0,66009,0,0,0,10,353,747,0,0,0,0,213,0,0,0,0,2663,_history_tree_5_updates,2078,0,0,0,0,0,0,5009,2664,0,0,0,7673,0,0,0,0,0,2328,0,0,0,0,0,0,0
8,10018649925317144938,0,0,0,0,0,0,0,0,0,0,0,0,0,0,0,0,0,0,0,0,0,0,992,0,5,9024,0,0,0,9011,0,0,0,11,2673,1,0,0,0,0,13,0,0,0,0,2678,_history_tree_5_removes,3145,0,0,0,0,0,0,2683,2678,0,0,0,5361,0,0,0,0,0,5,0,0,0,0,0,0,0
8,10018649925317144938,0,0,0,0,0,0,0,0,0,0,0,0,0,0,0,0,0,0,0,0,0,0,376,0,2397,68314,0,0,0,68096,0,0,0,12,376,825,0,0,0,0,216,0,0,0,0,2678,_history_tree_6_updates,2083,0,0,0,0,0,0,5173,2678,0,0,0,7851,0,0,0,0,0,2400,0,0,0,0,0,0,0
8,10018649925317144938,0,0,0,0,0,0,0,0,0,0,0,0,0,0,0,0,0,0,0,0,0,0,1066,0,8,9691,0,0,0,9676,0,0,0,29,2622,2,0,0,0,0,15,0,0,0,0,2630,_history_tree_14_removes,3103,0,0,0,0,0,0,2638,2630,0,0,0,5268,0,0,0,0,0,8,0,0,0,0,0,0,0
8,10018649925317144938,0,0,0,0,0,0,0,0,0,0,0,0,0,0,0,0,0,0,0,0,0,0,348,0,2326,66473,0,0,0,66260,0,0,0,30,348,778,0,0,0,0,212,0,0,0,0,2673,_history_tree_15_updates,2010,0,0,0,0,0,0,4998,2673,0,0,0,7671,0,0,0,0,0,2325,0,0,0,0,0,0,0
8,10018649925317144938,0,0,0,0,0,0,0,0,0,0,0,0,0,0,0,0,0,0,0,0,0,0,1021,0,5,9171,0,0,0,9156,0,0,0,31,2625,1,0,0,0,0,14,0,0,0,0,2630,_history_tree_15_removes,3078,0,0,0,0,0,0,2635,2630,0,0,0,5265,0,0,0,0,0,5,0,0,0,0,0,0,0
8,10018649925317144938,0,0,0,0,0,0,0,0,0,0,0,0,0,0,0,0,0,0,0,0,0,0,355,0,2367,68108,0,0,0,67880,0,0,0,32,355,784,0,0,0,0,226,0,0,0,0,2721,_history_tree_16_updates,2070,0,0,0,0,0,0,5088,2722,0,0,0,7810,0,0,0,0,0,2367,0,0,0,0,0,0,0
8,10018649925317144938,0,0,0,0,0,0,0,0,0,0,0,0,0,0,0,0,0,0,0,0,0,0,1066,0,4,9629,0,0,0,9609,0,0,0,33,2625,0,0,0,0,0,20,0,0,0,0,2629,_history_tree_16_removes,3087,0,0,0,0,0,0,2633,2629,0,0,0,5262,0,0,0,0,0,4,0,0,0,0,0,0,0
8,10018649925317144938,0,0,0,0,0,0,0,0,0,0,0,0,0,0,0,0,0,0,0,0,0,0,359,0,2377,67813,0,0,0,67609,0,0,0,34,359,940,0,0,0,0,204,0,0,0,0,2514,_history_tree_17_updates,1921,0,0,0,0,0,0,5113,2514,0,0,0,7627,0,0,0,0,0,2377,0,0,0,0,0,0,0
8,10018649925317144938,0,0,0,0,0,0,0,0,0,0,0,0,0,0,0,0,0,0,0,0,0,0,851,0,19,9397,0,0,0,9383,0,0,0,35,2479,13,0,0,0,0,14,0,0,0,0,2498,_history_tree_17_removes,2909,0,0,0,0,0,0,2517,2498,0,0,0,5015,0,0,0,0,0,19,0,0,0,0,0,0,0
8,10018649925317144938,0,0,0,0,0,0,0,0,0,0,0,0,0,0,0,0,0,0,0,0,0,0,331,0,2361,67760,0,0,0,67557,0,0,0,36,331,786,0,0,0,0,203,0,0,0,0,2688,_history_tree_18_updates,2028,0,0,0,0,0,0,5057,2688,0,0,0,7742,0,0,0,0,0,2363,0,0,0,0,0,0,0
8,10018649925317144938,0,0,0,0,0,0,0,0,0,0,0,0,0,0,0,0,0,0,0,0,0,0,1087,0,4,9614,0,0,0,9602,0,0,0,37,2677,1,0,0,0,0,12,0,0,0,0,2681,_history_tree_18_removes,3148,0,0,0,0,0,0,2685,2681,0,0,0,5366,0,0,0,0,0,4,0,0,0,0,0,0,0
8,10018649925317144938,0,0,0,0,0,0,0,0,0,0,0,0,0,0,0,0,0,0,0,0,0,0,342,0,2337,66866,0,0,0,66667,0,0,0,38,342,781,0,0,0,0,199,0,0,0,0,2642,_history_tree_19_updates,2015,0,0,0,0,0,0,5017,2642,0,0,0,7659,0,0,0,0,0,2337,0,0,0,0,0,0,0
8,10018649925317144938,0,0,0,0,0,0,0,0,0,0,0,0,0,0,0,0,0,0,0,0,0,0,1050,0,5,9355,0,0,0,9341,0,0,0,39,2569,3,0,0,0,0,14,0,0,0,0,2574,_history_tree_19_removes,3007,0,0,0,0,0,0,2579,2574,0,0,0,5153,0,0,0,0,0,5,0,0,0,0,0,0,0
8,10018649925317144938,49656,0,0,0,0,0,45988,0,0,0,0,0,0,0,0,0,0,0,0,0,0,0,0,0,0,298347,0,0,0,97659,0,0,0,40,0,0,0,0,0,0,2162,0,0,95629,0,0,warehouse,0,0,0,0,0,0,0,0,0,0,0,0,0,197531,0,0,197530,0,0,0,0,0,95626,0,0,0
8,10018649925317144938,0,0,0,0,0,0,0,0,0,0,0,0,0,0,0,0,0,0,0,0,0,0,0,0,0,0,0,0,0,0,0,0,0,41,0,0,0,0,0,0,0,0,0,0,0,0,_warehouse_graveyard,0,0,0,0,0,0,0,0,0,0,0,0,0,0,0,0,0,0,0,0,0,0,0,0,0,0
8,10018649925317144938,98110,0,0,0,0,0,96336,0,0,0,0,0,0,0,0,0,0,0,0,0,0,0,0,0,0,302177,0,0,0,196588,0,0,0,42,0,0,0,0,0,0,1015,0,0,194447,0,0,district,0,0,0,0,0,0,0,0,0,0,0,0,0,104507,0,0,104509,0,0,0,0,0,194455,0,0,0
8,10018649925317144938,0,0,0,0,0,0,0,0,0,0,0,0,0,0,0,0,0,0,0,0,0,0,0,0,0,0,0,0,0,0,0,0,0,43,0,0,0,0,0,0,0,0,0,0,0,0,_district_graveyard,0,0,0,0,0,0,0,0,0,0,0,0,0,0,0,0,0,0,0,0,0,0,0,0,0,0
8,10018649925317144938,63935,0,0,0,0,0,60902,0,0,0,0,0,0,0,0,0,0,0,0,0,0,0,0,0,0,801561,0,0,0,124840,0,0,0,44,0,0,0,0,0,0,1,0,0,124840,0,0,customer,0,0,0,0,0,0,0,0,0,0,0,0,0,142350,0,0,142348,0,0,0,0,0,124841,0,0,0
8,10018649925317144938,0,0,0,0,0,0,0,0,0,0,0,0,0,0,0,0,0,0,0,0,0,0,0,0,0,0,0,0,0,0,0,0,0,45,0,0,0,0,0,0,0,0,0,0,0,0,_customer_graveyard,0,0,0,0,0,0,0,0,0,0,0,0,0,0,0,0,0,0,0,0,0,0,0,0,0,0
8,10018649925317144938,0,0,0,0,0,0,0,0,0,0,0,0,0,0,0,0,0,0,0,0,0,0,0,0,0,186633,0,0,0,0,0,0,0,46,0,0,0,0,0,0,62212,0,0,0,0,0,customerwdl,0,0,0,0,0,0,0,0,0,0,0,62207,0,62207,0,0,62206,0,0,0,0,0,0,0,0,0
8,10018649925317144938,0,0,0,0,0,0,0,0,0,0,0,0,0,0,0,0,0,0,0,0,0,0,0,0,0,0,0,0,0,0,0,0,0,47,0,0,0,0,0,0,0,0,0,0,0,0,_customerwdl_graveyard,0,0,0,0,0,0,0,0,0,0,0,0,0,0,0,0,0,0,0,0,0,0,0,0,0,0
8,10018649925317144938,0,0,0,0,0,0,0,0,0,0,0,0,0,0,0,0,0,0,0,0,0,0,0,0,2258,120573,0,0,0,40192,0,0,0,48,0,0,0,0,0,0,0,0,0,0,0,0,history,0,0,0,0,0,0,0,2284,0,0,0,0,2284,0,0,0,0,0,0,0,0,0,0,0,0,0
8,10018649925317144938,0,0,0,0,0,0,0,0,0,0,0,0,0,0,0,0,0,0,0,0,0,0,0,0,0,0,0,0,0,0,0,0,0,49,0,0,0,0,0,0,0,0,0,0,0,0,_history_graveyard,0,0,0,0,0,0,0,0,0,0,0,0,0,0,0,0,0,0,0,0,0,0,0,0,0,0
8,10018649925317144938,43502,86891,0,86890,0,0,43425,0,0,0,0,0,0,0,0,0,0,0,0,0,0,0,67599,0,2101,1127697,0,0,0,276046,0,10046,0,50,390,0,0,0,0,0,99808,0,0,0,0,0,neworder,90231,10048,0,0,0,0,0,4546,245,2,0,87196,4546,97247,0,0,97248,0,2054,0,0,0,0,0,0,0
8,10018649925317144938,0,0,0,0,0,0,0,0,0,0,0,0,0,0,0,0,0,0,0,0,0,0,0,0,0,0,0,0,0,0,0,0,0,51,0,0,0,0,0,0,0,0,0,0,0,0,_neworder_graveyard,0,0,0,0,0,0,0,0,0,0,0,0,0,0,0,0,0,0,0,0,0,0,0,0,0,0
8,10018649925317144938,43996,0,0,0,0,0,42937,0,0,0,0,0,0,0,0,0,0,0,0,0,0,0,0,0,4361,845136,0,0,0,191157,0,0,0,52,0,0,0,0,0,0,0,0,0,86937,0,0,order,0,0,0,0,0,0,0,4367,0,0,0,0,4367,90554,0,0,90554,0,0,0,0,0,86937,0,0,0
8,10018649925317144938,0,0,0,0,0,0,0,0,0,0,0,0,0,0,0,0,0,0,0,0,0,0,0,0,0,0,0,0,0,0,0,0,0,53,0,0,0,0,0,0,0,0,0,0,0,0,_order_graveyard,0,0,0,0,0,0,0,0,0,0,0,0,0,0,0,0,0,0,0,0,0,0,0,0,0,0
8,10018649925317144938,0,0,0,0,0,0,0,0,0,0,0,0,0,0,0,0,3616,0,0,0,0,0,0,0,1347,314466,0,0,0,101205,0,0,0,54,0,0,0,0,0,0,3616,0,0,0,0,0,order_wdc,0,0,0,0,0,0,0,1352,0,0,0,0,1352,3616,0,0,3616,0,0,0,0,0,0,0,0,0
8,10018649925317144938,0,0,0,0,0,0,0,0,0,0,0,0,0,0,0,0,0,0,0,0,0,0,0,0,0,0,0,0,0,0,0,0,0,55,0,0,0,0,0,0,0,0,0,0,0,0,_order_wdc_graveyard,0,0,0,0,0,0,0,0,0,0,0,0,0,0,0,0,0,0,0,0,0,0,0,0,0,0
8,10018649925317144938,417821,0,0,0,0,0,408477,0,0,0,0,0,0,0,0,0,0,0,0,0,0,0,99560,0,59400,7569997,0,0,0,1879924,0,1169,0,56,0,0,0,0,0,0,12587,0,0,826375,0,0,orderline,1809951,1169,0,0,0,0,0,60317,0,0,0,12489,60319,1822268,0,0,1822231,0,0,0,0,0,826448,0,0,0
8,10018649925317144938,0,0,0,0,0,0,0,0,0,0,0,0,0,0,0,0,0,0,0,0,0,0,0,0,0,0,0,0,0,0,0,0,0,57,0,0,0,0,0,0,0,0,0,0,0,0,_orderline_graveyard,0,0,0,0,0,0,0,0,0,0,0,0,0,0,0,0,0,0,0,0,0,0,0,0,0,0
8,10018649925317144938,0,0,0,0,0,0,0,0,0,0,0,0,0,0,0,0,0,0,0,0,0,0,0,0,0,1988292,0,0,0,0,0,0,0,58,0,0,0,0,0,0,0,0,0,0,0,0,item,0,0,0,0,0,0,0,0,0,0,0,0,0,994164,0,0,994167,0,0,0,0,0,0,0,0,0
9,10018649925317144938,0,0,0,0,0,0,0,0,0,0,0,0,0,0,0,0,0,0,0,0,0,0,0,0,0,0,0,0,0,0,0,0,0,61,0,0,0,0,0,0,0,0,0,0,0,0,_stock_graveyard,0,0,0,0,0,0,0,0,0,0,0,0,0,0,0,0,0,0,0,0,0,0,0,0,0,0
9,10018649925317144938,503249,0,0,0,0,0,491120,0,0,0,0,0,0,0,0,0,0,0,0,0,0,0,0,0,0,15067443,0,0,0,995486,0,0,0,60,0,0,0,0,0,0,1091,0,0,994379,0,0,stock,0,0,0,0,0,0,0,0,0,0,0,0,0,2770224,0,0,2770219,0,0,0,0,0,994398,0,0,0
9,10018649925317144938,0,0,0,0,0,0,0,0,0,0,0,0,0,0,0,0,0,0,0,0,0,0,0,0,0,0,0,0,0,0,0,0,0,59,0,0,0,0,0,0,0,0,0,0,0,0,_item_graveyard,0,0,0,0,0,0,0,0,0,0,0,0,0,0,0,0,0,0,0,0,0,0,0,0,0,0
9,10018649925317144938,0,0,0,0,0,0,0,0,0,0,0,0,0,0,0,0,0,0,0,0,0,0,355,0,2353,66978,0,0,0,66787,0,0,0,28,355,804,0,0,0,0,191,0,0,0,0,2705,_history_tree_14_updates,2036,0,0,0,0,0,0,5063,2701,0,0,0,7764,0,0,0,0,0,2354,0,0,0,0,0,0,0
9,10018649925317144938,0,0,0,0,0,0,0,0,0,0,0,0,0,0,0,0,0,0,0,0,0,0,1100,0,1,9465,0,0,0,9451,0,0,0,27,2738,0,0,0,0,0,14,0,0,0,0,2739,_history_tree_13_removes,3195,0,0,0,0,0,0,2740,2739,0,0,0,5479,0,0,0,0,0,1,0,0,0,0,0,0,0
9,10018649925317144938,0,0,0,0,0,0,0,0,0,0,0,0,0,0,0,0,0,0,0,0,0,0,336,0,2334,66859,0,0,0,66648,0,0,0,26,336,706,0,0,0,0,212,0,0,0,0,2672,_history_tree_13_updates,2081,0,0,0,0,0,0,5006,2672,0,0,0,7677,0,0,0,0,0,2336,0,0,0,0,0,0,0
9,10018649925317144938,0,0,0,0,0,0,0,0,0,0,0,0,0,0,0,0,0,0,0,0,0,0,1044,0,4,9406,0,0,0,9396,0,0,0,25,2633,1,0,0,0,0,10,0,0,0,0,2637,_history_tree_12_removes,3109,0,0,0,0,0,0,2641,2637,0,0,0,5278,0,0,0,0,0,4,0,0,0,0,0,0,0
9,10018649925317144938,0,0,0,0,0,0,0,0,0,0,0,0,0,0,0,0,0,0,0,0,0,0,354,0,2335,66950,0,0,0,66728,0,0,0,24,354,771,0,0,0,0,220,0,0,0,0,2689,_history_tree_12_updates,2048,0,0,0,0,0,0,5022,2687,0,0,0,7709,0,0,0,0,0,2335,0,0,0,0,0,0,0
9,10018649925317144938,0,0,0,0,0,0,0,0,0,0,0,0,0,0,0,0,0,0,0,0,0,0,989,0,5,9135,0,0,0,9123,0,0,0,23,2635,1,0,0,0,0,12,0,0,0,0,2640,_history_tree_11_removes,3064,0,0,0,0,0,0,2645,2640,0,0,0,5285,0,0,0,0,0,5,0,0,0,0,0,0,0
9,10018649925317144938,0,0,0,0,0,0,0,0,0,0,0,0,0,0,0,0,0,0,0,0,0,0,369,0,2320,66172,0,0,0,65970,0,0,0,22,369,758,0,0,0,0,201,0,0,0,0,2687,_history_tree_11_updates,2041,0,0,0,0,0,0,5007,2687,0,0,0,7694,0,0,0,0,0,2318,0,0,0,0,0,0,0
9,10018649925317144938,0,0,0,0,0,0,0,0,0,0,0,0,0,0,0,0,0,0,0,0,0,0,1024,0,6,9314,0,0,0,9304,0,0,0,21,2565,1,0,0,0,0,10,0,0,0,0,2571,_history_tree_10_removes,3024,0,0,0,0,0,0,2577,2571,0,0,0,5148,0,0,0,0,0,6,0,0,0,0,0,0,0
9,10018649925317144938,0,0,0,0,0,0,0,0,0,0,0,0,0,0,0,0,0,0,0,0,0,0,362,0,2345,67208,0,0,0,66990,0,0,0,20,362,780,0,0,0,0,217,0,0,0,0,2697,_history_tree_10_updates,2064,0,0,0,0,0,0,5052,2697,0,0,0,7749,0,0,0,0,0,2345,0,0,0,0,0,0,0
9,10018649925317144938,0,0,0,0,0,0,0,0,0,0,0,0,0,0,0,0,0,0,0,0,0,0,1092,0,2,9424,0,0,0,9412,0,0,0,19,2714,0,0,0,0,0,12,0,0,0,0,2716,_history_tree_9_removes,3154,0,0,0,0,0,0,2718,2716,0,0,0,5434,0,0,0,0,0,2,0,0,0,0,0,0,0
9,10018649925317144938,0,0,0,0,0,0,0,0,0,0,0,0,0,0,0,0,0,0,0,0,0,0,331,0,2321,66656,0,0,0,66402,0,0,0,18,331,687,0,0,0,0,252,0,0,0,0,2653,_history_tree_9_updates,2083,0,0,0,0,0,0,4974,2653,0,0,0,7628,0,0,0,0,0,2322,0,0,0,0,0,0,0
9,10018649925317144938,0,0,0,0,0,0,0,0,0,0,0,0,0,0,0,0,0,0,0,0,0,0,1016,0,6,9059,0,0,0,9052,0,0,0,17,2736,1,0,0,0,0,10,0,0,0,0,2741,_history_tree_8_removes,3177,0,0,0,0,0,0,2747,2741,0,0,0,5488,0,0,0,0,0,6,0,0,0,0,0,0,0
9,10018649925317144938,0,0,0,0,0,0,0,0,0,0,0,0,0,0,0,0,0,0,0,0,0,0,339,0,2359,67040,0,0,0,66824,0,0,0,16,339,727,0,0,0,0,215,0,0,0,0,2677,_history_tree_8_updates,2076,0,0,0,0,0,0,5057,2677,0,0,0,7734,0,0,0,0,0,2359,0,0,0,0,0,0,0
9,10018649925317144938,0,0,0,0,0,0,0,0,0,0,0,0,0,0,0,0,0,0,0,0,0,0,1092,0,5,9696,0,0,0,9686,0,0,0,15,2647,0,0,0,0,0,10,0,0,0,0,2652,_history_tree_7_removes,3134,0,0,0,0,0,0,2657,2652,0,0,0,5309,0,0,0,0,0,5,0,0,0,0,0,0,0
9,10018649925317144938,0,0,0,0,0,0,0,0,0,0,0,0,0,0,0,0,0,0,0,0,0,0,342,0,2393,68681,0,0,0,68445,0,0,0,14,342,798,0,0,0,0,237,0,0,0,0,2719,_history_tree_7_updates,2085,0,0,0,0,0,0,5127,2719,0,0,0,7846,0,0,0,0,0,2392,0,0,0,0,0,0,0
9,10018649925317144938,0,0,0,0,0,0,0,0,0,0,0,0,0,0,0,0,0,0,0,0,0,0,1001,0,7,9118,0,0,0,9098,0,0,0,13,2604,5,0,0,0,0,20,0,0,0,0,2611,_history_tree_6_removes,3061,0,0,0,0,0,0,2618,2611,0,0,0,5229,0,0,0,0,0,7,0,0,0,0,0,0,0
9,10018649925317144938,0,0,0,0,0,0,0,0,0,0,0,0,0,21395113,22114933,0,0,0,0,0,0,0,385,0,2348,67070,0,0,0,66888,0,0,0,0,385,782,0,0,0,0,180,0,0,0,0,2732,_history_tree_0_updates,2071,0,1480308,0,0,0,0,5079,2732,0,0,0,7811,0,0,0,0,0,2348,0,0,0,0,732999,0,0
9,10018649925317144938,0,0,0,0,0,0,0,0,0,0,0,0,0,0,0,0,0,0,0,0,0,0,995,0,5,9249,0,0,0,9232,0,0,0,1,2629,0,0,0,0,0,17,0,0,0,0,2634,_history_tree_0_removes,3081,0,0,0,0,0,0,2639,2634,0,0,0,5273,0,0,0,0,0,5,0,0,0,0,0,0,0
9,10018649925317144938,0,0,0,0,0,0,0,0,0,0,0,0,0,0,0,0,0,0,0,0,0,0,335,0,2391,68898,0,0,0,68680,0,0,0,2,335,839,0,0,0,0,218,0,0,0,0,2719,_history_tree_1_updates,2014,0,0,0,0,0,0,5118,2719,0,0,0,7837,0,0,0,0,0,2392,0,0,0,0,0,0,0
9,10018649925317144938,0,0,0,0,0,0,0,0,0,0,0,0,0,0,0,0,0,0,0,0,0,0,1117,0,5,9907,0,0,0,9896,0,0,0,3,2663,2,0,0,0,0,11,0,0,0,0,2668,_history_tree_1_removes,3126,0,0,0,0,0,0,2673,2668,0,0,0,5341,0,0,0,0,0,5,0,0,0,0,0,0,0
9,10018649925317144938,0,0,0,0,0,0,0,0,0,0,0,0,0,0,0,0,0,0,0,0,0,0,347,0,2334,66257,0,0,0,66044,0,0,0,4,347,725,0,0,0,0,211,0,0,0,0,2677,_history_tree_2_updates,2074,0,0,0,0,0,0,5014,2677,0,0,0,7691,0,0,0,0,0,2333,0,0,0,0,0,0,0
9,10018649925317144938,0,0,0,0,0,0,0,0,0,0,0,0,0,0,0,0,0,0,0,0,0,0,966,0,5,8908,0,0,0,8891,0,0,0,5,2708,0,0,0,0,0,17,0,0,0,0,2713,_history_tree_2_removes,3163,0,0,0,0,0,0,2718,2713,0,0,0,5431,0,0,0,0,0,5,0,0,0,0,0,0,0
9,10018649925317144938,0,0,0,0,0,0,0,0,0,0,0,0,0,0,0,0,0,0,0,0,0,0,396,0,2369,68457,0,0,0,68229,0,0,0,6,396,813,0,0,0,0,228,0,0,0,0,2766,_history_tree_3_updates,2077,0,0,0,0,0,0,5137,2766,0,0,0,7903,0,0,0,0,0,2372,0,0,0,0,0,0,0
9,10018649925317144938,0,0,0,0,0,0,0,0,0,0,0,0,0,0,0,0,0,0,0,0,0,0,1124,0,5,9922,0,0,0,9916,0,0,0,7,2612,1,0,0,0,0,6,0,0,0,0,2617,_history_tree_3_removes,3080,0,0,0,0,0,0,2622,2617,0,0,0,5239,0,0,0,0,0,5,0,0,0,0,0,0,0
9,10018649925317144938,0,0,0,0,0,0,0,0,0,0,0,0,0,0,0,0,0,0,0,0,0,0,410,0,2395,68372,0,0,0,68160,0,0,0,8,410,843,0,0,0,0,212,0,0,0,0,2748,_history_tree_4_updates,2092,0,0,0,0,0,0,5199,2748,0,0,0,7947,0,0,0,0,0,2394,0,0,0,0,0,0,0
9,10018649925317144938,0,0,0,0,0,0,0,0,0,0,0,0,0,0,0,0,0,0,0,0,0,0,1046,0,8,9482,0,0,0,9466,0,0,0,9,2658,2,0,0,0,0,16,0,0,0,0,2666,_history_tree_4_removes,3128,0,0,0,0,0,0,2674,2666,0,0,0,5340,0,0,0,0,0,8,0,0,0,0,0,0,0
9,10018649925317144938,0,0,0,0,0,0,0,0,0,0,0,0,0,0,0,0,0,0,0,0,0,0,337,0,2380,68538,0,0,0,68334,0,0,0,10,337,812,0,0,0,0,205,0,0,0,0,2693,_history_tree_5_updates,2020,0,0,0,0,0,0,5097,2692,0,0,0,7789,0,0,0,0,0,2379,0,0,0,0,0,0,0
9,10018649925317144938,0,0,0,0,0,0,0,0,0,0,0,0,0,0,0,0,0,0,0,0,0,0,1077,0,6,9764,0,0,0,9754,0,0,0,11,2604,3,0,0,0,0,10,0,0,0,0,2610,_history_tree_5_removes,3055,0,0,0,0,0,0,2616,2610,0,0,0,5226,0,0,0,0,0,6,0,0,0,0,0,0,0
9,10018649925317144938,0,0,0,0,0,0,0,0,0,0,0,0,0,0,0,0,0,0,0,0,0,0,386,0,2300,65803,0,0,0,65591,0,0,0,12,386,780,0,0,0,0,211,0,0,0,0,2596,_history_tree_6_updates,2027,0,0,0,0,0,0,4984,2596,0,0,0,7580,0,0,0,0,0,2298,0,0,0,0,0,0,0
9,10018649925317144938,0,0,0,0,0,0,0,0,0,0,0,0,0,0,0,0,0,0,0,0,0,0,1003,0,7,9189,0,0,0,9176,0,0,0,29,2592,1,0,0,0,0,13,0,0,0,0,2599,_history_tree_14_removes,3052,0,0,0,0,0,0,2606,2599,0,0,0,5205,0,0,0,0,0,7,0,0,0,0,0,0,0
9,10018649925317144938,0,0,0,0,0,0,0,0,0,0,0,0,0,0,0,0,0,0,0,0,0,0,336,0,2374,67916,0,0,0,67725,0,0,0,30,336,794,0,0,0,0,191,0,0,0,0,2694,_history_tree_15_updates,2038,0,0,0,0,0,0,5085,2694,0,0,0,7779,0,0,0,0,0,2374,0,0,0,0,0,0,0
9,10018649925317144938,0,0,0,0,0,0,0,0,0,0,0,0,0,0,0,0,0,0,0,0,0,0,1044,0,6,9416,0,0,0,9409,0,0,0,31,2624,3,0,0,0,0,7,0,0,0,0,2630,_history_tree_15_removes,3087,0,0,0,0,0,0,2636,2630,0,0,0,5266,0,0,0,0,0,6,0,0,0,0,0,0,0
9,10018649925317144938,0,0,0,0,0,0,0,0,0,0,0,0,0,0,0,0,0,0,0,0,0,0,342,0,2362,67818,0,0,0,67564,0,0,0,32,342,770,0,0,0,0,253,0,0,0,0,2698,_history_tree_16_updates,2063,0,0,0,0,0,0,5068,2697,0,0,0,7765,0,0,0,0,0,2364,0,0,0,0,0,0,0
9,10018649925317144938,0,0,0,0,0,0,0,0,0,0,0,0,0,0,0,0,0,0,0,0,0,0,1052,0,3,9560,0,0,0,9545,0,0,0,33,2666,0,0,0,0,0,15,0,0,0,0,2669,_history_tree_16_removes,3129,0,0,0,0,0,0,2672,2669,0,0,0,5341,0,0,0,0,0,3,0,0,0,0,0,0,0
9,10018649925317144938,0,0,0,0,0,0,0,0,0,0,0,0,0,0,0,0,0,0,0,0,0,0,334,0,2340,66545,0,0,0,66352,0,0,0,34,334,907,0,0,0,0,194,0,0,0,0,2473,_history_tree_17_updates,1904,0,0,0,0,0,0,5013,2473,0,0,0,7486,0,0,0,0,0,2339,0,0,0,0,0,0,0
9,10018649925317144938,0,0,0,0,0,0,0,0,0,0,0,0,0,0,0,0,0,0,0,0,0,0,856,0,18,9156,0,0,0,9137,0,0,0,35,2508,10,0,0,0,0,19,0,0,0,0,2527,_history_tree_17_removes,2957,0,0,0,0,0,0,2545,2527,0,0,0,5072,0,0,0,0,0,18,0,0,0,0,0,0,0
9,10018649925317144938,0,0,0,0,0,0,0,0,0,0,0,0,0,0,0,0,0,0,0,0,0,0,356,0,2327,66211,0,0,0,65968,0,0,0,36,356,751,0,0,0,0,240,0,0,0,0,2682,_history_tree_18_updates,2049,0,0,0,0,0,0,5010,2682,0,0,0,7691,0,0,0,0,0,2326,0,0,0,0,0,0,0
9,10018649925317144938,0,0,0,0,0,0,0,0,0,0,0,0,0,0,0,0,0,0,0,0,0,0,1003,0,5,8971,0,0,0,8956,0,0,0,37,2715,0,0,0,0,0,15,0,0,0,0,2720,_history_tree_18_removes,3167,0,0,0,0,0,0,2725,2720,0,0,0,5445,0,0,0,0,0,5,0,0,0,0,0,0,0
9,10018649925317144938,0,0,0,0,0,0,0,0,0,0,0,0,0,0,0,0,0,0,0,0,0,0,343,0,2408,69259,0,0,0,69041,0,0,0,38,343,807,0,0,0,0,217,0,0,0,0,2706,_history_tree_19_updates,2056,0,0,0,0,0,0,5153,2706,0,0,0,7859,0,0,0,0,0,2403,0,0,0,0,0,0,0
9,10018649925317144938,0,0,0,0,0,0,0,0,0,0,0,0,0,0,0,0,0,0,0,0,0,0,1112,0,7,9842,0,0,0,9827,0,0,0,39,2665,4,0,0,0,0,15,0,0,0,0,2672,_history_tree_19_removes,3127,0,0,0,0,0,0,2679,2672,0,0,0,5351,0,0,0,0,0,7,0,0,0,0,0,0,0
9,10018649925317144938,49214,0,0,0,0,0,45726,0,0,0,0,0,0,0,0,0,0,0,0,0,0,0,0,0,0,296832,0,0,0,97014,0,0,0,40,0,0,0,0,0,0,2202,0,0,94937,0,0,warehouse,0,0,0,0,0,0,0,0,0,0,0,0,0,196671,0,0,196673,0,0,0,0,0,94934,0,0,0
9,10018649925317144938,0,0,0,0,0,0,0,0,0,0,0,0,0,0,0,0,0,0,0,0,0,0,0,0,0,0,0,0,0,0,0,0,0,41,0,0,0,0,0,0,0,0,0,0,0,0,_warehouse_graveyard,0,0,0,0,0,0,0,0,0,0,0,0,0,0,0,0,0,0,0,0,0,0,0,0,0,0
9,10018649925317144938,97753,0,0,0,0,0,95781,0,0,0,0,0,0,0,0,0,0,0,0,0,0,0,0,0,3,300538,0,0,0,195683,0,0,0,42,0,0,0,0,0,0,1008,0,0,193533,0,0,district,0,0,0,0,0,0,0,3,0,0,0,0,3,103782,0,0,103781,3,0,0,0,0,193532,0,0,0
9,10018649925317144938,0,0,0,0,0,0,0,0,0,0,0,0,0,0,0,0,0,0,0,0,0,0,0,0,0,0,0,0,0,0,0,0,0,43,0,0,0,0,0,0,0,0,0,0,0,0,_district_graveyard,0,0,0,0,0,0,0,0,0,0,0,0,0,0,0,0,0,0,0,0,0,0,0,0,0,0
9,10018649925317144938,64234,0,0,0,0,0,60740,0,0,0,0,0,0,0,0,0,0,0,0,0,0,0,0,0,0,800136,0,0,0,124971,0,0,0,44,0,0,0,0,0,0,1,0,0,124970,0,0,customer,0,0,0,0,0,0,0,0,0,0,0,0,0,141738,0,0,141739,0,0,0,0,0,124970,0,0,0
9,10018649925317144938,0,0,0,0,0,0,0,0,0,0,0,0,0,0,0,0,0,0,0,0,0,0,0,0,0,0,0,0,0,0,0,0,0,45,0,0,0,0,0,0,0,0,0,0,0,0,_customer_graveyard,0,0,0,0,0,0,0,0,0,0,0,0,0,0,0,0,0,0,0,0,0,0,0,0,0,0
9,10018649925317144938,0,0,0,0,0,0,0,0,0,0,0,0,0,0,0,0,0,0,0,0,0,0,0,0,0,185640,0,0,0,0,0,0,0,46,0,0,0,0,0,0,61879,0,0,0,0,0,customerwdl,0,0,0,0,0,0,0,0,0,0,0,61882,0,61882,0,0,61882,0,0,0,0,0,0,0,0,0
9,10018649925317144938,0,0,0,0,0,0,0,0,0,0,0,0,0,0,0,0,0,0,0,0,0,0,0,0,0,0,0,0,0,0,0,0,0,47,0,0,0,0,0,0,0,0,0,0,0,0,_customerwdl_graveyard,0,0,0,0,0,0,0,0,0,0,0,0,0,0,0,0,0,0,0,0,0,0,0,0,0,0
9,10018649925317144938,0,0,0,0,0,0,0,0,0,0,0,0,0,0,0,0,0,0,0,0,0,0,0,0,2238,119382,0,0,0,39793,0,0,0,48,0,0,0,0,0,0,0,0,0,0,0,0,history,0,0,0,0,0,0,0,2268,0,0,0,0,2268,0,0,0,0,0,0,0,0,0,0,0,0,0
9,10018649925317144938,0,0,0,0,0,0,0,0,0,0,0,0,0,0,0,0,0,0,0,0,0,0,0,0,0,0,0,0,0,0,0,0,0,49,0,0,0,0,0,0,0,0,0,0,0,0,_history_graveyard,0,0,0,0,0,0,0,0,0,0,0,0,0,0,0,0,0,0,0,0,0,0,0,0,0,0
9,10018649925317144938,43742,87430,0,87430,0,0,43661,0,0,0,0,0,0,0,0,0,0,0,0,0,0,0,65463,0,2092,1134414,0,0,0,276928,0,9630,0,50,625,0,0,0,0,0,101174,0,0,0,0,0,neworder,88588,9628,0,0,0,0,0,4761,187,3,0,87661,4763,97288,0,0,97289,0,2042,0,0,0,0,0,0,0
9,10018649925317144938,0,0,0,0,0,0,0,0,0,0,0,0,0,0,0,0,0,0,0,0,0,0,0,0,0,0,0,0,0,0,0,0,0,51,0,0,0,0,0,0,0,0,0,0,0,0,_neworder_graveyard,0,0,0,0,0,0,0,0,0,0,0,0,0,0,0,0,0,0,0,0,0,0,0,0,0,0
9,10018649925317144938,44172,0,0,0,0,0,43222,0,0,0,0,0,0,0,0,0,0,0,0,0,0,0,0,0,4358,847431,0,0,0,191499,0,0,0,52,0,0,0,0,0,0,0,0,0,87389,0,0,order,0,0,0,0,0,0,0,4375,0,0,0,0,4375,90978,0,0,90979,0,0,0,0,0,87390,0,0,0
9,10018649925317144938,0,0,0,0,0,0,0,0,0,0,0,0,0,0,0,0,0,0,0,0,0,0,0,0,0,0,0,0,0,0,0,0,0,53,0,0,0,0,0,0,0,0,0,0,0,0,_order_graveyard,0,0,0,0,0,0,0,0,0,0,0,0,0,0,0,0,0,0,0,0,0,0,0,0,0,0
9,10018649925317144938,0,0,0,0,0,0,0,0,0,0,0,0,0,0,0,0,3587,0,0,0,0,0,0,0,1402,314203,0,0,0,101146,0,0,0,54,1,0,0,0,0,0,3588,0,0,0,0,0,order_wdc,0,0,0,0,0,0,0,1417,0,0,0,0,1417,3588,0,0,3588,0,0,0,0,0,0,0,0,0
9,10018649925317144938,0,0,0,0,0,0,0,0,0,0,0,0,0,0,0,0,0,0,0,0,0,0,0,0,0,0,0,0,0,0,0,0,0,55,0,0,0,0,0,0,0,0,0,0,0,0,_order_wdc_graveyard,0,0,0,0,0,0,0,0,0,0,0,0,0,0,0,0,0,0,0,0,0,0,0,0,0,0
9,10018649925317144938,419566,0,0,0,0,0,410353,0,0,0,0,0,0,0,0,0,0,0,0,0,0,0,99526,0,59309,7583782,0,0,0,1883431,0,1038,0,56,0,0,0,0,0,0,12515,0,0,829910,0,0,orderline,1809365,1038,0,0,0,0,0,60141,0,0,0,12448,60139,1821843,0,0,1821857,0,0,0,0,0,829885,0,0,0
9,10018649925317144938,0,0,0,0,0,0,0,0,0,0,0,0,0,0,0,0,0,0,0,0,0,0,0,0,0,0,0,0,0,0,0,0,0,57,0,0,0,0,0,0,0,0,0,0,0,0,_orderline_graveyard,0,0,0,0,0,0,0,0,0,0,0,0,0,0,0,0,0,0,0,0,0,0,0,0,0,0
9,10018649925317144938,0,0,0,0,0,0,0,0,0,0,0,0,0,0,0,0,0,0,0,0,0,0,0,0,0,1988540,0,0,0,0,0,0,0,58,0,0,0,0,0,0,0,0,0,0,0,0,item,0,0,0,0,0,0,0,0,0,0,0,0,0,994265,0,0,994259,0,0,0,0,0,0,0,0,0
10,10018649925317144938,0,0,0,0,0,0,0,0,0,0,0,0,0,0,0,0,0,0,0,0,0,0,0,0,0,0,0,0,0,0,0,0,0,61,0,0,0,0,0,0,0,0,0,0,0,0,_stock_graveyard,0,0,0,0,0,0,0,0,0,0,0,0,0,0,0,0,0,0,0,0,0,0,0,0,0,0
10,10018649925317144938,504839,0,0,0,0,0,492791,0,0,0,0,0,0,0,0,0,0,0,0,0,0,0,0,0,0,15170960,0,0,0,998724,0,0,0,60,0,0,0,0,0,0,1122,0,0,997569,0,0,stock,0,0,0,0,0,0,0,0,0,0,0,0,0,2792949,0,0,2792953,0,0,0,0,0,997559,0,0,0
10,10018649925317144938,0,0,0,0,0,0,0,0,0,0,0,0,0,0,0,0,0,0,0,0,0,0,0,0,0,0,0,0,0,0,0,0,0,59,0,0,0,0,0,0,0,0,0,0,0,0,_item_graveyard,0,0,0,0,0,0,0,0,0,0,0,0,0,0,0,0,0,0,0,0,0,0,0,0,0,0
10,10018649925317144938,0,0,0,0,0,0,0,0,0,0,0,0,0,0,0,0,0,0,0,0,0,0,338,0,2356,67509,0,0,0,67289,0,0,0,28,338,805,0,0,0,0,219,0,0,0,0,2687,_history_tree_14_updates,2010,0,0,0,0,0,0,5047,2687,0,0,0,7734,0,0,0,0,0,2354,0,0,0,0,0,0,0
10,10018649925317144938,0,0,0,0,0,0,0,0,0,0,0,0,0,0,0,0,0,0,0,0,0,0,978,0,4,8995,0,0,0,8980,0,0,0,27,2654,0,0,0,0,0,15,0,0,0,0,2658,_history_tree_13_removes,3107,0,0,0,0,0,0,2662,2658,0,0,0,5320,0,0,0,0,0,4,0,0,0,0,0,0,0
10,10018649925317144938,0,0,0,0,0,0,0,0,0,0,0,0,0,0,0,0,0,0,0,0,0,0,310,0,2346,66659,0,0,0,66469,0,0,0,26,310,757,0,0,0,0,189,0,0,0,0,2644,_history_tree_13_updates,2030,0,0,0,0,0,0,5001,2644,0,0,0,7645,0,0,0,0,0,2345,0,0,0,0,0,0,0
10,10018649925317144938,0,0,0,0,0,0,0,0,0,0,0,0,0,0,0,0,0,0,0,0,0,0,1151,0,6,9994,0,0,0,9980,0,0,0,25,2510,2,0,0,0,0,15,0,0,0,0,2516,_history_tree_12_removes,2989,0,0,0,0,0,0,2522,2516,0,0,0,5040,0,0,0,0,0,6,0,0,0,0,0,0,0
10,10018649925317144938,0,0,0,0,0,0,0,0,0,0,0,0,0,0,0,0,0,0,0,0,0,0,352,0,2415,69827,0,0,0,69625,0,0,0,24,353,914,0,0,0,0,203,0,0,0,0,2736,_history_tree_12_updates,1971,0,0,0,0,0,0,5182,2736,0,0,0,7918,0,0,0,0,0,2413,0,0,0,0,0,0,0
10,10018649925317144938,0,0,0,0,0,0,0,0,0,0,0,0,0,0,0,0,0,0,0,0,0,0,1088,0,6,9586,0,0,0,9573,0,0,0,23,2602,2,0,0,0,0,13,0,0,0,0,2608,_history_tree_11_removes,3065,0,0,0,0,0,0,2614,2608,0,0,0,5222,0,0,0,0,0,6,0,0,0,0,0,0,0
10,10018649925317144938,0,0,0,0,0,0,0,0,0,0,0,0,0,0,0,0,0,0,0,0,0,0,342,0,2385,68483,0,0,0,68296,0,0,0,22,342,805,0,0,0,0,185,0,0,0,0,2721,_history_tree_11_updates,2030,0,0,0,0,0,0,5114,2721,0,0,0,7835,0,0,0,0,0,2387,0,0,0,0,0,0,0
10,10018649925317144938,0,0,0,0,0,0,0,0,0,0,0,0,0,0,0,0,0,0,0,0,0,0,997,0,9,9386,0,0,0,9375,0,0,0,21,2609,0,0,0,0,0,11,0,0,0,0,2618,_history_tree_10_removes,3061,0,0,0,0,0,0,2627,2618,0,0,0,5245,0,0,0,0,0,9,0,0,0,0,0,0,0
10,10018649925317144938,0,0,0,0,0,0,0,0,0,0,0,0,0,0,0,0,0,0,0,0,0,0,335,0,2372,67833,0,0,0,67609,0,0,0,20,335,803,0,0,0,0,223,0,0,0,0,2706,_history_tree_10_updates,2023,0,0,0,0,0,0,5079,2707,0,0,0,7786,0,0,0,0,0,2372,0,0,0,0,0,0,0
10,10018649925317144938,0,0,0,0,0,0,0,0,0,0,0,0,0,0,0,0,0,0,0,0,0,0,1022,0,8,9299,0,0,0,9285,0,0,0,19,2659,3,0,0,0,0,14,0,0,0,0,2667,_history_tree_9_removes,3125,0,0,0,0,0,0,2675,2667,0,0,0,5342,0,0,0,0,0,8,0,0,0,0,0,0,0
10,10018649925317144938,0,0,0,0,0,0,0,0,0,0,0,0,0,0,0,0,0,0,0,0,0,0,331,0,2370,67625,0,0,0,67411,0,0,0,18,331,814,0,0,0,0,214,0,0,0,0,2684,_history_tree_9_updates,2018,0,0,0,0,0,0,5070,2684,0,0,0,7753,0,0,0,0,0,2369,0,0,0,0,0,0,0
10,10018649925317144938,0,0,0,0,0,0,0,0,0,0,0,0,0,0,0,0,0,0,0,0,0,0,986,0,10,9368,0,0,0,9355,0,0,0,17,2472,2,0,0,0,0,11,0,0,0,0,2482,_history_tree_8_removes,2930,0,0,0,0,0,0,2492,2482,0,0,0,4974,0,0,0,0,0,10,0,0,0,0,0,0,0
10,10018649925317144938,0,0,0,0,0,0,0,0,0,0,0,0,0,0,0,0,0,0,0,0,0,0,389,0,2367,67701,0,0,0,67503,0,0,0,16,389,882,0,0,0,0,200,0,0,0,0,2715,_history_tree_8_updates,1994,0,0,0,0,0,0,5121,2715,0,0,0,7836,0,0,0,0,0,2364,0,0,0,0,0,0,0
10,10018649925317144938,0,0,0,0,0,0,0,0,0,0,0,0,0,0,0,0,0,0,0,0,0,0,1067,0,5,9627,0,0,0,9611,0,0,0,15,2612,1,0,0,0,0,16,0,0,0,0,2617,_history_tree_7_removes,3043,0,0,0,0,0,0,2622,2617,0,0,0,5239,0,0,0,0,0,5,0,0,0,0,0,0,0
10,10018649925317144938,0,0,0,0,0,0,0,0,0,0,0,0,0,0,0,0,0,0,0,0,0,0,317,0,2350,67661,0,0,0,67461,0,0,0,14,317,782,0,0,0,0,201,0,0,0,0,2631,_history_tree_7_updates,1995,0,0,0,0,0,0,5018,2631,0,0,0,7649,0,0,0,0,0,2351,0,0,0,0,0,0,0
10,10018649925317144938,0,0,0,0,0,0,0,0,0,0,0,0,0,0,0,0,0,0,0,0,0,0,1024,0,9,9780,0,0,0,9773,0,0,0,13,2584,5,0,0,0,0,7,0,0,0,0,2593,_history_tree_6_removes,3046,0,0,0,0,0,0,2602,2593,0,0,0,5195,0,0,0,0,0,9,0,0,0,0,0,0,0
10,10018649925317144938,0,0,0,0,0,0,0,0,0,0,0,0,0,21558232,22223814,0,0,0,0,0,0,0,334,0,2361,67257,0,0,0,67025,0,0,0,0,334,812,0,0,0,0,234,0,0,0,0,2676,_history_tree_0_updates,1996,0,1482372,0,0,0,0,5054,2676,0,0,0,7730,0,0,0,0,0,2358,0,0,0,0,674158,0,0
10,10018649925317144938,0,0,0,0,0,0,0,0,0,0,0,0,0,0,0,0,0,0,0,0,0,0,966,0,6,9105,0,0,0,9084,0,0,0,1,2563,0,0,0,0,0,21,0,0,0,0,2569,_history_tree_0_removes,3016,0,0,0,0,0,0,2575,2569,0,0,0,5144,0,0,0,0,0,6,0,0,0,0,0,0,0
10,10018649925317144938,0,0,0,0,0,0,0,0,0,0,0,0,0,0,0,0,0,0,0,0,0,0,383,0,2329,66391,0,0,0,66175,0,0,0,2,383,807,0,0,0,0,216,0,0,0,0,2648,_history_tree_1_updates,2034,0,0,0,0,0,0,5039,2648,0,0,0,7687,0,0,0,0,0,2327,0,0,0,0,0,0,0
10,10018649925317144938,0,0,0,0,0,0,0,0,0,0,0,0,0,0,0,0,0,0,0,0,0,0,947,0,8,9082,0,0,0,9070,0,0,0,3,2569,5,0,0,0,0,12,0,0,0,0,2577,_history_tree_1_removes,3016,0,0,0,0,0,0,2585,2577,0,0,0,5162,0,0,0,0,0,8,0,0,0,0,0,0,0
10,10018649925317144938,0,0,0,0,0,0,0,0,0,0,0,0,0,0,0,0,0,0,0,0,0,0,320,0,2328,66355,0,0,0,66140,0,0,0,4,320,780,0,0,0,0,215,0,0,0,0,2616,_history_tree_2_updates,2003,0,0,0,0,0,0,4977,2618,0,0,0,7595,0,0,0,0,0,2329,0,0,0,0,0,0,0
10,10018649925317144938,0,0,0,0,0,0,0,0,0,0,0,0,0,0,0,0,0,0,0,0,0,0,996,0,7,9046,0,0,0,9031,0,0,0,5,2609,2,0,0,0,0,15,0,0,0,0,2616,_history_tree_2_removes,3069,0,0,0,0,0,0,2623,2616,0,0,0,5239,0,0,0,0,0,7,0,0,0,0,0,0,0
10,10018649925317144938,0,0,0,0,0,0,0,0,0,0,0,0,0,0,0,0,0,0,0,0,0,0,384,0,2336,66293,0,0,0,66083,0,0,0,6,384,760,0,0,0,0,211,0,0,0,0,2707,_history_tree_3_updates,2083,0,0,0,0,0,0,5053,2707,0,0,0,7760,0,0,0,0,0,2333,0,0,0,0,0,0,0
10,10018649925317144938,0,0,0,0,0,0,0,0,0,0,0,0,0,0,0,0,0,0,0,0,0,0,983,0,4,8857,0,0,0,8839,0,0,0,7,2632,0,0,0,0,0,18,0,0,0,0,2636,_history_tree_3_removes,3082,0,0,0,0,0,0,2640,2636,0,0,0,5276,0,0,0,0,0,4,0,0,0,0,0,0,0
10,10018649925317144938,0,0,0,0,0,0,0,0,0,0,0,0,0,0,0,0,0,0,0,0,0,0,331,0,2318,65716,0,0,0,65493,0,0,0,8,332,797,0,0,0,0,223,0,0,0,0,2605,_history_tree_4_updates,1966,0,0,0,0,0,0,4970,2605,0,0,0,7575,0,0,0,0,0,2319,0,0,0,0,0,0,0
10,10018649925317144938,0,0,0,0,0,0,0,0,0,0,0,0,0,0,0,0,0,0,0,0,0,0,924,0,6,8666,0,0,0,8656,0,0,0,9,2532,3,0,0,0,0,10,0,0,0,0,2538,_history_tree_4_removes,2965,0,0,0,0,0,0,2544,2538,0,0,0,5082,0,0,0,0,0,6,0,0,0,0,0,0,0
10,10018649925317144938,0,0,0,0,0,0,0,0,0,0,0,0,0,0,0,0,0,0,0,0,0,0,344,0,2323,66222,0,0,0,66021,0,0,0,10,344,791,0,0,0,0,198,0,0,0,0,2630,_history_tree_5_updates,1978,0,0,0,0,0,0,4990,2630,0,0,0,7620,0,0,0,0,0,2323,0,0,0,0,0,0,0
10,10018649925317144938,0,0,0,0,0,0,0,0,0,0,0,0,0,0,0,0,0,0,0,0,0,0,1001,0,5,9098,0,0,0,9078,0,0,0,11,2583,1,0,0,0,0,21,0,0,0,0,2588,_history_tree_5_removes,3003,0,0,0,0,0,0,2593,2588,0,0,0,5181,0,0,0,0,0,5,0,0,0,0,0,0,0
10,10018649925317144938,0,0,0,0,0,0,0,0,0,0,0,0,0,0,0,0,0,0,0,0,0,0,341,0,2415,69257,0,0,0,69029,0,0,0,12,341,897,0,0,0,0,226,0,0,0,0,2675,_history_tree_6_updates,1990,0,0,0,0,0,0,5174,2675,0,0,0,7849,0,0,0,0,0,2417,0,0,0,0,0,0,0
10,10018649925317144938,0,0,0,0,0,0,0,0,0,0,0,0,0,0,0,0,0,0,0,0,0,0,1086,0,5,9416,0,0,0,9399,0,0,0,29,2598,1,0,0,0,0,17,0,0,0,0,2604,_history_tree_14_removes,3061,0,0,0,0,0,0,2609,2604,0,0,0,5213,0,0,0,0,0,5,0,0,0,0,0,0,0
10,10018649925317144938,0,0,0,0,0,0,0,0,0,0,0,0,0,0,0,0,0,0,0,0,0,0,375,0,2359,67457,0,0,0,67264,0,0,0,30,376,877,0,0,0,0,193,0,0,0,0,2707,_history_tree_15_updates,1992,0,0,0,0,0,0,5092,2707,0,0,0,7799,0,0,0,0,0,2358,0,0,0,0,0,0,0
10,10018649925317144938,0,0,0,0,0,0,0,0,0,0,0,0,0,0,0,0,0,0,0,0,0,0,1066,0,7,9353,0,0,0,9334,0,0,0,31,2504,1,0,0,0,0,19,0,0,0,0,2511,_history_tree_15_removes,2968,0,0,0,0,0,0,2518,2511,0,0,0,5029,0,0,0,0,0,7,0,0,0,0,0,0,0
10,10018649925317144938,0,0,0,0,0,0,0,0,0,0,0,0,0,0,0,0,0,0,0,0,0,0,327,0,2360,67466,0,0,0,67252,0,0,0,32,327,811,0,0,0,0,211,0,0,0,0,2682,_history_tree_16_updates,2005,0,0,0,0,0,0,5047,2682,0,0,0,7729,0,0,0,0,0,2360,0,0,0,0,0,0,0
10,10018649925317144938,0,0,0,0,0,0,0,0,0,0,0,0,0,0,0,0,0,0,0,0,0,0,1010,0,8,9326,0,0,0,9310,0,0,0,33,2569,1,0,0,0,0,16,0,0,0,0,2577,_history_tree_16_removes,3048,0,0,0,0,0,0,2585,2577,0,0,0,5162,0,0,0,0,0,8,0,0,0,0,0,0,0
10,10018649925317144938,0,0,0,0,0,0,0,0,0,0,0,0,0,0,0,0,0,0,0,0,0,0,353,0,2383,68177,0,0,0,67949,0,0,0,34,353,996,0,0,0,0,227,0,0,0,0,2512,_history_tree_17_updates,1858,0,0,0,0,0,0,5119,2512,0,0,0,7631,0,0,0,0,0,2383,0,0,0,0,0,0,0
10,10018649925317144938,0,0,0,0,0,0,0,0,0,0,0,0,0,0,0,0,0,0,0,0,0,0,938,0,16,9434,0,0,0,9418,0,0,0,35,2375,9,0,0,0,0,16,0,0,0,0,2390,_history_tree_17_removes,2816,0,0,0,0,0,0,2406,2390,0,0,0,4796,0,0,0,0,0,16,0,0,0,0,0,0,0
10,10018649925317144938,0,0,0,0,0,0,0,0,0,0,0,0,0,0,0,0,0,0,0,0,0,0,341,0,2338,66719,0,0,0,66497,0,0,0,36,341,808,0,0,0,0,222,0,0,0,0,2677,_history_tree_18_updates,2005,0,0,0,0,0,0,5019,2677,0,0,0,7697,0,0,0,0,0,2339,0,0,0,0,0,0,0
10,10018649925317144938,0,0,0,0,0,0,0,0,0,0,0,0,0,0,0,0,0,0,0,0,0,0,973,0,7,9101,0,0,0,9085,0,0,0,37,2567,2,0,0,0,0,16,0,0,0,0,2574,_history_tree_18_removes,3024,0,0,0,0,0,0,2581,2574,0,0,0,5155,0,0,0,0,0,7,0,0,0,0,0,0,0
10,10018649925317144938,0,0,0,0,0,0,0,0,0,0,0,0,0,0,0,0,0,0,0,0,0,0,309,0,2332,66701,0,0,0,66466,0,0,0,38,309,776,0,0,0,0,234,0,0,0,0,2590,_history_tree_19_updates,2001,0,0,0,0,0,0,4978,2590,0,0,0,7568,0,0,0,0,0,2337,0,0,0,0,0,0,0
10,10018649925317144938,0,0,0,0,0,0,0,0,0,0,0,0,0,0,0,0,0,0,0,0,0,0,1004,0,7,9148,0,0,0,9135,0,0,0,39,2576,3,0,0,0,0,13,0,0,0,0,2583,_history_tree_19_removes,3047,0,0,0,0,0,0,2591,2584,0,0,0,5175,0,0,0,0,0,7,0,0,0,0,0,0,0
10,10018649925317144938,49533,0,0,0,0,0,45848,0,0,0,0,0,0,0,0,0,0,0,0,0,0,0,0,0,2,297786,0,0,0,97398,0,0,0,40,0,0,0,0,0,0,2099,0,0,95383,0,0,warehouse,0,0,0,0,0,0,0,2,0,0,0,0,2,197423,0,0,197423,2,0,0,0,0,95382,0,0,0
10,10018649925317144938,0,0,0,0,0,0,0,0,0,0,0,0,0,0,0,0,0,0,0,0,0,0,0,0,0,0,0,0,0,0,0,0,0,41,0,0,0,0,0,0,0,0,0,0,0,0,_warehouse_graveyard,0,0,0,0,0,0,0,0,0,0,0,0,0,0,0,0,0,0,0,0,0,0,0,0,0,0
10,10018649925317144938,98353,0,0,0,0,0,95970,0,0,0,0,0,0,0,0,0,0,0,0,0,0,0,0,0,1,302035,0,0,0,196537,0,0,0,42,0,0,0,0,0,0,1030,0,0,194308,0,0,district,0,0,0,0,0,0,0,1,0,0,0,0,1,104383,0,0,104382,1,0,0,0,0,194290,0,0,0
10,10018649925317144938,0,0,0,0,0,0,0,0,0,0,0,0,0,0,0,0,0,0,0,0,0,0,0,0,0,0,0,0,0,0,0,0,0,43,0,0,0,0,0,0,0,0,0,0,0,0,_district_graveyard,0,0,0,0,0,0,0,0,0,0,0,0,0,0,0,0,0,0,0,0,0,0,0,0,0,0
10,10018649925317144938,63530,0,0,0,0,0,60737,0,0,0,0,0,0,0,0,0,0,0,0,0,0,0,0,0,0,799512,0,0,0,124272,0,0,0,44,0,0,0,0,0,0,0,0,0,124273,0,0,customer,0,0,0,0,0,0,0,0,0,0,0,0,0,142228,0,0,142228,0,0,0,0,0,124277,0,0,0
10,10018649925317144938,0,0,0,0,0,0,0,0,0,0,0,0,0,0,0,0,0,0,0,0,0,0,0,0,0,0,0,0,0,0,0,0,0,45,0,0,0,0,0,0,0,0,0,0,0,0,_customer_graveyard,0,0,0,0,0,0,0,0,0,0,0,0,0,0,0,0,0,0,0,0,0,0,0,0,0,0
10,10018649925317144938,0,0,0,0,0,0,0,0,0,0,0,0,0,0,0,0,0,0,0,0,0,0,0,0,0,186168,0,0,0,0,0,0,0,46,0,0,0,0,0,0,62055,0,0,0,0,0,customerwdl,0,0,0,0,0,0,0,0,0,0,0,62052,0,62052,0,0,62052,0,0,0,0,0,0,0,0,0
10,10018649925317144938,0,0,0,0,0,0,0,0,0,0,0,0,0,0,0,0,0,0,0,0,0,0,0,0,0,0,0,0,0,0,0,0,0,47,0,0,0,0,0,0,0,0,0,0,0,0,_customerwdl_graveyard,0,0,0,0,0,0,0,0,0,0,0,0,0,0,0,0,0,0,0,0,0,0,0,0,0,0
10,10018649925317144938,0,0,0,0,0,0,0,0,0,0,0,0,0,0,0,0,0,0,0,0,0,0,0,0,2241,119940,0,0,0,39980,0,0,0,48,0,0,0,0,0,0,0,0,0,0,0,0,history,0,0,0,0,0,0,0,2264,0,0,0,0,2264,0,0,0,0,0,0,0,0,0,0,0,0,0
10,10018649925317144938,0,0,0,0,0,0,0,0,0,0,0,0,0,0,0,0,0,0,0,0,0,0,0,0,0,0,0,0,0,0,0,0,0,49,0,0,0,0,0,0,0,0,0,0,0,0,_history_graveyard,0,0,0,0,0,0,0,0,0,0,0,0,0,0,0,0,0,0,0,0,0,0,0,0,0,0
10,10018649925317144938,43333,86550,0,86550,0,0,43233,0,0,0,0,0,0,0,0,0,0,0,0,0,0,0,64352,0,2114,1133323,0,0,0,275552,0,11717,0,50,540,0,0,0,0,0,102192,0,0,0,0,0,neworder,91374,11717,0,0,0,0,0,4515,172,4,0,86869,4516,98585,0,0,98583,0,1856,0,0,0,0,0,0,0
10,10018649925317144938,0,0,0,0,0,0,0,0,0,0,0,0,0,0,0,0,0,0,0,0,0,0,0,0,0,0,0,0,0,0,0,0,0,51,0,0,0,0,0,0,0,0,0,0,0,0,_neworder_graveyard,0,0,0,0,0,0,0,0,0,0,0,0,0,0,0,0,0,0,0,0,0,0,0,0,0,0
10,10018649925317144938,43878,0,0,0,0,0,42700,0,0,0,0,0,0,0,0,0,0,0,0,0,0,0,0,0,4351,843219,0,0,0,190936,0,0,0,52,0,0,0,0,0,0,0,0,0,86580,0,0,order,0,0,0,0,0,0,0,4369,0,0,0,0,4369,90135,0,0,90135,0,0,0,0,0,86579,0,0,0
10,10018649925317144938,0,0,0,0,0,0,0,0,0,0,0,0,0,0,0,0,0,0,0,0,0,0,0,0,0,0,0,0,0,0,0,0,0,53,0,0,0,0,0,0,0,0,0,0,0,0,_order_graveyard,0,0,0,0,0,0,0,0,0,0,0,0,0,0,0,0,0,0,0,0,0,0,0,0,0,0
10,10018649925317144938,0,0,0,0,0,0,0,0,0,0,0,0,0,0,0,0,3559,0,0,0,0,0,0,0,1374,314839,0,0,0,101386,0,0,0,54,0,0,0,0,0,0,3559,0,0,0,0,0,order_wdc,0,0,0,0,0,0,0,1381,0,0,0,0,1381,3559,0,0,3559,0,0,0,0,0,0,0,0,0
10,10018649925317144938,0,0,0,0,0,0,0,0,0,0,0,0,0,0,0,0,0,0,0,0,0,0,0,0,0,0,0,0,0,0,0,0,0,55,0,0,0,0,0,0,0,0,0,0,0,0,_order_wdc_graveyard,0,0,0,0,0,0,0,0,0,0,0,0,0,0,0,0,0,0,0,0,0,0,0,0,0,0
10,10018649925317144938,419041,0,0,0,0,0,409706,0,0,0,0,0,0,0,0,0,0,0,0,0,0,0,100940,0,59287,7586494,0,0,0,1883984,0,946,0,56,0,0,0,0,0,0,12636,0,0,828757,0,0,orderline,1835540,946,0,0,0,0,0,59982,0,0,0,12561,59983,1848108,0,0,1848105,0,0,0,0,0,828734,0,0,0
10,10018649925317144938,0,0,0,0,0,0,0,0,0,0,0,0,0,0,0,0,0,0,0,0,0,0,0,0,0,0,0,0,0,0,0,0,0,57,0,0,0,0,0,0,0,0,0,0,0,0,_orderline_graveyard,0,0,0,0,0,0,0,0,0,0,0,0,0,0,0,0,0,0,0,0,0,0,0,0,0,0
10,10018649925317144938,0,0,0,0,0,0,0,0,0,0,0,0,0,0,0,0,0,0,0,0,0,0,0,0,0,1991797,0,0,0,0,0,0,0,58,0,0,0,0,0,0,0,0,0,0,0,0,item,0,0,0,0,0,0,0,0,0,0,0,0,0,995881,0,0,995879,0,0,0,0,0,0,0,0,0
11,10018649925317144938,0,0,0,0,0,0,0,0,0,0,0,0,0,0,0,0,0,0,0,0,0,0,0,0,0,0,0,0,0,0,0,0,0,61,0,0,0,0,0,0,0,0,0,0,0,0,_stock_graveyard,0,0,0,0,0,0,0,0,0,0,0,0,0,0,0,0,0,0,0,0,0,0,0,0,0,0
11,10018649925317144938,500275,0,0,0,0,0,488448,0,0,0,0,0,0,0,0,0,0,0,0,0,0,0,0,0,0,15032513,0,0,0,989795,0,0,0,60,0,0,0,0,0,0,1086,0,0,988748,0,0,stock,0,0,0,0,0,0,0,0,0,0,0,0,0,2767288,0,0,2767278,0,0,0,0,0,988734,0,0,0
11,10018649925317144938,0,0,0,0,0,0,0,0,0,0,0,0,0,0,0,0,0,0,0,0,0,0,0,0,0,0,0,0,0,0,0,0,0,59,0,0,0,0,0,0,0,0,0,0,0,0,_item_graveyard,0,0,0,0,0,0,0,0,0,0,0,0,0,0,0,0,0,0,0,0,0,0,0,0,0,0
11,10018649925317144938,0,0,0,0,0,0,0,0,0,0,0,0,0,0,0,0,0,0,0,0,0,0,317,0,2358,67795,0,0,0,67580,0,0,0,28,317,768,0,0,0,0,216,0,0,0,0,2676,_history_tree_14_updates,2039,0,0,0,0,0,0,5034,2676,0,0,0,7710,0,0,0,0,0,2359,0,0,0,0,0,0,0
11,10018649925317144938,0,0,0,0,0,0,0,0,0,0,0,0,0,0,0,0,0,0,0,0,0,0,1088,0,5,9552,0,0,0,9528,0,0,0,27,2617,2,0,0,0,0,24,0,0,0,0,2623,_history_tree_13_removes,3071,0,0,0,0,0,0,2628,2623,0,0,0,5251,0,0,0,0,0,5,0,0,0,0,0,0,0
11,10018649925317144938,0,0,0,0,0,0,0,0,0,0,0,0,0,0,0,0,0,0,0,0,0,0,366,0,2352,67902,0,0,0,67654,0,0,0,26,366,805,0,0,0,0,248,0,0,0,0,2718,_history_tree_13_updates,2028,0,0,0,0,0,0,5070,2718,0,0,0,7788,0,0,0,0,0,2352,0,0,0,0,0,0,0
11,10018649925317144938,0,0,0,0,0,0,0,0,0,0,0,0,0,0,0,0,0,0,0,0,0,0,944,0,5,8765,0,0,0,8749,0,0,0,25,2704,2,0,0,0,0,15,0,0,0,0,2709,_history_tree_12_removes,3134,0,0,0,0,0,0,2714,2709,0,0,0,5423,0,0,0,0,0,5,0,0,0,0,0,0,0
11,10018649925317144938,0,0,0,0,0,0,0,0,0,0,0,0,0,0,0,0,0,0,0,0,0,0,329,0,2312,65820,0,0,0,65620,0,0,0,24,329,717,0,0,0,0,200,0,0,0,0,2643,_history_tree_12_updates,2046,0,0,0,0,0,0,4954,2643,0,0,0,7597,0,0,0,0,0,2314,0,0,0,0,0,0,0
11,10018649925317144938,0,0,0,0,0,0,0,0,0,0,0,0,0,0,0,0,0,0,0,0,0,0,1017,0,3,9087,0,0,0,9078,0,0,0,23,2681,0,0,0,0,0,9,0,0,0,0,2684,_history_tree_11_removes,3139,0,0,0,0,0,0,2687,2684,0,0,0,5371,0,0,0,0,0,3,0,0,0,0,0,0,0
11,10018649925317144938,0,0,0,0,0,0,0,0,0,0,0,0,0,0,0,0,0,0,0,0,0,0,329,0,2336,66895,0,0,0,66664,0,0,0,22,329,741,0,0,0,0,230,0,0,0,0,2666,_history_tree_11_updates,2049,0,0,0,0,0,0,5002,2666,0,0,0,7668,0,0,0,0,0,2337,0,0,0,0,0,0,0
11,10018649925317144938,0,0,0,0,0,0,0,0,0,0,0,0,0,0,0,0,0,0,0,0,0,0,1067,0,5,9370,0,0,0,9352,0,0,0,21,2697,2,0,0,0,0,18,0,0,0,0,2702,_history_tree_10_removes,3184,0,0,0,0,0,0,2707,2702,0,0,0,5411,0,0,0,0,0,5,0,0,0,0,0,0,0
11,10018649925317144938,0,0,0,0,0,0,0,0,0,0,0,0,0,0,0,0,0,0,0,0,0,0,306,0,2352,67515,0,0,0,67305,0,0,0,20,306,751,0,0,0,0,210,0,0,0,0,2657,_history_tree_10_updates,2053,0,0,0,0,0,0,5010,2656,0,0,0,7666,0,0,0,0,0,2352,0,0,0,0,0,0,0
11,10018649925317144938,0,0,0,0,0,0,0,0,0,0,0,0,0,0,0,0,0,0,0,0,0,0,1035,0,4,9116,0,0,0,9097,0,0,0,19,2692,0,0,0,0,0,19,0,0,0,0,2696,_history_tree_9_removes,3157,0,0,0,0,0,0,2700,2696,0,0,0,5396,0,0,0,0,0,4,0,0,0,0,0,0,0
11,10018649925317144938,0,0,0,0,0,0,0,0,0,0,0,0,0,0,0,0,0,0,0,0,0,0,373,0,2330,66678,0,0,0,66460,0,0,0,18,373,759,0,0,0,0,217,0,0,0,0,2705,_history_tree_9_updates,2083,0,0,0,0,0,0,5035,2705,0,0,0,7740,0,0,0,0,0,2332,0,0,0,0,0,0,0
11,10018649925317144938,0,0,0,0,0,0,0,0,0,0,0,0,0,0,0,0,0,0,0,0,0,0,1052,0,3,9199,0,0,0,9186,0,0,0,17,2741,0,0,0,0,0,12,0,0,0,0,2744,_history_tree_8_removes,3196,0,0,0,0,0,0,2747,2744,0,0,0,5491,0,0,0,0,0,3,0,0,0,0,0,0,0
11,10018649925317144938,0,0,0,0,0,0,0,0,0,0,0,0,0,0,0,0,0,0,0,0,0,0,334,0,2348,67156,0,0,0,66950,0,0,0,16,334,742,0,0,0,0,204,0,0,0,0,2684,_history_tree_8_updates,2071,0,0,0,0,0,0,5031,2684,0,0,0,7715,0,0,0,0,0,2350,0,0,0,0,0,0,0
11,10018649925317144938,0,0,0,0,0,0,0,0,0,0,0,0,0,0,0,0,0,0,0,0,0,0,989,0,7,9155,0,0,0,9143,0,0,0,15,2690,4,0,0,0,0,12,0,0,0,0,2697,_history_tree_7_removes,3137,0,0,0,0,0,0,2704,2697,0,0,0,5401,0,0,0,0,0,7,0,0,0,0,0,0,0
11,10018649925317144938,0,0,0,0,0,0,0,0,0,0,0,0,0,0,0,0,0,0,0,0,0,0,329,0,2360,67385,0,0,0,67168,0,0,0,14,329,774,0,0,0,0,214,0,0,0,0,2637,_history_tree_7_updates,2032,0,0,0,0,0,0,5050,2637,0,0,0,7687,0,0,0,0,0,2361,0,0,0,0,0,0,0
11,10018649925317144938,0,0,0,0,0,0,0,0,0,0,0,0,0,0,0,0,0,0,0,0,0,0,1044,0,7,9304,0,0,0,9289,0,0,0,13,2575,3,0,0,0,0,15,0,0,0,0,2582,_history_tree_6_removes,3037,0,0,0,0,0,0,2590,2583,0,0,0,5173,0,0,0,0,0,7,0,0,0,0,0,0,0
11,10018649925317144938,0,0,0,0,0,0,0,0,0,0,0,0,0,21333263,22085438,0,0,0,0,0,0,0,365,0,2353,67654,0,0,0,67443,0,0,0,0,365,800,0,0,0,0,210,0,0,0,0,2721,_history_tree_0_updates,2042,0,1476846,0,0,0,0,5074,2721,0,0,0,7795,0,0,0,0,0,2356,0,0,0,0,700698,0,0
11,10018649925317144938,0,0,0,0,0,0,0,0,0,0,0,0,0,0,0,0,0,0,0,0,0,0,1041,0,4,9343,0,0,0,9324,0,0,0,1,2597,0,0,0,0,0,19,0,0,0,0,2601,_history_tree_0_removes,3068,0,0,0,0,0,0,2605,2601,0,0,0,5206,0,0,0,0,0,4,0,0,0,0,0,0,0
11,10018649925317144938,0,0,0,0,0,0,0,0,0,0,0,0,0,0,0,0,0,0,0,0,0,0,336,0,2391,68582,0,0,0,68362,0,0,0,2,336,798,0,0,0,0,221,0,0,0,0,2706,_history_tree_1_updates,2062,0,0,0,0,0,0,5121,2706,0,0,0,7827,0,0,0,0,0,2393,0,0,0,0,0,0,0
11,10018649925317144938,0,0,0,0,0,0,0,0,0,0,0,0,0,0,0,0,0,0,0,0,0,0,1035,0,5,9441,0,0,0,9430,0,0,0,3,2696,0,0,0,0,0,11,0,0,0,0,2701,_history_tree_1_removes,3162,0,0,0,0,0,0,2707,2702,0,0,0,5409,0,0,0,0,0,5,0,0,0,0,0,0,0
11,10018649925317144938,0,0,0,0,0,0,0,0,0,0,0,0,0,0,0,0,0,0,0,0,0,0,343,0,2367,67923,0,0,0,67731,0,0,0,4,343,815,0,0,0,0,191,0,0,0,0,2697,_history_tree_2_updates,2033,0,0,0,0,0,0,5077,2695,0,0,0,7772,0,0,0,0,0,2367,0,0,0,0,0,0,0
11,10018649925317144938,0,0,0,0,0,0,0,0,0,0,0,0,0,0,0,0,0,0,0,0,0,0,1012,0,7,9465,0,0,0,9452,0,0,0,5,2672,2,0,0,0,0,13,0,0,0,0,2679,_history_tree_2_removes,3152,0,0,0,0,0,0,2686,2679,0,0,0,5365,0,0,0,0,0,7,0,0,0,0,0,0,0
11,10018649925317144938,0,0,0,0,0,0,0,0,0,0,0,0,0,0,0,0,0,0,0,0,0,0,404,0,2361,67550,0,0,0,67350,0,0,0,6,404,850,0,0,0,0,199,0,0,0,0,2732,_history_tree_3_updates,2027,0,0,0,0,0,0,5130,2732,0,0,0,7862,0,0,0,0,0,2364,0,0,0,0,0,0,0
11,10018649925317144938,0,0,0,0,0,0,0,0,0,0,0,0,0,0,0,0,0,0,0,0,0,0,1024,0,7,9182,0,0,0,9167,0,0,0,7,2562,2,0,0,0,0,15,0,0,0,0,2569,_history_tree_3_removes,2998,0,0,0,0,0,0,2576,2569,0,0,0,5145,0,0,0,0,0,7,0,0,0,0,0,0,0
11,10018649925317144938,0,0,0,0,0,0,0,0,0,0,0,0,0,0,0,0,0,0,0,0,0,0,340,0,2392,68425,0,0,0,68234,0,0,0,8,340,818,0,0,0,0,189,0,0,0,0,2729,_history_tree_4_updates,2020,0,0,0,0,0,0,5120,2729,0,0,0,7849,0,0,0,0,0,2389,0,0,0,0,0,0,0
11,10018649925317144938,0,0,0,0,0,0,0,0,0,0,0,0,0,0,0,0,0,0,0,0,0,0,1024,0,6,9265,0,0,0,9248,0,0,0,9,2594,1,0,0,0,0,17,0,0,0,0,2600,_history_tree_4_removes,3038,0,0,0,0,0,0,2606,2600,0,0,0,5206,0,0,0,0,0,6,0,0,0,0,0,0,0
11,10018649925317144938,0,0,0,0,0,0,0,0,0,0,0,0,0,0,0,0,0,0,0,0,0,0,359,0,2389,68402,0,0,0,68203,0,0,0,10,359,827,0,0,0,0,197,0,0,0,0,2735,_history_tree_5_updates,2048,0,0,0,0,0,0,5135,2735,0,0,0,7870,0,0,0,0,0,2388,0,0,0,0,0,0,0
11,10018649925317144938,0,0,0,0,0,0,0,0,0,0,0,0,0,0,0,0,0,0,0,0,0,0,1075,0,4,9379,0,0,0,9365,0,0,0,11,2667,0,0,0,0,0,13,0,0,0,0,2671,_history_tree_5_removes,3136,0,0,0,0,0,0,2675,2671,0,0,0,5346,0,0,0,0,0,4,0,0,0,0,0,0,0
11,10018649925317144938,0,0,0,0,0,0,0,0,0,0,0,0,0,0,0,0,0,0,0,0,0,0,390,0,2334,67242,0,0,0,67016,0,0,0,12,390,814,0,0,0,0,224,0,0,0,0,2652,_history_tree_6_updates,2026,0,0,0,0,0,0,5056,2652,0,0,0,7708,0,0,0,0,0,2332,0,0,0,0,0,0,0
11,10018649925317144938,0,0,0,0,0,0,0,0,0,0,0,0,0,0,0,0,0,0,0,0,0,0,1042,0,3,9356,0,0,0,9344,0,0,0,29,2682,0,0,0,0,0,12,0,0,0,0,2684,_history_tree_14_removes,3154,0,0,0,0,0,0,2687,2684,0,0,0,5371,0,0,0,0,0,3,0,0,0,0,0,0,0
11,10018649925317144938,0,0,0,0,0,0,0,0,0,0,0,0,0,0,0,0,0,0,0,0,0,0,288,0,2347,67109,0,0,0,66924,0,0,0,30,288,777,0,0,0,0,186,0,0,0,0,2635,_history_tree_15_updates,1987,0,0,0,0,0,0,4985,2635,0,0,0,7620,0,0,0,0,0,2349,0,0,0,0,0,0,0
11,10018649925317144938,0,0,0,0,0,0,0,0,0,0,0,0,0,0,0,0,0,0,0,0,0,0,1029,0,5,9249,0,0,0,9235,0,0,0,31,2622,1,0,0,0,0,14,0,0,0,0,2627,_history_tree_15_removes,3092,0,0,0,0,0,0,2632,2627,0,0,0,5259,0,0,0,0,0,5,0,0,0,0,0,0,0
11,10018649925317144938,0,0,0,0,0,0,0,0,0,0,0,0,0,0,0,0,0,0,0,0,0,0,345,0,2348,67422,0,0,0,67173,0,0,0,32,345,759,0,0,0,0,248,0,0,0,0,2691,_history_tree_16_updates,2049,0,0,0,0,0,0,5039,2691,0,0,0,7730,0,0,0,0,0,2346,0,0,0,0,0,0,0
11,10018649925317144938,0,0,0,0,0,0,0,0,0,0,0,0,0,0,0,0,0,0,0,0,0,0,1051,0,2,9251,0,0,0,9239,0,0,0,33,2679,0,0,0,0,0,12,0,0,0,0,2681,_history_tree_16_removes,3114,0,0,0,0,0,0,2683,2681,0,0,0,5364,0,0,0,0,0,2,0,0,0,0,0,0,0
11,10018649925317144938,0,0,0,0,0,0,0,0,0,0,0,0,0,0,0,0,0,0,0,0,0,0,369,0,2385,68490,0,0,0,68303,0,0,0,34,369,1000,0,0,0,0,187,0,0,0,0,2550,_history_tree_17_updates,1864,0,0,0,0,0,0,5140,2550,0,0,0,7690,0,0,0,0,0,2386,0,0,0,0,0,0,0
11,10018649925317144938,0,0,0,0,0,0,0,0,0,0,0,0,0,0,0,0,0,0,0,0,0,0,902,0,17,9553,0,0,0,9531,0,0,0,35,2429,9,0,0,0,0,22,0,0,0,0,2446,_history_tree_17_removes,2845,0,0,0,0,0,0,2463,2446,0,0,0,4909,0,0,0,0,0,17,0,0,0,0,0,0,0
11,10018649925317144938,0,0,0,0,0,0,0,0,0,0,0,0,0,0,0,0,0,0,0,0,0,0,417,0,2355,67060,0,0,0,66821,0,0,0,36,417,840,0,0,0,0,239,0,0,0,0,2759,_history_tree_18_updates,2043,0,0,0,0,0,0,5123,2759,0,0,0,7881,0,0,0,0,0,2353,0,0,0,0,0,0,0
11,10018649925317144938,0,0,0,0,0,0,0,0,0,0,0,0,0,0,0,0,0,0,0,0,0,0,933,0,9,8895,0,0,0,8885,0,0,0,37,2560,3,0,0,0,0,11,0,0,0,0,2569,_history_tree_18_removes,2995,0,0,0,0,0,0,2578,2569,0,0,0,5147,0,0,0,0,0,9,0,0,0,0,0,0,0
11,10018649925317144938,0,0,0,0,0,0,0,0,0,0,0,0,0,0,0,0,0,0,0,0,0,0,332,0,2378,68366,0,0,0,68145,0,0,0,38,332,815,0,0,0,0,220,0,0,0,0,2696,_history_tree_19_updates,2019,0,0,0,0,0,0,5089,2696,0,0,0,7785,0,0,0,0,0,2378,0,0,0,0,0,0,0
11,10018649925317144938,0,0,0,0,0,0,0,0,0,0,0,0,0,0,0,0,0,0,0,0,0,0,1030,0,7,9518,0,0,0,9506,0,0,0,39,2674,3,0,0,0,0,12,0,0,0,0,2681,_history_tree_19_removes,3130,0,0,0,0,0,0,2687,2680,0,0,0,5367,0,0,0,0,0,7,0,0,0,0,0,0,0
11,10018649925317144938,48897,0,0,0,0,0,45784,0,0,0,0,0,0,0,0,0,0,0,0,0,0,0,0,0,2,295382,0,0,0,96681,0,0,0,40,0,0,0,0,0,0,2134,0,0,94677,0,0,warehouse,0,0,0,0,0,0,0,2,0,0,0,0,2,195711,0,0,195711,2,0,0,0,0,94684,0,0,0
11,10018649925317144938,0,0,0,0,0,0,0,0,0,0,0,0,0,0,0,0,0,0,0,0,0,0,0,0,0,0,0,0,0,0,0,0,0,41,0,0,0,0,0,0,0,0,0,0,0,0,_warehouse_graveyard,0,0,0,0,0,0,0,0,0,0,0,0,0,0,0,0,0,0,0,0,0,0,0,0,0,0
11,10018649925317144938,97702,0,0,0,0,0,94909,0,0,0,0,0,0,0,0,0,0,0,0,0,0,0,0,0,2,299486,0,0,0,194816,0,0,0,42,0,0,0,0,0,0,1010,0,0,192629,0,0,district,0,0,0,0,0,0,0,2,0,0,0,0,2,103599,0,0,103601,2,0,0,0,0,192642,0,0,0
11,10018649925317144938,0,0,0,0,0,0,0,0,0,0,0,0,0,0,0,0,0,0,0,0,0,0,0,0,0,0,0,0,0,0,0,0,0,43,0,0,0,0,0,0,0,0,0,0,0,0,_district_graveyard,0,0,0,0,0,0,0,0,0,0,0,0,0,0,0,0,0,0,0,0,0,0,0,0,0,0
11,10018649925317144938,62828,0,0,0,0,0,60192,0,0,0,0,0,0,0,0,0,0,0,0,0,0,0,0,0,0,792046,0,0,0,123050,0,0,0,44,0,0,0,0,0,0,5,0,0,123020,0,0,customer,0,0,0,0,0,0,0,0,0,0,0,0,0,140970,0,0,140970,0,0,0,0,0,123014,0,0,0
11,10018649925317144938,0,0,0,0,0,0,0,0,0,0,0,0,0,0,0,0,0,0,0,0,0,0,0,0,0,0,0,0,0,0,0,0,0,45,0,0,0,0,0,0,0,0,0,0,0,0,_customer_graveyard,0,0,0,0,0,0,0,0,0,0,0,0,0,0,0,0,0,0,0,0,0,0,0,0,0,0
11,10018649925317144938,0,0,0,0,0,0,0,0,0,0,0,0,0,0,0,0,0,0,0,0,0,0,0,0,0,184733,0,0,0,0,0,0,0,46,0,0,0,0,0,0,61577,0,0,0,0,0,customerwdl,0,0,0,0,0,0,0,0,0,0,0,61582,0,61582,0,0,61583,0,0,0,0,0,0,0,0,0
11,10018649925317144938,0,0,0,0,0,0,0,0,0,0,0,0,0,0,0,0,0,0,0,0,0,0,0,0,0,0,0,0,0,0,0,0,0,47,0,0,0,0,0,0,0,0,0,0,0,0,_customerwdl_graveyard,0,0,0,0,0,0,0,0,0,0,0,0,0,0,0,0,0,0,0,0,0,0,0,0,0,0
11,10018649925317144938,0,0,0,0,0,0,0,0,0,0,0,0,0,0,0,0,0,0,0,0,0,0,0,0,2225,118974,0,0,0,39658,0,0,0,48,0,0,0,0,0,0,0,0,0,0,0,0,history,0,0,0,0,0,0,0,2249,0,0,0,0,2249,0,0,0,0,0,0,0,0,0,0,0,0,0
11,10018649925317144938,0,0,0,0,0,0,0,0,0,0,0,0,0,0,0,0,0,0,0,0,0,0,0,0,0,0,0,0,0,0,0,0,0,49,0,0,0,0,0,0,0,0,0,0,0,0,_history_graveyard,0,0,0,0,0,0,0,0,0,0,0,0,0,0,0,0,0,0,0,0,0,0,0,0,0,0
11,10018649925317144938,42828,85535,0,85538,0,0,42745,0,0,0,0,0,0,0,0,0,0,0,0,0,0,0,63802,0,2068,1123263,0,0,0,272549,0,9199,0,50,90,0,0,0,0,0,101854,0,0,0,0,0,neworder,88984,9202,0,0,0,0,0,3956,86,1,0,85857,3957,95060,0,0,95060,0,1794,0,0,0,0,0,0,0
11,10018649925317144938,0,0,0,0,0,0,0,0,0,0,0,0,0,0,0,0,0,0,0,0,0,0,0,0,0,0,0,0,0,0,0,0,0,51,0,0,0,0,0,0,0,0,0,0,0,0,_neworder_graveyard,0,0,0,0,0,0,0,0,0,0,0,0,0,0,0,0,0,0,0,0,0,0,0,0,0,0
11,10018649925317144938,43407,0,0,0,0,0,42154,0,0,0,0,0,0,0,0,0,0,0,0,0,0,0,0,0,4332,834287,0,0,0,188985,0,0,0,52,0,0,0,0,0,0,0,0,0,85565,0,0,order,0,0,0,0,0,0,0,4344,0,0,0,0,4344,89111,0,0,89111,0,0,0,0,0,85569,0,0,0
11,10018649925317144938,0,0,0,0,0,0,0,0,0,0,0,0,0,0,0,0,0,0,0,0,0,0,0,0,0,0,0,0,0,0,0,0,0,53,0,0,0,0,0,0,0,0,0,0,0,0,_order_graveyard,0,0,0,0,0,0,0,0,0,0,0,0,0,0,0,0,0,0,0,0,0,0,0,0,0,0
11,10018649925317144938,0,0,0,0,0,0,0,0,0,0,0,0,0,0,0,0,3541,0,0,0,0,0,0,0,1395,312006,0,0,0,100463,0,0,0,54,0,0,0,0,0,0,3540,0,0,0,0,0,order_wdc,0,0,0,0,0,0,0,1397,0,0,0,0,1397,3540,0,0,3540,0,0,0,0,0,0,0,0,0
11,10018649925317144938,0,0,0,0,0,0,0,0,0,0,0,0,0,0,0,0,0,0,0,0,0,0,0,0,0,0,0,0,0,0,0,0,0,55,0,0,0,0,0,0,0,0,0,0,0,0,_order_wdc_graveyard,0,0,0,0,0,0,0,0,0,0,0,0,0,0,0,0,0,0,0,0,0,0,0,0,0,0
11,10018649925317144938,428737,0,0,0,0,0,418848,0,0,0,0,0,0,0,0,0,0,0,0,0,0,0,99960,0,58844,7627841,0,0,0,1894444,0,944,0,56,0,0,0,0,0,0,12515,0,0,847577,0,0,orderline,1816145,944,0,0,0,0,0,59585,0,0,0,12443,59585,1828628,0,0,1828633,0,0,0,0,0,847609,0,0,0
11,10018649925317144938,0,0,0,0,0,0,0,0,0,0,0,0,0,0,0,0,0,0,0,0,0,0,0,0,0,0,0,0,0,0,0,0,0,57,0,0,0,0,0,0,0,0,0,0,0,0,_orderline_graveyard,0,0,0,0,0,0,0,0,0,0,0,0,0,0,0,0,0,0,0,0,0,0,0,0,0,0
11,10018649925317144938,0,0,0,0,0,0,0,0,0,0,0,0,0,0,0,0,0,0,0,0,0,0,0,0,0,1975602,0,0,0,0,0,0,0,58,0,0,0,0,0,0,0,0,0,0,0,0,item,0,0,0,0,0,0,0,0,0,0,0,0,0,987825,0,0,987832,0,0,0,0,0,0,0,0,0
12,10018649925317144938,0,0,0,0,0,0,0,0,0,0,0,0,0,0,0,0,0,0,0,0,0,0,0,0,0,0,0,0,0,0,0,0,0,61,0,0,0,0,0,0,0,0,0,0,0,0,_stock_graveyard,0,0,0,0,0,0,0,0,0,0,0,0,0,0,0,0,0,0,0,0,0,0,0,0,0,0
12,10018649925317144938,500216,0,0,0,0,0,488042,0,0,0,0,0,0,0,0,0,0,0,0,0,0,0,0,0,0,15037568,0,0,0,989313,0,0,0,60,0,0,0,0,0,0,1066,0,0,988275,0,0,stock,0,0,0,0,0,0,0,0,0,0,0,0,0,2768938,0,0,2768924,0,0,0,0,0,988247,0,0,0
12,10018649925317144938,0,0,0,0,0,0,0,0,0,0,0,0,0,0,0,0,0,0,0,0,0,0,0,0,0,0,0,0,0,0,0,0,0,59,0,0,0,0,0,0,0,0,0,0,0,0,_item_graveyard,0,0,0,0,0,0,0,0,0,0,0,0,0,0,0,0,0,0,0,0,0,0,0,0,0,0
12,10018649925317144938,0,0,0,0,0,0,0,0,0,0,0,0,0,0,0,0,0,0,0,0,0,0,352,0,2353,67494,0,0,0,67298,0,0,0,28,352,821,0,0,0,0,194,0,0,0,0,2681,_history_tree_14_updates,2018,0,0,0,0,0,0,5058,2681,0,0,0,7739,0,0,0,0,0,2353,0,0,0,0,0,0,0
12,10018649925317144938,0,0,0,0,0,0,0,0,0,0,0,0,0,0,0,0,0,0,0,0,0,0,1026,0,6,9355,0,0,0,9336,0,0,0,27,2585,1,0,0,0,0,19,0,0,0,0,2590,_history_tree_13_removes,3047,0,0,0,0,0,0,2596,2590,0,0,0,5186,0,0,0,0,0,6,0,0,0,0,0,0,0
12,10018649925317144938,0,0,0,0,0,0,0,0,0,0,0,0,0,0,0,0,0,0,0,0,0,0,326,0,2377,68197,0,0,0,67985,0,0,0,26,326,846,0,0,0,0,212,0,0,0,0,2701,_history_tree_13_updates,1977,0,0,0,0,0,0,5080,2701,0,0,0,7783,0,0,0,0,0,2378,0,0,0,0,0,0,0
12,10018649925317144938,0,0,0,0,0,0,0,0,0,0,0,0,0,0,0,0,0,0,0,0,0,0,983,0,10,9303,0,0,0,9290,0,0,0,25,2539,2,0,0,0,0,13,0,0,0,0,2549,_history_tree_12_removes,2977,0,0,0,0,0,0,2559,2549,0,0,0,5106,0,0,0,0,0,10,0,0,0,0,0,0,0
12,10018649925317144938,0,0,0,0,0,0,0,0,0,0,0,0,0,0,0,0,0,0,0,0,0,0,325,0,2376,68063,0,0,0,67857,0,0,0,24,325,883,0,0,0,0,207,0,0,0,0,2669,_history_tree_12_updates,1936,0,0,0,0,0,0,5077,2669,0,0,0,7746,0,0,0,0,0,2375,0,0,0,0,0,0,0
12,10018649925317144938,0,0,0,0,0,0,0,0,0,0,0,0,0,0,0,0,0,0,0,0,0,0,973,0,6,9257,0,0,0,9240,0,0,0,23,2570,2,0,0,0,0,17,0,0,0,0,2576,_history_tree_11_removes,2988,0,0,0,0,0,0,2582,2576,0,0,0,5160,0,0,0,0,0,6,0,0,0,0,0,0,0
12,10018649925317144938,0,0,0,0,0,0,0,0,0,0,0,0,0,0,0,0,0,0,0,0,0,0,345,0,2384,68359,0,0,0,68126,0,0,0,22,345,855,0,0,0,0,233,0,0,0,0,2692,_history_tree_11_updates,1981,0,0,0,0,0,0,5113,2692,0,0,0,7805,0,0,0,0,0,2384,0,0,0,0,0,0,0
12,10018649925317144938,0,0,0,0,0,0,0,0,0,0,0,0,0,0,0,0,0,0,0,0,0,0,1011,0,7,9210,0,0,0,9189,0,0,0,21,2567,2,0,0,0,0,21,0,0,0,0,2574,_history_tree_10_removes,3040,0,0,0,0,0,0,2581,2574,0,0,0,5153,0,0,0,0,0,7,0,0,0,0,0,0,0
12,10018649925317144938,0,0,0,0,0,0,0,0,0,0,0,0,0,0,0,0,0,0,0,0,0,0,303,0,2367,67755,0,0,0,67565,0,0,0,20,303,832,0,0,0,0,191,0,0,0,0,2652,_history_tree_10_updates,1965,0,0,0,0,0,0,5035,2652,0,0,0,7689,0,0,0,0,0,2366,0,0,0,0,0,0,0
12,10018649925317144938,0,0,0,0,0,0,0,0,0,0,0,0,0,0,0,0,0,0,0,0,0,0,1064,0,10,9542,0,0,0,9533,0,0,0,19,2538,5,0,0,0,0,9,0,0,0,0,2548,_history_tree_9_removes,3007,0,0,0,0,0,0,2558,2548,0,0,0,5106,0,0,0,0,0,10,0,0,0,0,0,0,0
12,10018649925317144938,0,0,0,0,0,0,0,0,0,0,0,0,0,0,0,0,0,0,0,0,0,0,348,0,2393,68939,0,0,0,68721,0,0,0,18,348,863,0,0,0,0,218,0,0,0,0,2726,_history_tree_9_updates,2008,0,0,0,0,0,0,5133,2726,0,0,0,7859,0,0,0,0,0,2392,0,0,0,0,0,0,0
12,10018649925317144938,0,0,0,0,0,0,0,0,0,0,0,0,0,0,0,0,0,0,0,0,0,0,977,0,7,9358,0,0,0,9339,0,0,0,17,2581,1,0,0,0,0,19,0,0,0,0,2588,_history_tree_8_removes,3019,0,0,0,0,0,0,2595,2588,0,0,0,5183,0,0,0,0,0,7,0,0,0,0,0,0,0
12,10018649925317144938,0,0,0,0,0,0,0,0,0,0,0,0,0,0,0,0,0,0,0,0,0,0,319,0,2373,68091,0,0,0,67903,0,0,0,16,319,818,0,0,0,0,188,0,0,0,0,2690,_history_tree_8_updates,1993,0,0,0,0,0,0,5065,2690,0,0,0,7755,0,0,0,0,0,2373,0,0,0,0,0,0,0
12,10018649925317144938,0,0,0,0,0,0,0,0,0,0,0,0,0,0,0,0,0,0,0,0,0,0,971,0,6,8810,0,0,0,8798,0,0,0,15,2575,2,0,0,0,0,12,0,0,0,0,2581,_history_tree_7_removes,2979,0,0,0,0,0,0,2587,2581,0,0,0,5168,0,0,0,0,0,6,0,0,0,0,0,0,0
12,10018649925317144938,0,0,0,0,0,0,0,0,0,0,0,0,0,0,0,0,0,0,0,0,0,0,339,0,2326,66393,0,0,0,66184,0,0,0,14,339,787,0,0,0,0,209,0,0,0,0,2627,_history_tree_7_updates,1984,0,0,0,0,0,0,4990,2627,0,0,0,7618,0,0,0,0,0,2325,0,0,0,0,0,0,0
12,10018649925317144938,0,0,0,0,0,0,0,0,0,0,0,0,0,0,0,0,0,0,0,0,0,0,1067,0,12,9861,0,0,0,9848,0,0,0,13,2591,8,0,0,0,0,13,0,0,0,0,2603,_history_tree_6_removes,3062,0,0,0,0,0,0,2615,2603,0,0,0,5218,0,0,0,0,0,12,0,0,0,0,0,0,0
12,10018649925317144938,0,0,0,0,0,0,0,0,0,0,0,0,0,21413591,22139962,0,0,0,0,0,0,0,341,0,2377,68361,0,0,0,68170,0,0,0,0,341,838,0,0,0,0,189,0,0,0,0,2690,_history_tree_0_updates,2009,0,1480994,0,0,0,0,5095,2690,0,0,0,7785,0,0,0,0,0,2377,0,0,0,0,708477,0,0
12,10018649925317144938,0,0,0,0,0,0,0,0,0,0,0,0,0,0,0,0,0,0,0,0,0,0,1041,0,7,9423,0,0,0,9413,0,0,0,1,2547,3,0,0,0,0,10,0,0,0,0,2554,_history_tree_0_removes,3005,0,0,0,0,0,0,2561,2554,0,0,0,5115,0,0,0,0,0,7,0,0,0,0,0,0,0
12,10018649925317144938,0,0,0,0,0,0,0,0,0,0,0,0,0,0,0,0,0,0,0,0,0,0,324,0,2351,67694,0,0,0,67487,0,0,0,2,324,816,0,0,0,0,201,0,0,0,0,2657,_history_tree_1_updates,1970,0,0,0,0,0,0,5024,2657,0,0,0,7681,0,0,0,0,0,2350,0,0,0,0,0,0,0
12,10018649925317144938,0,0,0,0,0,0,0,0,0,0,0,0,0,0,0,0,0,0,0,0,0,0,1020,0,6,9365,0,0,0,9345,0,0,0,3,2542,2,0,0,0,0,20,0,0,0,0,2548,_history_tree_1_removes,2988,0,0,0,0,0,0,2554,2548,0,0,0,5102,0,0,0,0,0,6,0,0,0,0,0,0,0
12,10018649925317144938,0,0,0,0,0,0,0,0,0,0,0,0,0,0,0,0,0,0,0,0,0,0,338,0,2346,67087,0,0,0,66880,0,0,0,4,338,805,0,0,0,0,208,0,0,0,0,2676,_history_tree_2_updates,1993,0,0,0,0,0,0,5029,2676,0,0,0,7705,0,0,0,0,0,2345,0,0,0,0,0,0,0
12,10018649925317144938,0,0,0,0,0,0,0,0,0,0,0,0,0,0,0,0,0,0,0,0,0,0,975,0,6,9020,0,0,0,9003,0,0,0,5,2581,2,0,0,0,0,17,0,0,0,0,2587,_history_tree_2_removes,3003,0,0,0,0,0,0,2593,2587,0,0,0,5180,0,0,0,0,0,6,0,0,0,0,0,0,0
12,10018649925317144938,0,0,0,0,0,0,0,0,0,0,0,0,0,0,0,0,0,0,0,0,0,0,319,0,2368,67714,0,0,0,67496,0,0,0,6,319,825,0,0,0,0,216,0,0,0,0,2673,_history_tree_3_updates,1976,0,0,0,0,0,0,5055,2673,0,0,0,7728,0,0,0,0,0,2368,0,0,0,0,0,0,0
12,10018649925317144938,0,0,0,0,0,0,0,0,0,0,0,0,0,0,0,0,0,0,0,0,0,0,1010,0,5,9145,0,0,0,9132,0,0,0,7,2615,1,0,0,0,0,13,0,0,0,0,2620,_history_tree_3_removes,3055,0,0,0,0,0,0,2625,2620,0,0,0,5245,0,0,0,0,0,5,0,0,0,0,0,0,0
12,10018649925317144938,0,0,0,0,0,0,0,0,0,0,0,0,0,0,0,0,0,0,0,0,0,0,325,0,2354,67994,0,0,0,67763,0,0,0,8,325,834,0,0,0,0,232,0,0,0,0,2634,_history_tree_4_updates,1977,0,0,0,0,0,0,5036,2634,0,0,0,7670,0,0,0,0,0,2357,0,0,0,0,0,0,0
12,10018649925317144938,0,0,0,0,0,0,0,0,0,0,0,0,0,0,0,0,0,0,0,0,0,0,1039,0,10,9561,0,0,0,9548,0,0,0,9,2561,4,0,0,0,0,13,0,0,0,0,2571,_history_tree_4_removes,3027,0,0,0,0,0,0,2581,2571,0,0,0,5152,0,0,0,0,0,10,0,0,0,0,0,0,0
12,10018649925317144938,0,0,0,0,0,0,0,0,0,0,0,0,0,0,0,0,0,0,0,0,0,0,356,0,2341,67167,0,0,0,66948,0,0,0,10,356,824,0,0,0,0,219,0,0,0,0,2683,_history_tree_5_updates,1983,0,0,0,0,0,0,5040,2683,0,0,0,7723,0,0,0,0,0,2343,0,0,0,0,0,0,0
12,10018649925317144938,0,0,0,0,0,0,0,0,0,0,0,0,0,0,0,0,0,0,0,0,0,0,1005,0,5,9143,0,0,0,9131,0,0,0,11,2525,1,0,0,0,0,12,0,0,0,0,2530,_history_tree_5_removes,2967,0,0,0,0,0,0,2535,2530,0,0,0,5065,0,0,0,0,0,5,0,0,0,0,0,0,0
12,10018649925317144938,0,0,0,0,0,0,0,0,0,0,0,0,0,0,0,0,0,0,0,0,0,0,328,0,2431,70123,0,0,0,69917,0,0,0,12,328,915,0,0,0,0,206,0,0,0,0,2653,_history_tree_6_updates,1973,0,0,0,0,0,0,5190,2653,0,0,0,7843,0,0,0,0,0,2432,0,0,0,0,0,0,0
12,10018649925317144938,0,0,0,0,0,0,0,0,0,0,0,0,0,0,0,0,0,0,0,0,0,0,1038,0,4,9270,0,0,0,9254,0,0,0,29,2587,0,0,0,0,0,16,0,0,0,0,2591,_history_tree_14_removes,3044,0,0,0,0,0,0,2595,2591,0,0,0,5186,0,0,0,0,0,4,0,0,0,0,0,0,0
12,10018649925317144938,0,0,0,0,0,0,0,0,0,0,0,0,0,0,0,0,0,0,0,0,0,0,343,0,2384,68295,0,0,0,68053,0,0,0,30,343,862,0,0,0,0,239,0,0,0,0,2711,_history_tree_15_updates,2012,0,0,0,0,0,0,5107,2711,0,0,0,7818,0,0,0,0,0,2381,0,0,0,0,0,0,0
12,10018649925317144938,0,0,0,0,0,0,0,0,0,0,0,0,0,0,0,0,0,0,0,0,0,0,982,0,7,9251,0,0,0,9229,0,0,0,31,2556,2,0,0,0,0,22,0,0,0,0,2563,_history_tree_15_removes,3041,0,0,0,0,0,0,2570,2563,0,0,0,5133,0,0,0,0,0,7,0,0,0,0,0,0,0
12,10018649925317144938,0,0,0,0,0,0,0,0,0,0,0,0,0,0,0,0,0,0,0,0,0,0,353,0,2357,67409,0,0,0,67210,0,0,0,32,353,822,0,0,0,0,197,0,0,0,0,2708,_history_tree_16_updates,2009,0,0,0,0,0,0,5066,2708,0,0,0,7774,0,0,0,0,0,2355,0,0,0,0,0,0,0
12,10018649925317144938,0,0,0,0,0,0,0,0,0,0,0,0,0,0,0,0,0,0,0,0,0,0,979,0,6,9083,0,0,0,9070,0,0,0,33,2534,1,0,0,0,0,13,0,0,0,0,2540,_history_tree_16_removes,2986,0,0,0,0,0,0,2546,2540,0,0,0,5086,0,0,0,0,0,6,0,0,0,0,0,0,0
12,10018649925317144938,0,0,0,0,0,0,0,0,0,0,0,0,0,0,0,0,0,0,0,0,0,0,351,0,2357,66740,0,0,0,66541,0,0,0,34,351,975,0,0,0,0,186,0,0,0,0,2468,_history_tree_17_updates,1853,0,0,0,0,0,0,5065,2468,0,0,0,7533,0,0,0,0,0,2356,0,0,0,0,0,0,0
12,10018649925317144938,0,0,0,0,0,0,0,0,0,0,0,0,0,0,0,0,0,0,0,0,0,0,850,0,15,8718,0,0,0,8704,0,0,0,35,2411,8,0,0,0,0,14,0,0,0,0,2426,_history_tree_17_removes,2843,0,0,0,0,0,0,2441,2426,0,0,0,4867,0,0,0,0,0,15,0,0,0,0,0,0,0
12,10018649925317144938,0,0,0,0,0,0,0,0,0,0,0,0,0,0,0,0,0,0,0,0,0,0,343,0,2343,66838,0,0,0,66634,0,0,0,36,343,832,0,0,0,0,202,0,0,0,0,2669,_history_tree_18_updates,1982,0,0,0,0,0,0,5031,2669,0,0,0,7701,0,0,0,0,0,2345,0,0,0,0,0,0,0
12,10018649925317144938,0,0,0,0,0,0,0,0,0,0,0,0,0,0,0,0,0,0,0,0,0,0,1006,0,5,8960,0,0,0,8949,0,0,0,37,2554,1,0,0,0,0,10,0,0,0,0,2559,_history_tree_18_removes,3014,0,0,0,0,0,0,2564,2559,0,0,0,5123,0,0,0,0,0,5,0,0,0,0,0,0,0
12,10018649925317144938,0,0,0,0,0,0,0,0,0,0,0,0,0,0,0,0,0,0,0,0,0,0,373,0,2324,66304,0,0,0,66080,0,0,0,38,373,809,0,0,0,0,222,0,0,0,0,2641,_history_tree_19_updates,2009,0,0,0,0,0,0,5020,2641,0,0,0,7661,0,0,0,0,0,2324,0,0,0,0,0,0,0
12,10018649925317144938,0,0,0,0,0,0,0,0,0,0,0,0,0,0,0,0,0,0,0,0,0,0,966,0,6,8819,0,0,0,8805,0,0,0,39,2583,4,0,0,0,0,14,0,0,0,0,2589,_history_tree_19_removes,3015,0,0,0,0,0,0,2595,2589,0,0,0,5184,0,0,0,0,0,6,0,0,0,0,0,0,0
12,10018649925317144938,49009,0,0,0,0,0,45182,0,0,0,0,0,0,0,0,0,0,0,0,0,0,0,0,0,1,294314,0,0,0,96201,0,0,0,40,0,0,0,0,0,0,2040,0,0,94195,0,0,warehouse,0,0,0,0,0,0,0,1,0,0,0,0,1,195340,0,0,195339,1,0,0,0,0,94190,0,0,0
12,10018649925317144938,0,0,0,0,0,0,0,0,0,0,0,0,0,0,0,0,0,0,0,0,0,0,0,0,0,0,0,0,0,0,0,0,0,41,0,0,0,0,0,0,0,0,0,0,0,0,_warehouse_graveyard,0,0,0,0,0,0,0,0,0,0,0,0,0,0,0,0,0,0,0,0,0,0,0,0,0,0
12,10018649925317144938,96972,0,0,0,0,0,95305,0,0,0,0,0,0,0,0,0,0,0,0,0,0,0,0,0,0,298641,0,0,0,194453,0,0,0,42,0,0,0,0,0,0,1051,0,0,192268,0,0,district,0,0,0,0,0,0,0,0,0,0,0,0,0,103081,0,0,103079,0,0,0,0,0,192259,0,0,0
12,10018649925317144938,0,0,0,0,0,0,0,0,0,0,0,0,0,0,0,0,0,0,0,0,0,0,0,0,0,0,0,0,0,0,0,0,0,43,0,0,0,0,0,0,0,0,0,0,0,0,_district_graveyard,0,0,0,0,0,0,0,0,0,0,0,0,0,0,0,0,0,0,0,0,0,0,0,0,0,0
12,10018649925317144938,63192,0,0,0,0,0,60171,0,0,0,0,0,0,0,0,0,0,0,0,0,0,0,0,0,0,793463,0,0,0,123396,0,0,0,44,0,0,0,0,0,0,13,0,0,123368,0,0,customer,0,0,0,0,0,0,0,0,0,0,0,0,0,141075,0,0,141075,0,0,0,0,0,123374,0,0,0
12,10018649925317144938,0,0,0,0,0,0,0,0,0,0,0,0,0,0,0,0,0,0,0,0,0,0,0,0,0,0,0,0,0,0,0,0,0,45,0,0,0,0,0,0,0,0,0,0,0,0,_customer_graveyard,0,0,0,0,0,0,0,0,0,0,0,0,0,0,0,0,0,0,0,0,0,0,0,0,0,0
12,10018649925317144938,0,0,0,0,0,0,0,0,0,0,0,0,0,0,0,0,0,0,0,0,0,0,0,0,0,183664,0,0,0,0,0,0,0,46,0,0,0,0,0,0,61223,0,0,0,0,0,customerwdl,0,0,0,0,0,0,0,0,0,0,0,61218,0,61218,0,0,61217,0,0,0,0,0,0,0,0,0
12,10018649925317144938,0,0,0,0,0,0,0,0,0,0,0,0,0,0,0,0,0,0,0,0,0,0,0,0,0,0,0,0,0,0,0,0,0,47,0,0,0,0,0,0,0,0,0,0,0,0,_customerwdl_graveyard,0,0,0,0,0,0,0,0,0,0,0,0,0,0,0,0,0,0,0,0,0,0,0,0,0,0
12,10018649925317144938,0,0,0,0,0,0,0,0,0,0,0,0,0,0,0,0,0,0,0,0,0,0,0,0,2221,118695,0,0,0,39565,0,0,0,48,0,0,0,0,0,0,0,0,0,0,0,0,history,0,0,0,0,0,0,0,2247,0,0,0,0,2247,0,0,0,0,0,0,0,0,0,0,0,0,0
12,10018649925317144938,0,0,0,0,0,0,0,0,0,0,0,0,0,0,0,0,0,0,0,0,0,0,0,0,0,0,0,0,0,0,0,0,0,49,0,0,0,0,0,0,0,0,0,0,0,0,_history_graveyard,0,0,0,0,0,0,0,0,0,0,0,0,0,0,0,0,0,0,0,0,0,0,0,0,0,0
12,10018649925317144938,43054,85985,0,85982,0,0,42947,0,0,0,0,0,0,0,0,0,0,0,0,0,0,0,64104,0,2102,1127728,0,0,0,273613,0,11196,0,50,84,0,0,0,0,0,102269,0,0,0,0,0,neworder,91230,11193,0,0,0,0,0,4041,65,5,0,86301,4042,97492,0,0,97493,0,1850,0,0,0,0,0,0,0
12,10018649925317144938,0,0,0,0,0,0,0,0,0,0,0,0,0,0,0,0,0,0,0,0,0,0,0,0,0,0,0,0,0,0,0,0,0,51,0,0,0,0,0,0,0,0,0,0,0,0,_neworder_graveyard,0,0,0,0,0,0,0,0,0,0,0,0,0,0,0,0,0,0,0,0,0,0,0,0,0,0
12,10018649925317144938,43532,0,0,0,0,0,42459,0,0,0,0,0,0,0,0,0,0,0,0,0,0,0,0,0,4312,837436,0,0,0,189521,0,0,0,52,0,0,0,0,0,0,0,0,0,85990,0,0,order,0,0,0,0,0,0,0,4316,0,0,0,0,4316,89624,0,0,89623,0,0,0,0,0,85987,0,0,0
12,10018649925317144938,0,0,0,0,0,0,0,0,0,0,0,0,0,0,0,0,0,0,0,0,0,0,0,0,0,0,0,0,0,0,0,0,0,53,0,0,0,0,0,0,0,0,0,0,0,0,_order_graveyard,0,0,0,0,0,0,0,0,0,0,0,0,0,0,0,0,0,0,0,0,0,0,0,0,0,0
12,10018649925317144938,0,0,0,0,0,0,0,0,0,0,0,0,0,0,0,0,3633,0,0,0,0,0,0,0,1359,312518,0,0,0,100538,0,0,0,54,0,0,0,0,0,0,3633,0,0,0,0,0,order_wdc,0,0,0,0,0,0,0,1367,0,0,0,0,1367,3633,0,0,3633,0,0,0,0,0,0,0,0,0
12,10018649925317144938,0,0,0,0,0,0,0,0,0,0,0,0,0,0,0,0,0,0,0,0,0,0,0,0,0,0,0,0,0,0,0,0,0,55,0,0,0,0,0,0,0,0,0,0,0,0,_order_wdc_graveyard,0,0,0,0,0,0,0,0,0,0,0,0,0,0,0,0,0,0,0,0,0,0,0,0,0,0
12,10018649925317144938,434122,0,0,0,0,0,424305,0,0,0,0,0,0,0,0,0,0,0,0,0,0,0,99797,0,58965,7672482,0,0,0,1905482,0,1134,0,56,0,0,0,0,0,0,12633,0,0,858429,0,0,orderline,1815492,1134,0,0,0,0,0,59808,0,0,0,12537,59808,1827921,0,0,1827905,0,0,0,0,0,858421,0,0,0
12,10018649925317144938,0,0,0,0,0,0,0,0,0,0,0,0,0,0,0,0,0,0,0,0,0,0,0,0,0,0,0,0,0,0,0,0,0,57,0,0,0,0,0,0,0,0,0,0,0,0,_orderline_graveyard,0,0,0,0,0,0,0,0,0,0,0,0,0,0,0,0,0,0,0,0,0,0,0,0,0,0
12,10018649925317144938,0,0,0,0,0,0,0,0,0,0,0,0,0,0,0,0,0,0,0,0,0,0,0,0,0,1975723,0,0,0,0,0,0,0,58,0,0,0,0,0,0,0,0,0,0,0,0,item,0,0,0,0,0,0,0,0,0,0,0,0,0,987828,0,0,987825,0,0,0,0,0,0,0,0,0
13,10018649925317144938,0,0,0,0,0,0,0,0,0,0,0,0,0,0,0,0,0,0,0,0,0,0,0,0,0,0,0,0,0,0,0,0,0,61,0,0,0,0,0,0,0,0,0,0,0,0,_stock_graveyard,0,0,0,0,0,0,0,0,0,0,0,0,0,0,0,0,0,0,0,0,0,0,0,0,0,0
13,10018649925317144938,505651,0,0,0,0,0,493601,0,0,0,0,0,0,0,0,0,0,0,0,0,0,0,0,0,0,15196385,0,0,0,1000199,0,0,0,60,0,0,0,0,0,0,1128,0,0,999170,0,0,stock,0,0,0,0,0,0,0,0,0,0,0,0,0,2797620,0,0,2797598,0,0,0,0,0,999132,0,0,0
13,10018649925317144938,0,0,0,0,0,0,0,0,0,0,0,0,0,0,0,0,0,0,0,0,0,0,0,0,0,0,0,0,0,0,0,0,0,59,0,0,0,0,0,0,0,0,0,0,0,0,_item_graveyard,0,0,0,0,0,0,0,0,0,0,0,0,0,0,0,0,0,0,0,0,0,0,0,0,0,0
13,10018649925317144938,0,0,0,0,0,0,0,0,0,0,0,0,0,0,0,0,0,0,0,0,0,0,364,0,2415,69588,0,0,0,69364,0,0,0,28,364,887,0,0,0,0,223,0,0,0,0,2682,_history_tree_14_updates,1984,0,0,0,0,0,0,5146,2682,0,0,0,7828,0,0,0,0,0,2367,0,0,0,0,0,0,0
13,10018649925317144938,0,0,0,0,0,0,0,0,0,0,0,0,0,0,0,0,0,0,0,0,0,0,1018,0,6,9134,0,0,0,9124,0,0,0,27,2636,3,0,0,0,0,10,0,0,0,0,2642,_history_tree_13_removes,3091,0,0,0,0,0,0,2648,2642,0,0,0,5290,0,0,0,0,0,6,0,0,0,0,0,0,0
13,10018649925317144938,0,0,0,0,0,0,0,0,0,0,0,0,0,0,0,0,0,0,0,0,0,0,344,0,2364,67727,0,0,0,67503,0,0,0,26,344,794,0,0,0,0,224,0,0,0,0,2683,_history_tree_13_updates,2013,0,0,0,0,0,0,5056,2683,0,0,0,7737,0,0,0,0,0,2347,0,0,0,0,0,0,0
13,10018649925317144938,0,0,0,0,0,0,0,0,0,0,0,0,0,0,0,0,0,0,0,0,0,0,1072,0,5,9123,0,0,0,9108,0,0,0,25,2595,0,0,0,0,0,15,0,0,0,0,2599,_history_tree_12_removes,3037,0,0,0,0,0,0,2604,2599,0,0,0,5203,0,0,0,0,0,4,0,0,0,0,0,0,0
13,10018649925317144938,0,0,0,0,0,0,0,0,0,0,0,0,0,0,0,0,0,0,0,0,0,0,330,0,2371,67985,0,0,0,67789,0,0,0,24,330,789,0,0,0,0,194,0,0,0,0,2679,_history_tree_12_updates,1995,0,0,0,0,0,0,5056,2679,0,0,0,7735,0,0,0,0,0,2356,0,0,0,0,0,0,0
13,10018649925317144938,0,0,0,0,0,0,0,0,0,0,0,0,0,0,0,0,0,0,0,0,0,0,943,0,7,8704,0,0,0,8698,0,0,0,23,2557,3,0,0,0,0,6,0,0,0,0,2563,_history_tree_11_removes,3003,0,0,0,0,0,0,2570,2563,0,0,0,5131,0,0,0,0,0,6,0,0,0,0,0,0,0
13,10018649925317144938,0,0,0,0,0,0,0,0,0,0,0,0,0,0,0,0,0,0,0,0,0,0,347,0,2339,66593,0,0,0,66372,0,0,0,22,347,792,0,0,0,0,220,0,0,0,0,2611,_history_tree_11_updates,2001,0,0,0,0,0,0,5006,2611,0,0,0,7617,0,0,0,0,0,2320,0,0,0,0,0,0,0
13,10018649925317144938,0,0,0,0,0,0,0,0,0,0,0,0,0,0,0,0,0,0,0,0,0,0,904,0,7,8551,0,0,0,8544,0,0,0,21,2586,2,0,0,0,0,7,0,0,0,0,2592,_history_tree_10_removes,3023,0,0,0,0,0,0,2599,2592,0,0,0,5191,0,0,0,0,0,6,0,0,0,0,0,0,0
13,10018649925317144938,0,0,0,0,0,0,0,0,0,0,0,0,0,0,0,0,0,0,0,0,0,0,363,0,2340,66345,0,0,0,66132,0,0,0,20,363,762,0,0,0,0,212,0,0,0,0,2639,_history_tree_10_updates,2038,0,0,0,0,0,0,5004,2639,0,0,0,7641,0,0,0,0,0,2300,0,0,0,0,0,0,0
13,10018649925317144938,0,0,0,0,0,0,0,0,0,0,0,0,0,0,0,0,0,0,0,0,0,0,1012,0,6,9190,0,0,0,9168,0,0,0,19,2598,2,0,0,0,0,22,0,0,0,0,2603,_history_tree_9_removes,3031,0,0,0,0,0,0,2609,2603,0,0,0,5212,0,0,0,0,0,5,0,0,0,0,0,0,0
13,10018649925317144938,0,0,0,0,0,0,0,0,0,0,0,0,0,0,0,0,0,0,0,0,0,0,322,0,2370,67940,0,0,0,67727,0,0,0,18,322,806,0,0,0,0,211,0,0,0,0,2660,_history_tree_9_updates,1974,0,0,0,0,0,0,5039,2660,0,0,0,7699,0,0,0,0,0,2347,0,0,0,0,0,0,0
13,10018649925317144938,0,0,0,0,0,0,0,0,0,0,0,0,0,0,0,0,0,0,0,0,0,0,1052,0,6,9614,0,0,0,9595,0,0,0,17,2550,1,0,0,0,0,19,0,0,0,0,2555,_history_tree_8_removes,3010,0,0,0,0,0,0,2561,2555,0,0,0,5116,0,0,0,0,0,5,0,0,0,0,0,0,0
13,10018649925317144938,0,0,0,0,0,0,0,0,0,0,0,0,0,0,0,0,0,0,0,0,0,0,302,0,2400,69289,0,0,0,69059,0,0,0,16,302,815,0,0,0,0,228,0,0,0,0,2670,_history_tree_8_updates,1974,0,0,0,0,0,0,5070,2670,0,0,0,7740,0,0,0,0,0,2368,0,0,0,0,0,0,0
13,10018649925317144938,0,0,0,0,0,0,0,0,0,0,0,0,0,0,0,0,0,0,0,0,0,0,990,0,10,9185,0,0,0,9172,0,0,0,15,2548,1,0,0,0,0,13,0,0,0,0,2554,_history_tree_7_removes,2998,0,0,0,0,0,0,2564,2554,0,0,0,5118,0,0,0,0,0,6,0,0,0,0,0,0,0
13,10018649925317144938,0,0,0,0,0,0,0,0,0,0,0,0,0,0,0,0,0,0,0,0,0,0,339,0,2411,68988,0,0,0,68786,0,0,0,14,340,809,0,0,0,0,201,0,0,0,0,2632,_history_tree_7_updates,1997,0,0,0,0,0,0,5084,2632,0,0,0,7715,0,0,0,0,0,2333,0,0,0,0,0,0,0
13,10018649925317144938,0,0,0,0,0,0,0,0,0,0,0,0,0,0,0,0,0,0,0,0,0,0,971,0,6,9097,0,0,0,9091,0,0,0,13,2578,4,0,0,0,0,6,0,0,0,0,2584,_history_tree_6_removes,3038,0,0,0,0,0,0,2589,2583,0,0,0,5172,0,0,0,0,0,6,0,0,0,0,0,0,0
13,10018649925317144938,0,0,0,0,0,0,0,0,0,0,0,0,0,21464139,22273685,0,0,0,0,0,0,0,319,0,2372,67788,0,0,0,67575,0,0,0,0,319,806,0,0,0,0,212,0,0,0,0,2622,_history_tree_0_updates,1941,0,1481649,0,0,0,0,5013,2622,0,0,0,7635,0,0,0,0,0,2322,0,0,0,0,668084,0,0
13,10018649925317144938,0,0,0,0,0,0,0,0,0,0,0,0,0,0,0,0,0,0,0,0,0,0,980,0,9,9050,0,0,0,9023,0,0,0,1,2524,2,0,0,0,0,27,0,0,0,0,2532,_history_tree_0_removes,2941,0,0,0,0,0,0,2541,2532,0,0,0,5073,0,0,0,0,0,8,0,0,0,0,0,0,0
13,10018649925317144938,0,0,0,0,0,0,0,0,0,0,0,0,0,0,0,0,0,0,0,0,0,0,359,0,2399,68789,0,0,0,68588,0,0,0,2,359,849,0,0,0,0,201,0,0,0,0,2660,_history_tree_1_updates,1972,0,0,0,0,0,0,5087,2660,0,0,0,7747,0,0,0,0,0,2329,0,0,0,0,0,0,0
13,10018649925317144938,0,0,0,0,0,0,0,0,0,0,0,0,0,0,0,0,0,0,0,0,0,0,1026,0,7,9282,0,0,0,9274,0,0,0,3,2500,2,0,0,0,0,8,0,0,0,0,2505,_history_tree_1_removes,2954,0,0,0,0,0,0,2511,2504,0,0,0,5015,0,0,0,0,0,5,0,0,0,0,0,0,0
13,10018649925317144938,0,0,0,0,0,0,0,0,0,0,0,0,0,0,0,0,0,0,0,0,0,0,347,0,2373,67638,0,0,0,67436,0,0,0,4,347,772,0,0,0,0,201,0,0,0,0,2645,_history_tree_2_updates,2014,0,0,0,0,0,0,5032,2645,0,0,0,7677,0,0,0,0,0,2312,0,0,0,0,0,0,0
13,10018649925317144938,0,0,0,0,0,0,0,0,0,0,0,0,0,0,0,0,0,0,0,0,0,0,974,0,9,8853,0,0,0,8843,0,0,0,5,2538,1,0,0,0,0,10,0,0,0,0,2544,_history_tree_2_removes,2997,0,0,0,0,0,0,2553,2544,0,0,0,5097,0,0,0,0,0,6,0,0,0,0,0,0,0
13,10018649925317144938,0,0,0,0,0,0,0,0,0,0,0,0,0,0,0,0,0,0,0,0,0,0,299,0,2369,68003,0,0,0,67811,0,0,0,6,299,778,0,0,0,0,191,0,0,0,0,2616,_history_tree_3_updates,1967,0,0,0,0,0,0,4992,2616,0,0,0,7608,0,0,0,0,0,2325,0,0,0,0,0,0,0
13,10018649925317144938,0,0,0,0,0,0,0,0,0,0,0,0,0,0,0,0,0,0,0,0,0,0,1027,0,6,9227,0,0,0,9214,0,0,0,7,2552,2,0,0,0,0,13,0,0,0,0,2557,_history_tree_3_removes,3008,0,0,0,0,0,0,2563,2557,0,0,0,5120,0,0,0,0,0,5,0,0,0,0,0,0,0
13,10018649925317144938,0,0,0,0,0,0,0,0,0,0,0,0,0,0,0,0,0,0,0,0,0,0,353,0,2376,67276,0,0,0,67060,0,0,0,8,353,809,0,0,0,0,215,0,0,0,0,2582,_history_tree_4_updates,1967,0,0,0,0,0,0,5028,2582,0,0,0,7610,0,0,0,0,0,2299,0,0,0,0,0,0,0
13,10018649925317144938,0,0,0,0,0,0,0,0,0,0,0,0,0,0,0,0,0,0,0,0,0,0,915,0,7,8570,0,0,0,8560,0,0,0,9,2540,2,0,0,0,0,10,0,0,0,0,2545,_history_tree_4_removes,2972,0,0,0,0,0,0,2552,2545,0,0,0,5097,0,0,0,0,0,5,0,0,0,0,0,0,0
13,10018649925317144938,0,0,0,0,0,0,0,0,0,0,0,0,0,0,0,0,0,0,0,0,0,0,326,0,2382,67876,0,0,0,67657,0,0,0,10,326,821,0,0,0,0,212,0,0,0,0,2607,_history_tree_5_updates,1943,0,0,0,0,0,0,5014,2607,0,0,0,7621,0,0,0,0,0,2306,0,0,0,0,0,0,0
13,10018649925317144938,0,0,0,0,0,0,0,0,0,0,0,0,0,0,0,0,0,0,0,0,0,0,975,0,8,8937,0,0,0,8924,0,0,0,11,2523,1,0,0,0,0,13,0,0,0,0,2529,_history_tree_5_removes,2964,0,0,0,0,0,0,2537,2529,0,0,0,5066,0,0,0,0,0,6,0,0,0,0,0,0,0
13,10018649925317144938,0,0,0,0,0,0,0,0,0,0,0,0,0,0,0,0,0,0,0,0,0,0,323,0,2329,66782,0,0,0,66569,0,0,0,12,323,771,0,0,0,0,213,0,0,0,0,2567,_history_tree_6_updates,2006,0,0,0,0,0,0,4981,2567,0,0,0,7548,0,0,0,0,0,2329,0,0,0,0,0,0,0
13,10018649925317144938,0,0,0,0,0,0,0,0,0,0,0,0,0,0,0,0,0,0,0,0,0,0,1004,0,12,9532,0,0,0,9516,0,0,0,29,2445,5,0,0,0,0,16,0,0,0,0,2455,_history_tree_14_removes,2916,0,0,0,0,0,0,2467,2455,0,0,0,4922,0,0,0,0,0,10,0,0,0,0,0,0,0
13,10018649925317144938,0,0,0,0,0,0,0,0,0,0,0,0,0,0,0,0,0,0,0,0,0,0,329,0,2365,67771,0,0,0,67561,0,0,0,30,329,803,0,0,0,0,210,0,0,0,0,2640,_history_tree_15_updates,1958,0,0,0,0,0,0,5018,2640,0,0,0,7658,0,0,0,0,0,2324,0,0,0,0,0,0,0
13,10018649925317144938,0,0,0,0,0,0,0,0,0,0,0,0,0,0,0,0,0,0,0,0,0,0,1009,0,6,9157,0,0,0,9144,0,0,0,31,2573,1,0,0,0,0,13,0,0,0,0,2578,_history_tree_15_removes,2998,0,0,0,0,0,0,2584,2578,0,0,0,5162,0,0,0,0,0,5,0,0,0,0,0,0,0
13,10018649925317144938,0,0,0,0,0,0,0,0,0,0,0,0,0,0,0,0,0,0,0,0,0,0,316,0,2375,68307,0,0,0,68075,0,0,0,32,316,788,0,0,0,0,231,0,0,0,0,2620,_history_tree_16_updates,1984,0,0,0,0,0,0,5003,2620,0,0,0,7623,0,0,0,0,0,2313,0,0,0,0,0,0,0
13,10018649925317144938,0,0,0,0,0,0,0,0,0,0,0,0,0,0,0,0,0,0,0,0,0,0,990,0,7,9164,0,0,0,9151,0,0,0,33,2505,1,0,0,0,0,13,0,0,0,0,2510,_history_tree_16_removes,2969,0,0,0,0,0,0,2517,2510,0,0,0,5027,0,0,0,0,0,5,0,0,0,0,0,0,0
13,10018649925317144938,0,0,0,0,0,0,0,0,0,0,0,0,0,0,0,0,0,0,0,0,0,0,350,0,2367,67516,0,0,0,67320,0,0,0,34,350,908,0,0,0,0,195,0,0,0,0,2411,_history_tree_17_updates,1840,0,0,0,0,0,0,4989,2411,0,0,0,7400,0,0,0,0,0,2273,0,0,0,0,0,0,0
13,10018649925317144938,0,0,0,0,0,0,0,0,0,0,0,0,0,0,0,0,0,0,0,0,0,0,866,0,20,9017,0,0,0,9002,0,0,0,35,2439,11,0,0,0,0,15,0,0,0,0,2456,_history_tree_17_removes,2874,0,0,0,0,0,0,2476,2456,0,0,0,4932,0,0,0,0,0,17,0,0,0,0,0,0,0
13,10018649925317144938,0,0,0,0,0,0,0,0,0,0,0,0,0,0,0,0,0,0,0,0,0,0,329,0,2362,67320,0,0,0,67082,0,0,0,36,329,776,0,0,0,0,236,0,0,0,0,2637,_history_tree_18_updates,1990,0,0,0,0,0,0,5000,2637,0,0,0,7636,0,0,0,0,0,2309,0,0,0,0,0,0,0
13,10018649925317144938,0,0,0,0,0,0,0,0,0,0,0,0,0,0,0,0,0,0,0,0,0,0,931,0,7,8916,0,0,0,8891,0,0,0,37,2593,0,0,0,0,0,25,0,0,0,0,2598,_history_tree_18_removes,3018,0,0,0,0,0,0,2605,2598,0,0,0,5203,0,0,0,0,0,5,0,0,0,0,0,0,0
13,10018649925317144938,0,0,0,0,0,0,0,0,0,0,0,0,0,0,0,0,0,0,0,0,0,0,305,0,2390,68051,0,0,0,67861,0,0,0,38,305,761,0,0,0,0,190,0,0,0,0,2582,_history_tree_19_updates,1974,0,0,0,0,0,0,5010,2582,0,0,0,7592,0,0,0,0,0,2315,0,0,0,0,0,0,0
13,10018649925317144938,0,0,0,0,0,0,0,0,0,0,0,0,0,0,0,0,0,0,0,0,0,0,999,0,7,9004,0,0,0,8989,0,0,0,39,2586,2,0,0,0,0,15,0,0,0,0,2590,_history_tree_19_removes,3030,0,0,0,0,0,0,2597,2590,0,0,0,5187,0,0,0,0,0,4,0,0,0,0,0,0,0
13,10018649925317144938,49599,0,0,0,0,0,45600,0,0,0,0,0,0,0,0,0,0,0,0,0,0,0,0,0,0,296646,0,0,0,97160,0,0,0,40,0,0,0,0,0,0,2114,0,0,95190,0,0,warehouse,0,0,0,0,0,0,0,0,0,0,0,0,0,196697,0,0,196695,0,0,0,0,0,95187,0,0,0
13,10018649925317144938,0,0,0,0,0,0,0,0,0,0,0,0,0,0,0,0,0,0,0,0,0,0,0,0,0,0,0,0,0,0,0,0,0,41,0,0,0,0,0,0,0,0,0,0,0,0,_warehouse_graveyard,0,0,0,0,0,0,0,0,0,0,0,0,0,0,0,0,0,0,0,0,0,0,0,0,0,0
13,10018649925317144938,97687,0,0,0,0,0,95930,0,0,0,0,0,0,0,0,0,0,0,0,0,0,0,0,0,0,300865,0,0,0,195734,0,0,0,42,0,0,0,0,0,0,958,0,0,193592,0,0,district,0,0,0,0,0,0,0,0,0,0,0,0,0,104091,0,0,104091,0,0,0,0,0,193580,0,0,0
13,10018649925317144938,0,0,0,0,0,0,0,0,0,0,0,0,0,0,0,0,0,0,0,0,0,0,0,0,0,0,0,0,0,0,0,0,0,43,0,0,0,0,0,0,0,0,0,0,0,0,_district_graveyard,0,0,0,0,0,0,0,0,0,0,0,0,0,0,0,0,0,0,0,0,0,0,0,0,0,0
13,10018649925317144938,62994,0,0,0,0,0,59710,0,0,0,0,0,0,0,0,0,0,0,0,0,0,0,0,0,0,793356,0,0,0,122736,0,0,0,44,0,0,0,0,0,0,11,0,0,122690,0,0,customer,0,0,0,0,0,0,0,0,0,0,0,0,0,141691,0,0,141690,0,0,0,0,0,122682,0,0,0
13,10018649925317144938,0,0,0,0,0,0,0,0,0,0,0,0,0,0,0,0,0,0,0,0,0,0,0,0,0,0,0,0,0,0,0,0,0,45,0,0,0,0,0,0,0,0,0,0,0,0,_customer_graveyard,0,0,0,0,0,0,0,0,0,0,0,0,0,0,0,0,0,0,0,0,0,0,0,0,0,0
13,10018649925317144938,0,0,0,0,0,0,0,0,0,0,0,0,0,0,0,0,0,0,0,0,0,0,0,0,0,185106,0,0,0,0,0,0,0,46,0,0,0,0,0,0,61700,0,0,0,0,0,customerwdl,0,0,0,0,0,0,0,0,0,0,0,61700,0,61700,0,0,61700,0,0,0,0,0,0,0,0,0
13,10018649925317144938,0,0,0,0,0,0,0,0,0,0,0,0,0,0,0,0,0,0,0,0,0,0,0,0,0,0,0,0,0,0,0,0,0,47,0,0,0,0,0,0,0,0,0,0,0,0,_customerwdl_graveyard,0,0,0,0,0,0,0,0,0,0,0,0,0,0,0,0,0,0,0,0,0,0,0,0,0,0
13,10018649925317144938,0,0,0,0,0,0,0,0,0,0,0,0,0,0,0,0,0,0,0,0,0,0,0,0,2249,119997,0,0,0,39999,0,0,0,48,0,0,0,0,0,0,0,0,0,0,0,0,history,0,0,0,0,0,0,0,2279,0,0,0,0,2279,0,0,0,0,0,0,0,0,0,0,0,0,0
13,10018649925317144938,0,0,0,0,0,0,0,0,0,0,0,0,0,0,0,0,0,0,0,0,0,0,0,0,0,0,0,0,0,0,0,0,0,49,0,0,0,0,0,0,0,0,0,0,0,0,_history_graveyard,0,0,0,0,0,0,0,0,0,0,0,0,0,0,0,0,0,0,0,0,0,0,0,0,0,0
13,10018649925317144938,42502,83070,0,83070,0,0,42377,0,0,0,0,0,0,0,0,0,0,0,0,0,0,0,63365,0,2088,1111472,0,0,0,269692,0,11773,0,50,112,0,0,0,0,0,100769,0,0,0,0,0,neworder,90745,11773,0,0,0,0,0,3925,44,0,0,85144,3926,96917,0,0,96916,0,1723,0,0,0,0,0,0,0
13,10018649925317144938,0,0,0,0,0,0,0,0,0,0,0,0,0,0,0,0,0,0,0,0,0,0,0,0,0,0,0,0,0,0,0,0,0,51,0,0,0,0,0,0,0,0,0,0,0,0,_neworder_graveyard,0,0,0,0,0,0,0,0,0,0,0,0,0,0,0,0,0,0,0,0,0,0,0,0,0,0
13,10018649925317144938,42922,0,0,0,0,0,41928,0,0,0,0,0,0,0,0,0,0,0,0,0,0,0,0,0,4333,830838,0,0,0,188539,0,0,0,52,0,0,0,0,0,0,0,0,0,84842,0,0,order,0,0,0,0,0,0,0,4343,0,0,0,0,4343,88397,0,0,88397,0,0,0,0,0,84838,0,0,0
13,10018649925317144938,0,0,0,0,0,0,0,0,0,0,0,0,0,0,0,0,0,0,0,0,0,0,0,0,0,0,0,0,0,0,0,0,0,53,0,0,0,0,0,0,0,0,0,0,0,0,_order_graveyard,0,0,0,0,0,0,0,0,0,0,0,0,0,0,0,0,0,0,0,0,0,0,0,0,0,0
13,10018649925317144938,0,0,0,0,0,0,0,0,0,0,0,0,0,0,0,0,3558,0,0,0,0,0,0,0,1339,312592,0,0,0,100639,0,0,0,54,0,0,0,0,0,0,3558,0,0,0,0,0,order_wdc,0,0,0,0,0,0,0,1340,0,0,0,0,1340,3558,0,0,3558,0,0,0,0,0,0,0,0,0
13,10018649925317144938,0,0,0,0,0,0,0,0,0,0,0,0,0,0,0,0,0,0,0,0,0,0,0,0,0,0,0,0,0,0,0,0,0,55,0,0,0,0,0,0,0,0,0,0,0,0,_order_wdc_graveyard,0,0,0,0,0,0,0,0,0,0,0,0,0,0,0,0,0,0,0,0,0,0,0,0,0,0
13,10018649925317144938,429737,0,0,0,0,0,420006,0,0,0,0,0,0,0,0,0,0,0,0,0,0,0,100192,0,59041,7644108,0,0,0,1898471,0,935,0,56,0,0,0,0,0,0,12537,0,0,849663,0,0,orderline,1820302,935,0,0,0,0,0,59885,0,0,0,12473,59884,1832763,0,0,1832763,0,0,0,0,0,849614,0,0,0
13,10018649925317144938,0,0,0,0,0,0,0,0,0,0,0,0,0,0,0,0,0,0,0,0,0,0,0,0,0,0,0,0,0,0,0,0,0,57,0,0,0,0,0,0,0,0,0,0,0,0,_orderline_graveyard,0,0,0,0,0,0,0,0,0,0,0,0,0,0,0,0,0,0,0,0,0,0,0,0,0,0
13,10018649925317144938,0,0,0,0,0,0,0,0,0,0,0,0,0,0,0,0,0,0,0,0,0,0,0,0,0,1978022,0,0,0,0,0,0,0,58,0,0,0,0,0,0,0,0,0,0,0,0,item,0,0,0,0,0,0,0,0,0,0,0,0,0,988928,0,0,988918,0,0,0,0,0,0,0,0,0
14,10018649925317144938,0,0,0,0,0,0,0,0,0,0,0,0,0,0,0,0,0,0,0,0,0,0,0,0,0,0,0,0,0,0,0,0,0,61,0,0,0,0,0,0,0,0,0,0,0,0,_stock_graveyard,0,0,0,0,0,0,0,0,0,0,0,0,0,0,0,0,0,0,0,0,0,0,0,0,0,0
14,10018649925317144938,512616,0,0,0,0,0,499929,0,0,0,0,0,0,0,0,0,0,0,0,0,0,0,0,0,0,15198456,0,0,0,1013545,0,0,0,60,0,0,0,0,0,0,1084,0,0,1012589,0,0,stock,0,0,0,0,0,0,0,0,0,0,0,0,0,2785031,0,0,2785033,0,0,0,0,0,1012620,0,0,0
14,10018649925317144938,0,0,0,0,0,0,0,0,0,0,0,0,0,0,0,0,0,0,0,0,0,0,0,0,0,0,0,0,0,0,0,0,0,59,0,0,0,0,0,0,0,0,0,0,0,0,_item_graveyard,0,0,0,0,0,0,0,0,0,0,0,0,0,0,0,0,0,0,0,0,0,0,0,0,0,0
14,10018649925317144938,0,0,0,0,0,0,0,0,0,0,0,0,0,0,0,0,0,0,0,0,0,0,336,0,2431,70053,0,0,0,69854,0,0,0,28,336,884,0,0,0,0,199,0,0,0,0,2786,_history_tree_14_updates,2053,0,0,0,0,0,0,5228,2786,0,0,0,8014,0,0,0,0,0,2461,0,0,0,0,0,0,0
14,10018649925317144938,0,0,0,0,0,0,0,0,0,0,0,0,0,0,0,0,0,0,0,0,0,0,1043,0,7,9508,0,0,0,9487,0,0,0,27,2629,1,0,0,0,0,21,0,0,0,0,2635,_history_tree_13_removes,3086,0,0,0,0,0,0,2642,2635,0,0,0,5277,0,0,0,0,0,6,0,0,0,0,0,0,0
14,10018649925317144938,0,0,0,0,0,0,0,0,0,0,0,0,0,0,0,0,0,0,0,0,0,0,373,0,2434,69804,0,0,0,69608,0,0,0,26,373,841,0,0,0,0,198,0,0,0,0,2752,_history_tree_13_updates,2036,0,0,0,0,0,0,5203,2752,0,0,0,7955,0,0,0,0,0,2396,0,0,0,0,0,0,0
14,10018649925317144938,0,0,0,0,0,0,0,0,0,0,0,0,0,0,0,0,0,0,0,0,0,0,1015,0,10,9554,0,0,0,9536,0,0,0,25,2648,4,0,0,0,0,18,0,0,0,0,2657,_history_tree_12_removes,3093,0,0,0,0,0,0,2667,2657,0,0,0,5324,0,0,0,0,0,9,0,0,0,0,0,0,0
14,10018649925317144938,0,0,0,0,0,0,0,0,0,0,0,0,0,0,0,0,0,0,0,0,0,0,324,0,2444,70043,0,0,0,69820,0,0,0,24,324,822,0,0,0,0,222,0,0,0,0,2741,_history_tree_12_updates,2042,0,0,0,0,0,0,5186,2741,0,0,0,7927,0,0,0,0,0,2418,0,0,0,0,0,0,0
14,10018649925317144938,0,0,0,0,0,0,0,0,0,0,0,0,0,0,0,0,0,0,0,0,0,0,1023,0,7,9405,0,0,0,9393,0,0,0,23,2688,0,0,0,0,0,12,0,0,0,0,2694,_history_tree_11_removes,3131,0,0,0,0,0,0,2701,2694,0,0,0,5395,0,0,0,0,0,6,0,0,0,0,0,0,0
14,10018649925317144938,0,0,0,0,0,0,0,0,0,0,0,0,0,0,0,0,0,0,0,0,0,0,333,0,2439,69727,0,0,0,69526,0,0,0,22,333,784,0,0,0,0,201,0,0,0,0,2723,_history_tree_11_updates,2076,0,0,0,0,0,0,5175,2723,0,0,0,7898,0,0,0,0,0,2403,0,0,0,0,0,0,0
14,10018649925317144938,0,0,0,0,0,0,0,0,0,0,0,0,0,0,0,0,0,0,0,0,0,0,1066,0,8,9735,0,0,0,9708,0,0,0,21,2644,3,0,0,0,0,27,0,0,0,0,2652,_history_tree_10_removes,3099,0,0,0,0,0,0,2660,2652,0,0,0,5312,0,0,0,0,0,8,0,0,0,0,0,0,0
14,10018649925317144938,0,0,0,0,0,0,0,0,0,0,0,0,0,0,0,0,0,0,0,0,0,0,375,0,2449,70450,0,0,0,70237,0,0,0,20,375,882,0,0,0,0,213,0,0,0,0,2792,_history_tree_10_updates,2058,0,0,0,0,0,0,5273,2792,0,0,0,8065,0,0,0,0,0,2449,0,0,0,0,0,0,0
14,10018649925317144938,0,0,0,0,0,0,0,0,0,0,0,0,0,0,0,0,0,0,0,0,0,0,1041,0,6,9504,0,0,0,9481,0,0,0,19,2708,1,0,0,0,0,23,0,0,0,0,2713,_history_tree_9_removes,3169,0,0,0,0,0,0,2719,2713,0,0,0,5432,0,0,0,0,0,5,0,0,0,0,0,0,0
14,10018649925317144938,0,0,0,0,0,0,0,0,0,0,0,0,0,0,0,0,0,0,0,0,0,0,319,0,2441,69928,0,0,0,69738,0,0,0,18,319,799,0,0,0,0,189,0,0,0,0,2737,_history_tree_9_updates,2059,0,0,0,0,0,0,5181,2737,0,0,0,7918,0,0,0,0,0,2421,0,0,0,0,0,0,0
14,10018649925317144938,0,0,0,0,0,0,0,0,0,0,0,0,0,0,0,0,0,0,0,0,0,0,1005,0,9,9268,0,0,0,9253,0,0,0,17,2651,1,0,0,0,0,15,0,0,0,0,2658,_history_tree_8_removes,3118,0,0,0,0,0,0,2667,2658,0,0,0,5325,0,0,0,0,0,7,0,0,0,0,0,0,0
14,10018649925317144938,0,0,0,0,0,0,0,0,0,0,0,0,0,0,0,0,0,0,0,0,0,0,323,0,2428,69349,0,0,0,69130,0,0,0,16,325,826,0,0,0,0,214,0,0,0,0,2727,_history_tree_8_updates,2043,0,0,0,0,0,0,5155,2727,0,0,0,7882,0,0,0,0,0,2402,0,0,0,0,0,0,0
14,10018649925317144938,0,0,0,0,0,0,0,0,0,0,0,0,0,0,0,0,0,0,0,0,0,0,1006,0,5,9413,0,0,0,9395,0,0,0,15,2674,4,0,0,0,0,18,0,0,0,0,2682,_history_tree_7_removes,3150,0,0,0,0,0,0,2687,2682,0,0,0,5369,0,0,0,0,0,8,0,0,0,0,0,0,0
14,10018649925317144938,0,0,0,0,0,0,0,0,0,0,0,0,0,0,0,0,0,0,0,0,0,0,319,0,2394,68646,0,0,0,68469,0,0,0,14,319,858,0,0,0,0,177,0,0,0,0,2686,_history_tree_7_updates,2045,0,0,0,0,0,0,5168,2686,0,0,0,7854,0,0,0,0,0,2455,0,0,0,0,0,0,0
14,10018649925317144938,0,0,0,0,0,0,0,0,0,0,0,0,0,0,0,0,0,0,0,0,0,0,980,0,11,9341,0,0,0,9321,0,0,0,13,2672,4,0,0,0,0,20,0,0,0,0,2680,_history_tree_6_removes,3133,0,0,0,0,0,0,2691,2680,0,0,0,5371,0,0,0,0,0,8,0,0,0,0,0,0,0
14,10018649925317144938,0,0,0,0,0,0,0,0,0,0,0,0,0,21733092,22554614,0,0,0,0,0,0,0,345,0,2457,70604,0,0,0,70397,0,0,0,0,345,865,0,0,0,0,207,0,0,0,0,2775,_history_tree_0_updates,2055,0,1521312,0,0,0,0,5254,2775,0,0,0,8029,0,0,0,0,0,2452,0,0,0,0,742533,0,0
14,10018649925317144938,0,0,0,0,0,0,0,0,0,0,0,0,0,0,0,0,0,0,0,0,0,0,1062,0,7,9781,0,0,0,9763,0,0,0,1,2644,2,0,0,0,0,18,0,0,0,0,2650,_history_tree_0_removes,3094,0,0,0,0,0,0,2657,2650,0,0,0,5307,0,0,0,0,0,6,0,0,0,0,0,0,0
14,10018649925317144938,0,0,0,0,0,0,0,0,0,0,0,0,0,0,0,0,0,0,0,0,0,0,357,0,2399,68326,0,0,0,68092,0,0,0,2,357,866,0,0,0,0,233,0,0,0,0,2722,_history_tree_1_updates,2057,0,0,0,0,0,0,5195,2722,0,0,0,7917,0,0,0,0,0,2439,0,0,0,0,0,0,0
14,10018649925317144938,0,0,0,0,0,0,0,0,0,0,0,0,0,0,0,0,0,0,0,0,0,0,944,0,7,9149,0,0,0,9132,0,0,0,3,2652,2,0,0,0,0,17,0,0,0,0,2661,_history_tree_1_removes,3113,0,0,0,0,0,0,2668,2661,0,0,0,5329,0,0,0,0,0,9,0,0,0,0,0,0,0
14,10018649925317144938,0,0,0,0,0,0,0,0,0,0,0,0,0,0,0,0,0,0,0,0,0,0,306,0,2437,70274,0,0,0,70070,0,0,0,4,306,883,0,0,0,0,204,0,0,0,0,2734,_history_tree_2_updates,2022,0,0,0,0,0,0,5208,2734,0,0,0,7942,0,0,0,0,0,2465,0,0,0,0,0,0,0
14,10018649925317144938,0,0,0,0,0,0,0,0,0,0,0,0,0,0,0,0,0,0,0,0,0,0,1069,0,7,9826,0,0,0,9810,0,0,0,5,2655,4,0,0,0,0,16,0,0,0,0,2663,_history_tree_2_removes,3125,0,0,0,0,0,0,2670,2663,0,0,0,5333,0,0,0,0,0,8,0,0,0,0,0,0,0
14,10018649925317144938,0,0,0,0,0,0,0,0,0,0,0,0,0,0,0,0,0,0,0,0,0,0,353,0,2450,70421,0,0,0,70195,0,0,0,6,353,859,0,0,0,0,223,0,0,0,0,2743,_history_tree_3_updates,2051,0,0,0,0,0,0,5233,2743,0,0,0,7976,0,0,0,0,0,2430,0,0,0,0,0,0,0
14,10018649925317144938,0,0,0,0,0,0,0,0,0,0,0,0,0,0,0,0,0,0,0,0,0,0,1040,0,8,9583,0,0,0,9570,0,0,0,7,2644,3,0,0,0,0,13,0,0,0,0,2651,_history_tree_3_removes,3110,0,0,0,0,0,0,2659,2651,0,0,0,5310,0,0,0,0,0,7,0,0,0,0,0,0,0
14,10018649925317144938,0,0,0,0,0,0,0,0,0,0,0,0,0,0,0,0,0,0,0,0,0,0,323,0,2428,70087,0,0,0,69856,0,0,0,8,323,896,0,0,0,0,231,0,0,0,0,2756,_history_tree_4_updates,2035,0,0,0,0,0,0,5236,2756,0,0,0,7992,0,0,0,0,0,2485,0,0,0,0,0,0,0
14,10018649925317144938,0,0,0,0,0,0,0,0,0,0,0,0,0,0,0,0,0,0,0,0,0,0,1066,0,7,9832,0,0,0,9811,0,0,0,9,2641,2,0,0,0,0,21,0,0,0,0,2649,_history_tree_4_removes,3111,0,0,0,0,0,0,2656,2649,0,0,0,5305,0,0,0,0,0,8,0,0,0,0,0,0,0
14,10018649925317144938,0,0,0,0,0,0,0,0,0,0,0,0,0,0,0,0,0,0,0,0,0,0,377,0,2421,69493,0,0,0,69271,0,0,0,10,377,908,0,0,0,0,222,0,0,0,0,2770,_history_tree_5_updates,2065,0,0,0,0,0,0,5269,2770,0,0,0,8039,0,0,0,0,0,2471,0,0,0,0,0,0,0
14,10018649925317144938,0,0,0,0,0,0,0,0,0,0,0,0,0,0,0,0,0,0,0,0,0,0,992,0,6,9510,0,0,0,9494,0,0,0,11,2595,3,0,0,0,0,16,0,0,0,0,2603,_history_tree_5_removes,3044,0,0,0,0,0,0,2609,2603,0,0,0,5212,0,0,0,0,0,8,0,0,0,0,0,0,0
14,10018649925317144938,0,0,0,0,0,0,0,0,0,0,0,0,0,0,0,0,0,0,0,0,0,0,362,0,2426,69453,0,0,0,69225,0,0,0,12,362,797,0,0,0,0,228,0,0,0,0,2642,_history_tree_6_updates,2067,0,0,0,0,0,0,5152,2642,0,0,0,7794,0,0,0,0,0,2364,0,0,0,0,0,0,0
14,10018649925317144938,0,0,0,0,0,0,0,0,0,0,0,0,0,0,0,0,0,0,0,0,0,0,1040,0,6,9800,0,0,0,9785,0,0,0,29,2589,2,0,0,0,0,15,0,0,0,0,2597,_history_tree_14_removes,3065,0,0,0,0,0,0,2603,2597,0,0,0,5200,0,0,0,0,0,8,0,0,0,0,0,0,0
14,10018649925317144938,0,0,0,0,0,0,0,0,0,0,0,0,0,0,0,0,0,0,0,0,0,0,324,0,2445,70411,0,0,0,70185,0,0,0,30,324,870,0,0,0,0,226,0,0,0,0,2758,_history_tree_15_updates,2039,0,0,0,0,0,0,5220,2758,0,0,0,7978,0,0,0,0,0,2451,0,0,0,0,0,0,0
14,10018649925317144938,0,0,0,0,0,0,0,0,0,0,0,0,0,0,0,0,0,0,0,0,0,0,1039,0,7,9763,0,0,0,9745,0,0,0,31,2660,3,0,0,0,0,18,0,0,0,0,2667,_history_tree_15_removes,3122,0,0,0,0,0,0,2674,2667,0,0,0,5341,0,0,0,0,0,7,0,0,0,0,0,0,0
14,10018649925317144938,0,0,0,0,0,0,0,0,0,0,0,0,0,0,0,0,0,0,0,0,0,0,325,0,2420,69241,0,0,0,69038,0,0,0,32,325,840,0,0,0,0,203,0,0,0,0,2772,_history_tree_16_updates,2069,0,0,0,0,0,0,5215,2772,0,0,0,7987,0,0,0,0,0,2470,0,0,0,0,0,0,0
14,10018649925317144938,0,0,0,0,0,0,0,0,0,0,0,0,0,0,0,0,0,0,0,0,0,0,1025,0,7,9427,0,0,0,9415,0,0,0,33,2714,3,0,0,0,0,12,0,0,0,0,2723,_history_tree_16_removes,3157,0,0,0,0,0,0,2730,2723,0,0,0,5453,0,0,0,0,0,9,0,0,0,0,0,0,0
14,10018649925317144938,0,0,0,0,0,0,0,0,0,0,0,0,0,0,0,0,0,0,0,0,0,0,352,0,2400,68463,0,0,0,68239,0,0,0,34,352,1001,0,0,0,0,224,0,0,0,0,2556,_history_tree_17_updates,1912,0,0,0,0,0,0,5178,2556,0,0,0,7734,0,0,0,0,0,2426,0,0,0,0,0,0,0
14,10018649925317144938,0,0,0,0,0,0,0,0,0,0,0,0,0,0,0,0,0,0,0,0,0,0,905,0,16,9314,0,0,0,9300,0,0,0,35,2526,8,0,0,0,0,14,0,0,0,0,2542,_history_tree_17_removes,2975,0,0,0,0,0,0,2558,2542,0,0,0,5100,0,0,0,0,0,16,0,0,0,0,0,0,0
14,10018649925317144938,0,0,0,0,0,0,0,0,0,0,0,0,0,0,0,0,0,0,0,0,0,0,323,0,2427,69666,0,0,0,69472,0,0,0,36,323,820,0,0,0,0,191,0,0,0,0,2757,_history_tree_18_updates,2080,0,0,0,0,0,0,5186,2757,0,0,0,7943,0,0,0,0,0,2436,0,0,0,0,0,0,0
14,10018649925317144938,0,0,0,0,0,0,0,0,0,0,0,0,0,0,0,0,0,0,0,0,0,0,1045,0,6,9611,0,0,0,9594,0,0,0,37,2719,1,0,0,0,0,17,0,0,0,0,2726,_history_tree_18_removes,3212,0,0,0,0,0,0,2732,2726,0,0,0,5458,0,0,0,0,0,7,0,0,0,0,0,0,0
14,10018649925317144938,0,0,0,0,0,0,0,0,0,0,0,0,0,0,0,0,0,0,0,0,0,0,315,0,2388,68094,0,0,0,67879,0,0,0,38,316,876,0,0,0,0,210,0,0,0,0,2714,_history_tree_19_updates,2023,0,0,0,0,0,0,5167,2714,0,0,0,7881,0,0,0,0,0,2463,0,0,0,0,0,0,0
14,10018649925317144938,0,0,0,0,0,0,0,0,0,0,0,0,0,0,0,0,0,0,0,0,0,0,1002,0,3,9225,0,0,0,9213,0,0,0,39,2691,3,0,0,0,0,12,0,0,0,0,2697,_history_tree_19_removes,3128,0,0,0,0,0,0,2700,2697,0,0,0,5397,0,0,0,0,0,6,0,0,0,0,0,0,0
14,10018649925317144938,49984,0,0,0,0,0,46661,0,0,0,0,0,0,0,0,0,0,0,0,0,0,0,0,0,0,301763,0,0,0,98662,0,0,0,40,0,0,0,0,0,0,2132,0,0,96645,0,0,warehouse,0,0,0,0,0,0,0,0,0,0,0,0,0,200269,0,0,200269,0,0,0,0,0,96645,0,0,0
14,10018649925317144938,0,0,0,0,0,0,0,0,0,0,0,0,0,0,0,0,0,0,0,0,0,0,0,0,0,0,0,0,0,0,0,0,0,41,0,0,0,0,0,0,0,0,0,0,0,0,_warehouse_graveyard,0,0,0,0,0,0,0,0,0,0,0,0,0,0,0,0,0,0,0,0,0,0,0,0,0,0
14,10018649925317144938,99475,0,0,0,0,0,97711,0,0,0,0,0,0,0,0,0,0,0,0,0,0,0,0,0,0,305914,0,0,0,199326,0,0,0,42,0,0,0,0,0,0,990,0,0,197187,0,0,district,0,0,0,0,0,0,0,0,0,0,0,0,0,105533,0,0,105533,0,0,0,0,0,197190,0,0,0
14,10018649925317144938,0,0,0,0,0,0,0,0,0,0,0,0,0,0,0,0,0,0,0,0,0,0,0,0,0,0,0,0,0,0,0,0,0,43,0,0,0,0,0,0,0,0,0,0,0,0,_district_graveyard,0,0,0,0,0,0,0,0,0,0,0,0,0,0,0,0,0,0,0,0,0,0,0,0,0,0
14,10018649925317144938,65142,0,0,0,0,0,61748,0,0,0,0,0,0,0,0,0,0,0,0,0,0,0,0,0,0,814278,0,0,0,126911,0,0,0,44,0,0,0,0,0,0,11,0,0,126891,0,0,customer,0,0,0,0,0,0,0,0,0,0,0,0,0,144507,0,0,144507,0,0,0,0,0,126891,0,0,0
14,10018649925317144938,0,0,0,0,0,0,0,0,0,0,0,0,0,0,0,0,0,0,0,0,0,0,0,0,0,0,0,0,0,0,0,0,0,45,0,0,0,0,0,0,0,0,0,0,0,0,_customer_graveyard,0,0,0,0,0,0,0,0,0,0,0,0,0,0,0,0,0,0,0,0,0,0,0,0,0,0
14,10018649925317144938,0,0,0,0,0,0,0,0,0,0,0,0,0,0,0,0,0,0,0,0,0,0,0,0,0,188610,0,0,0,0,0,0,0,46,0,0,0,0,0,0,62871,0,0,0,0,0,customerwdl,0,0,0,0,0,0,0,0,0,0,0,62871,0,62871,0,0,62871,0,0,0,0,0,0,0,0,0
14,10018649925317144938,0,0,0,0,0,0,0,0,0,0,0,0,0,0,0,0,0,0,0,0,0,0,0,0,0,0,0,0,0,0,0,0,0,47,0,0,0,0,0,0,0,0,0,0,0,0,_customerwdl_graveyard,0,0,0,0,0,0,0,0,0,0,0,0,0,0,0,0,0,0,0,0,0,0,0,0,0,0
14,10018649925317144938,0,0,0,0,0,0,0,0,0,0,0,0,0,0,0,0,0,0,0,0,0,0,0,0,2273,121707,0,0,0,40569,0,0,0,48,0,0,0,0,0,0,0,0,0,0,0,0,history,0,0,0,0,0,0,0,2295,0,0,0,0,2295,0,0,0,0,0,0,0,0,0,0,0,0,0
14,10018649925317144938,0,0,0,0,0,0,0,0,0,0,0,0,0,0,0,0,0,0,0,0,0,0,0,0,0,0,0,0,0,0,0,0,0,49,0,0,0,0,0,0,0,0,0,0,0,0,_history_graveyard,0,0,0,0,0,0,0,0,0,0,0,0,0,0,0,0,0,0,0,0,0,0,0,0,0,0
14,10018649925317144938,44355,88780,0,88780,0,0,44249,0,0,0,0,0,0,0,0,0,0,0,0,0,0,0,65758,0,2123,1160894,0,0,0,281498,0,11975,0,50,71,0,0,0,0,0,105454,0,0,0,0,0,neworder,94216,11975,0,0,0,0,0,4077,41,3,0,88951,4077,100926,0,0,100926,0,1881,0,0,0,0,0,0,0
14,10018649925317144938,0,0,0,0,0,0,0,0,0,0,0,0,0,0,0,0,0,0,0,0,0,0,0,0,0,0,0,0,0,0,0,0,0,51,0,0,0,0,0,0,0,0,0,0,0,0,_neworder_graveyard,0,0,0,0,0,0,0,0,0,0,0,0,0,0,0,0,0,0,0,0,0,0,0,0,0,0
14,10018649925317144938,44864,0,0,0,0,0,43744,0,0,0,0,0,0,0,0,0,0,0,0,0,0,0,0,0,4449,860997,0,0,0,194704,0,0,0,52,0,0,0,0,0,0,0,0,0,88610,0,0,order,0,0,0,0,0,0,0,4456,0,0,0,0,4456,92297,0,0,92297,0,0,0,0,0,88611,0,0,0
14,10018649925317144938,0,0,0,0,0,0,0,0,0,0,0,0,0,0,0,0,0,0,0,0,0,0,0,0,0,0,0,0,0,0,0,0,0,53,0,0,0,0,0,0,0,0,0,0,0,0,_order_graveyard,0,0,0,0,0,0,0,0,0,0,0,0,0,0,0,0,0,0,0,0,0,0,0,0,0,0
14,10018649925317144938,0,0,0,0,0,0,0,0,0,0,0,0,0,0,0,0,3687,0,0,0,0,0,0,0,1388,320121,0,0,0,103020,0,0,0,54,0,0,0,0,0,0,3687,0,0,0,0,0,order_wdc,0,0,0,0,0,0,0,1389,0,0,0,0,1389,3687,0,0,3687,0,0,0,0,0,0,0,0,0
14,10018649925317144938,0,0,0,0,0,0,0,0,0,0,0,0,0,0,0,0,0,0,0,0,0,0,0,0,0,0,0,0,0,0,0,0,0,55,0,0,0,0,0,0,0,0,0,0,0,0,_order_wdc_graveyard,0,0,0,0,0,0,0,0,0,0,0,0,0,0,0,0,0,0,0,0,0,0,0,0,0,0
14,10018649925317144938,447270,0,0,0,0,0,437143,0,0,0,0,0,0,0,0,0,0,0,0,0,0,0,99763,0,60390,7883658,0,0,0,1958255,0,1048,0,56,0,0,0,0,0,0,12661,0,0,884413,0,0,orderline,1812712,1048,0,0,0,0,0,61188,0,0,0,12574,61189,1825279,0,0,1825279,0,0,0,0,0,884413,0,0,0
14,10018649925317144938,0,0,0,0,0,0,0,0,0,0,0,0,0,0,0,0,0,0,0,0,0,0,0,0,0,0,0,0,0,0,0,0,0,57,0,0,0,0,0,0,0,0,0,0,0,0,_orderline_graveyard,0,0,0,0,0,0,0,0,0,0,0,0,0,0,0,0,0,0,0,0,0,0,0,0,0,0
14,10018649925317144938,0,0,0,0,0,0,0,0,0,0,0,0,0,0,0,0,0,0,0,0,0,0,0,0,0,2026628,0,0,0,0,0,0,0,58,0,0,0,0,0,0,0,0,0,0,0,0,item,0,0,0,0,0,0,0,0,0,0,0,0,0,1013332,0,0,1013334,0,0,0,0,0,0,0,0,0
15,10018649925317144938,0,0,0,0,0,0,0,0,0,0,0,0,0,0,0,0,0,0,0,0,0,0,0,0,0,0,0,0,0,0,0,0,0,61,0,0,0,0,0,0,0,0,0,0,0,0,_stock_graveyard,0,0,0,0,0,0,0,0,0,0,0,0,0,0,0,0,0,0,0,0,0,0,0,0,0,0
15,10018649925317144938,503601,0,0,0,0,0,491125,0,0,0,0,0,0,0,0,0,0,0,0,0,0,0,0,0,0,15077305,0,0,0,995718,0,0,0,60,0,0,0,0,0,0,1101,0,0,994762,0,0,stock,0,0,0,0,0,0,0,0,0,0,0,0,0,2772647,0,0,2772652,0,0,0,0,0,994805,0,0,0
15,10018649925317144938,0,0,0,0,0,0,0,0,0,0,0,0,0,0,0,0,0,0,0,0,0,0,0,0,0,0,0,0,0,0,0,0,0,59,0,0,0,0,0,0,0,0,0,0,0,0,_item_graveyard,0,0,0,0,0,0,0,0,0,0,0,0,0,0,0,0,0,0,0,0,0,0,0,0,0,0
15,10018649925317144938,0,0,0,0,0,0,0,0,0,0,0,0,0,0,0,0,0,0,0,0,0,0,356,0,2426,69835,0,0,0,69621,0,0,0,28,356,886,0,0,0,0,216,0,0,0,0,2767,_history_tree_14_updates,2040,0,0,0,0,0,0,5226,2767,0,0,0,7993,0,0,0,0,0,2444,0,0,0,0,0,0,0
15,10018649925317144938,0,0,0,0,0,0,0,0,0,0,0,0,0,0,0,0,0,0,0,0,0,0,1028,0,5,9339,0,0,0,9320,0,0,0,27,2605,1,0,0,0,0,19,0,0,0,0,2611,_history_tree_13_removes,3083,0,0,0,0,0,0,2616,2611,0,0,0,5227,0,0,0,0,0,6,0,0,0,0,0,0,0
15,10018649925317144938,0,0,0,0,0,0,0,0,0,0,0,0,0,0,0,0,0,0,0,0,0,0,381,0,2382,68367,0,0,0,68117,0,0,0,26,381,887,0,0,0,0,248,0,0,0,0,2776,_history_tree_13_updates,2058,0,0,0,0,0,0,5199,2776,0,0,0,7975,0,0,0,0,0,2436,0,0,0,0,0,0,0
15,10018649925317144938,0,0,0,0,0,0,0,0,0,0,0,0,0,0,0,0,0,0,0,0,0,0,1088,0,4,9574,0,0,0,9563,0,0,0,25,2684,2,0,0,0,0,11,0,0,0,0,2690,_history_tree_12_removes,3159,0,0,0,0,0,0,2695,2691,0,0,0,5386,0,0,0,0,0,6,0,0,0,0,0,0,0
15,10018649925317144938,0,0,0,0,0,0,0,0,0,0,0,0,0,0,0,0,0,0,0,0,0,0,323,0,2374,68423,0,0,0,68201,0,0,0,24,323,797,0,0,0,0,221,0,0,0,0,2739,_history_tree_12_updates,2076,0,0,0,0,0,0,5113,2739,0,0,0,7852,0,0,0,0,0,2416,0,0,0,0,0,0,0
15,10018649925317144938,0,0,0,0,0,0,0,0,0,0,0,0,0,0,0,0,0,0,0,0,0,0,1057,0,4,9750,0,0,0,9733,0,0,0,23,2590,1,0,0,0,0,17,0,0,0,0,2596,_history_tree_11_removes,3042,0,0,0,0,0,0,2600,2596,0,0,0,5196,0,0,0,0,0,6,0,0,0,0,0,0,0
15,10018649925317144938,0,0,0,0,0,0,0,0,0,0,0,0,0,0,0,0,0,0,0,0,0,0,371,0,2393,69168,0,0,0,68922,0,0,0,22,371,883,0,0,0,0,242,0,0,0,0,2802,_history_tree_11_updates,2056,0,0,0,0,0,0,5211,2802,0,0,0,8013,0,0,0,0,0,2447,0,0,0,0,0,0,0
15,10018649925317144938,0,0,0,0,0,0,0,0,0,0,0,0,0,0,0,0,0,0,0,0,0,0,1037,0,5,9461,0,0,0,9451,0,0,0,21,2641,2,0,0,0,0,10,0,0,0,0,2647,_history_tree_10_removes,3101,0,0,0,0,0,0,2652,2647,0,0,0,5299,0,0,0,0,0,6,0,0,0,0,0,0,0
15,10018649925317144938,0,0,0,0,0,0,0,0,0,0,0,0,0,0,0,0,0,0,0,0,0,0,399,0,2394,68858,0,0,0,68653,0,0,0,20,399,876,0,0,0,0,204,0,0,0,0,2832,_history_tree_10_updates,2072,0,0,0,0,0,0,5227,2832,0,0,0,8059,0,0,0,0,0,2434,0,0,0,0,0,0,0
15,10018649925317144938,0,0,0,0,0,0,0,0,0,0,0,0,0,0,0,0,0,0,0,0,0,0,1040,0,5,9252,0,0,0,9241,0,0,0,19,2638,1,0,0,0,0,13,0,0,0,0,2645,_history_tree_9_removes,3095,0,0,0,0,0,0,2650,2645,0,0,0,5295,0,0,0,0,0,7,0,0,0,0,0,0,0
15,10018649925317144938,0,0,0,0,0,0,0,0,0,0,0,0,0,0,0,0,0,0,0,0,0,0,364,0,2372,67887,0,0,0,67675,0,0,0,18,364,838,0,0,0,0,214,0,0,0,0,2771,_history_tree_9_updates,2066,0,0,0,0,0,0,5152,2771,0,0,0,7923,0,0,0,0,0,2416,0,0,0,0,0,0,0
15,10018649925317144938,0,0,0,0,0,0,0,0,0,0,0,0,0,0,0,0,0,0,0,0,0,0,1049,0,4,9430,0,0,0,9418,0,0,0,17,2663,3,0,0,0,0,12,0,0,0,0,2670,_history_tree_8_removes,3134,0,0,0,0,0,0,2674,2670,0,0,0,5344,0,0,0,0,0,7,0,0,0,0,0,0,0
15,10018649925317144938,0,0,0,0,0,0,0,0,0,0,0,0,0,0,0,0,0,0,0,0,0,0,360,0,2376,68157,0,0,0,67945,0,0,0,16,360,861,0,0,0,0,210,0,0,0,0,2781,_history_tree_8_updates,2058,0,0,0,0,0,0,5170,2781,0,0,0,7951,0,0,0,0,0,2434,0,0,0,0,0,0,0
15,10018649925317144938,0,0,0,0,0,0,0,0,0,0,0,0,0,0,0,0,0,0,0,0,0,0,1057,0,5,9358,0,0,0,9347,0,0,0,15,2669,1,0,0,0,0,11,0,0,0,0,2675,_history_tree_7_removes,3119,0,0,0,0,0,0,2680,2675,0,0,0,5355,0,0,0,0,0,6,0,0,0,0,0,0,0
15,10018649925317144938,0,0,0,0,0,0,0,0,0,0,0,0,0,0,0,0,0,0,0,0,0,0,316,0,2367,67913,0,0,0,67696,0,0,0,14,316,778,0,0,0,0,217,0,0,0,0,2670,_history_tree_7_updates,2036,0,0,0,0,0,0,5066,2670,0,0,0,7736,0,0,0,0,0,2383,0,0,0,0,0,0,0
15,10018649925317144938,0,0,0,0,0,0,0,0,0,0,0,0,0,0,0,0,0,0,0,0,0,0,1007,0,8,9497,0,0,0,9479,0,0,0,13,2658,8,0,0,0,0,18,0,0,0,0,2669,_history_tree_6_removes,3126,0,0,0,0,0,0,2677,2669,0,0,0,5346,0,0,0,0,0,11,0,0,0,0,0,0,0
15,10018649925317144938,0,0,0,0,0,0,0,0,0,0,0,0,0,21532380,22285650,0,0,0,0,0,0,0,347,0,2395,68707,0,0,0,68494,0,0,0,0,347,882,0,0,0,0,214,0,0,0,0,2775,_history_tree_0_updates,2045,0,1495534,0,0,0,0,5190,2775,0,0,0,7965,0,0,0,0,0,2448,0,0,0,0,683628,0,0
15,10018649925317144938,0,0,0,0,0,0,0,0,0,0,0,0,0,0,0,0,0,0,0,0,0,0,1000,0,7,9476,0,0,0,9459,0,0,0,1,2635,4,0,0,0,0,17,0,0,0,0,2644,_history_tree_0_removes,3089,0,0,0,0,0,0,2651,2644,0,0,0,5295,0,0,0,0,0,9,0,0,0,0,0,0,0
15,10018649925317144938,0,0,0,0,0,0,0,0,0,0,0,0,0,0,0,0,0,0,0,0,0,0,313,0,2404,69557,0,0,0,69342,0,0,0,2,313,884,0,0,0,0,211,0,0,0,0,2695,_history_tree_1_updates,1999,0,0,0,0,0,0,5151,2695,0,0,0,7846,0,0,0,0,0,2434,0,0,0,0,0,0,0
15,10018649925317144938,0,0,0,0,0,0,0,0,0,0,0,0,0,0,0,0,0,0,0,0,0,0,1063,0,8,9877,0,0,0,9859,0,0,0,3,2584,3,0,0,0,0,18,0,0,0,0,2592,_history_tree_1_removes,3048,0,0,0,0,0,0,2600,2592,0,0,0,5192,0,0,0,0,0,8,0,0,0,0,0,0,0
15,10018649925317144938,0,0,0,0,0,0,0,0,0,0,0,0,0,0,0,0,0,0,0,0,0,0,354,0,2365,67718,0,0,0,67492,0,0,0,4,354,836,0,0,0,0,225,0,0,0,0,2739,_history_tree_2_updates,2052,0,0,0,0,0,0,5118,2739,0,0,0,7857,0,0,0,0,0,2399,0,0,0,0,0,0,0
15,10018649925317144938,0,0,0,0,0,0,0,0,0,0,0,0,0,0,0,0,0,0,0,0,0,0,1021,0,6,9269,0,0,0,9259,0,0,0,5,2655,2,0,0,0,0,10,0,0,0,0,2663,_history_tree_2_removes,3145,0,0,0,0,0,0,2670,2664,0,0,0,5334,0,0,0,0,0,8,0,0,0,0,0,0,0
15,10018649925317144938,0,0,0,0,0,0,0,0,0,0,0,0,0,0,0,0,0,0,0,0,0,0,318,0,2384,68248,0,0,0,68056,0,0,0,6,318,833,0,0,0,0,193,0,0,0,0,2732,_history_tree_3_updates,2058,0,0,0,0,0,0,5150,2732,0,0,0,7882,0,0,0,0,0,2448,0,0,0,0,0,0,0
15,10018649925317144938,0,0,0,0,0,0,0,0,0,0,0,0,0,0,0,0,0,0,0,0,0,0,1026,0,7,9349,0,0,0,9334,0,0,0,7,2662,3,0,0,0,0,15,0,0,0,0,2672,_history_tree_3_removes,3121,0,0,0,0,0,0,2679,2672,0,0,0,5351,0,0,0,0,0,9,0,0,0,0,0,0,0
15,10018649925317144938,0,0,0,0,0,0,0,0,0,0,0,0,0,0,0,0,0,0,0,0,0,0,318,0,2385,68267,0,0,0,68064,0,0,0,8,318,796,0,0,0,0,203,0,0,0,0,2701,_history_tree_4_updates,2055,0,0,0,0,0,0,5109,2701,0,0,0,7810,0,0,0,0,0,2405,0,0,0,0,0,0,0
15,10018649925317144938,0,0,0,0,0,0,0,0,0,0,0,0,0,0,0,0,0,0,0,0,0,0,1048,0,5,9284,0,0,0,9270,0,0,0,9,2652,0,0,0,0,0,14,0,0,0,0,2658,_history_tree_4_removes,3116,0,0,0,0,0,0,2663,2658,0,0,0,5321,0,0,0,0,0,6,0,0,0,0,0,0,0
15,10018649925317144938,0,0,0,0,0,0,0,0,0,0,0,0,0,0,0,0,0,0,0,0,0,0,327,0,2383,68345,0,0,0,68133,0,0,0,10,327,827,0,0,0,0,213,0,0,0,0,2725,_history_tree_5_updates,2048,0,0,0,0,0,0,5119,2725,0,0,0,7844,0,0,0,0,0,2408,0,0,0,0,0,0,0
15,10018649925317144938,0,0,0,0,0,0,0,0,0,0,0,0,0,0,0,0,0,0,0,0,0,0,1016,0,5,9309,0,0,0,9298,0,0,0,11,2626,1,0,0,0,0,11,0,0,0,0,2631,_history_tree_5_removes,3091,0,0,0,0,0,0,2636,2631,0,0,0,5267,0,0,0,0,0,5,0,0,0,0,0,0,0
15,10018649925317144938,0,0,0,0,0,0,0,0,0,0,0,0,0,0,0,0,0,0,0,0,0,0,340,0,2405,69018,0,0,0,68814,0,0,0,12,340,901,0,0,0,0,204,0,0,0,0,2670,_history_tree_6_updates,2038,0,0,0,0,0,0,5213,2670,0,0,0,7883,0,0,0,0,0,2468,0,0,0,0,0,0,0
15,10018649925317144938,0,0,0,0,0,0,0,0,0,0,0,0,0,0,0,0,0,0,0,0,0,0,1050,0,8,9692,0,0,0,9673,0,0,0,29,2591,3,0,0,0,0,20,0,0,0,0,2599,_history_tree_14_removes,3052,0,0,0,0,0,0,2607,2599,0,0,0,5206,0,0,0,0,0,8,0,0,0,0,0,0,0
15,10018649925317144938,0,0,0,0,0,0,0,0,0,0,0,0,0,0,0,0,0,0,0,0,0,0,377,0,2393,68740,0,0,0,68496,0,0,0,30,377,886,0,0,0,0,241,0,0,0,0,2784,_history_tree_15_updates,2070,0,0,0,0,0,0,5201,2784,0,0,0,7985,0,0,0,0,0,2431,0,0,0,0,0,0,0
15,10018649925317144938,0,0,0,0,0,0,0,0,0,0,0,0,0,0,0,0,0,0,0,0,0,0,992,0,8,9515,0,0,0,9505,0,0,0,31,2607,3,0,0,0,0,10,0,0,0,0,2616,_history_tree_15_removes,3094,0,0,0,0,0,0,2624,2616,0,0,0,5240,0,0,0,0,0,9,0,0,0,0,0,0,0
15,10018649925317144938,0,0,0,0,0,0,0,0,0,0,0,0,0,0,0,0,0,0,0,0,0,0,325,0,2404,69210,0,0,0,68984,0,0,0,32,325,838,0,0,0,0,220,0,0,0,0,2738,_history_tree_16_updates,2016,0,0,0,0,0,0,5147,2738,0,0,0,7885,0,0,0,0,0,2418,0,0,0,0,0,0,0
15,10018649925317144938,0,0,0,0,0,0,0,0,0,0,0,0,0,0,0,0,0,0,0,0,0,0,1057,0,4,9521,0,0,0,9503,0,0,0,33,2630,0,0,0,0,0,18,0,0,0,0,2634,_history_tree_16_removes,3074,0,0,0,0,0,0,2638,2634,0,0,0,5272,0,0,0,0,0,4,0,0,0,0,0,0,0
15,10018649925317144938,0,0,0,0,0,0,0,0,0,0,0,0,0,0,0,0,0,0,0,0,0,0,325,0,2377,67592,0,0,0,67363,0,0,0,34,325,1001,0,0,0,0,228,0,0,0,0,2522,_history_tree_17_updates,1895,0,0,0,0,0,0,5148,2522,0,0,0,7670,0,0,0,0,0,2446,0,0,0,0,0,0,0
15,10018649925317144938,0,0,0,0,0,0,0,0,0,0,0,0,0,0,0,0,0,0,0,0,0,0,858,0,14,9125,0,0,0,9108,0,0,0,35,2538,10,0,0,0,0,17,0,0,0,0,2555,_history_tree_17_removes,2952,0,0,0,0,0,0,2569,2555,0,0,0,5124,0,0,0,0,0,17,0,0,0,0,0,0,0
15,10018649925317144938,0,0,0,0,0,0,0,0,0,0,0,0,0,0,0,0,0,0,0,0,0,0,332,0,2365,67602,0,0,0,67386,0,0,0,36,332,801,0,0,0,0,215,0,0,0,0,2734,_history_tree_18_updates,2076,0,0,0,0,0,0,5104,2734,0,0,0,7838,0,0,0,0,0,2407,0,0,0,0,0,0,0
15,10018649925317144938,0,0,0,0,0,0,0,0,0,0,0,0,0,0,0,0,0,0,0,0,0,0,1001,0,5,9133,0,0,0,9121,0,0,0,37,2642,1,0,0,0,0,12,0,0,0,0,2648,_history_tree_18_removes,3100,0,0,0,0,0,0,2653,2648,0,0,0,5301,0,0,0,0,0,6,0,0,0,0,0,0,0
15,10018649925317144938,0,0,0,0,0,0,0,0,0,0,0,0,0,0,0,0,0,0,0,0,0,0,328,0,2403,68983,0,0,0,68777,0,0,0,38,328,805,0,0,0,0,206,0,0,0,0,2692,_history_tree_19_updates,2056,0,0,0,0,0,0,5135,2692,0,0,0,7827,0,0,0,0,0,2404,0,0,0,0,0,0,0
15,10018649925317144938,0,0,0,0,0,0,0,0,0,0,0,0,0,0,0,0,0,0,0,0,0,0,1061,0,4,9502,0,0,0,9479,0,0,0,39,2681,0,0,0,0,0,23,0,0,0,0,2685,_history_tree_19_removes,3150,0,0,0,0,0,0,2689,2685,0,0,0,5374,0,0,0,0,0,4,0,0,0,0,0,0,0
15,10018649925317144938,49491,0,0,0,0,0,46115,0,0,0,0,0,0,0,0,0,0,0,0,0,0,0,0,0,2,298331,0,0,0,97679,0,0,0,40,0,0,0,0,0,0,2202,0,0,95614,0,0,warehouse,0,0,0,0,0,0,0,2,0,0,0,0,2,197772,0,0,197772,2,0,0,0,0,95615,0,0,0
15,10018649925317144938,0,0,0,0,0,0,0,0,0,0,0,0,0,0,0,0,0,0,0,0,0,0,0,0,0,0,0,0,0,0,0,0,0,41,0,0,0,0,0,0,0,0,0,0,0,0,_warehouse_graveyard,0,0,0,0,0,0,0,0,0,0,0,0,0,0,0,0,0,0,0,0,0,0,0,0,0,0
15,10018649925317144938,98149,0,0,0,0,0,96452,0,0,0,0,0,0,0,0,0,0,0,0,0,0,0,0,0,0,302494,0,0,0,196833,0,0,0,42,0,0,0,0,0,0,1028,0,0,194620,0,0,district,0,0,0,0,0,0,0,0,0,0,0,0,0,104585,0,0,104587,0,0,0,0,0,194631,0,0,0
15,10018649925317144938,0,0,0,0,0,0,0,0,0,0,0,0,0,0,0,0,0,0,0,0,0,0,0,0,0,0,0,0,0,0,0,0,0,43,0,0,0,0,0,0,0,0,0,0,0,0,_district_graveyard,0,0,0,0,0,0,0,0,0,0,0,0,0,0,0,0,0,0,0,0,0,0,0,0,0,0
15,10018649925317144938,64395,0,0,0,0,0,60859,0,0,0,0,0,0,0,0,0,0,0,0,0,0,0,0,0,0,804111,0,0,0,125277,0,0,0,44,0,0,0,0,0,0,7,0,0,125258,0,0,customer,0,0,0,0,0,0,0,0,0,0,0,0,0,142761,0,0,142763,0,0,0,0,0,125264,0,0,0
15,10018649925317144938,0,0,0,0,0,0,0,0,0,0,0,0,0,0,0,0,0,0,0,0,0,0,0,0,0,0,0,0,0,0,0,0,0,45,0,0,0,0,0,0,0,0,0,0,0,0,_customer_graveyard,0,0,0,0,0,0,0,0,0,0,0,0,0,0,0,0,0,0,0,0,0,0,0,0,0,0
15,10018649925317144938,0,0,0,0,0,0,0,0,0,0,0,0,0,0,0,0,0,0,0,0,0,0,0,0,0,185451,0,0,0,0,0,0,0,46,0,0,0,0,0,0,61817,0,0,0,0,0,customerwdl,0,0,0,0,0,0,0,0,0,0,0,61819,0,61819,0,0,61821,0,0,0,0,0,0,0,0,0
15,10018649925317144938,0,0,0,0,0,0,0,0,0,0,0,0,0,0,0,0,0,0,0,0,0,0,0,0,0,0,0,0,0,0,0,0,0,47,0,0,0,0,0,0,0,0,0,0,0,0,_customerwdl_graveyard,0,0,0,0,0,0,0,0,0,0,0,0,0,0,0,0,0,0,0,0,0,0,0,0,0,0
15,10018649925317144938,0,0,0,0,0,0,0,0,0,0,0,0,0,0,0,0,0,0,0,0,0,0,0,0,2273,121341,0,0,0,40447,0,0,0,48,0,0,0,0,0,0,0,0,0,0,0,0,history,0,0,0,0,0,0,0,2300,0,0,0,0,2300,0,0,0,0,0,0,0,0,0,0,0,0,0
15,10018649925317144938,0,0,0,0,0,0,0,0,0,0,0,0,0,0,0,0,0,0,0,0,0,0,0,0,0,0,0,0,0,0,0,0,0,49,0,0,0,0,0,0,0,0,0,0,0,0,_history_graveyard,0,0,0,0,0,0,0,0,0,0,0,0,0,0,0,0,0,0,0,0,0,0,0,0,0,0
15,10018649925317144938,43606,88720,0,88720,0,0,43516,0,0,0,0,0,0,0,0,0,0,0,0,0,0,0,65119,0,2126,1146355,0,0,0,278474,0,10534,0,50,48,0,0,0,0,0,103632,0,0,0,0,0,neworder,91855,10534,0,0,0,0,0,4040,33,1,0,87423,4040,97958,0,0,97958,0,1864,0,0,0,0,0,0,0
15,10018649925317144938,0,0,0,0,0,0,0,0,0,0,0,0,0,0,0,0,0,0,0,0,0,0,0,0,0,0,0,0,0,0,0,0,0,51,0,0,0,0,0,0,0,0,0,0,0,0,_neworder_graveyard,0,0,0,0,0,0,0,0,0,0,0,0,0,0,0,0,0,0,0,0,0,0,0,0,0,0
15,10018649925317144938,43930,0,0,0,0,0,43206,0,0,0,0,0,0,0,0,0,0,0,0,0,0,0,0,0,4339,847160,0,0,0,191716,0,0,0,52,0,0,0,0,0,0,0,0,0,87140,0,0,order,0,0,0,0,0,0,0,4340,0,0,0,0,4340,90676,0,0,90676,0,0,0,0,0,87143,0,0,0
15,10018649925317144938,0,0,0,0,0,0,0,0,0,0,0,0,0,0,0,0,0,0,0,0,0,0,0,0,0,0,0,0,0,0,0,0,0,53,0,0,0,0,0,0,0,0,0,0,0,0,_order_graveyard,0,0,0,0,0,0,0,0,0,0,0,0,0,0,0,0,0,0,0,0,0,0,0,0,0,0
15,10018649925317144938,0,0,0,0,0,0,0,0,0,0,0,0,0,0,0,0,3533,0,0,0,0,0,0,0,1345,315357,0,0,0,101585,0,0,0,54,0,0,0,0,0,0,3534,0,0,0,0,0,order_wdc,0,0,0,0,0,0,0,1346,0,0,0,0,1346,3534,0,0,3534,0,0,0,0,0,0,0,0,0
15,10018649925317144938,0,0,0,0,0,0,0,0,0,0,0,0,0,0,0,0,0,0,0,0,0,0,0,0,0,0,0,0,0,0,0,0,0,55,0,0,0,0,0,0,0,0,0,0,0,0,_order_wdc_graveyard,0,0,0,0,0,0,0,0,0,0,0,0,0,0,0,0,0,0,0,0,0,0,0,0,0,0
15,10018649925317144938,440740,0,0,0,0,0,430621,0,0,0,0,0,0,0,0,0,0,0,0,0,0,0,100502,0,59642,7779337,0,0,0,1932253,0,1114,0,56,0,0,0,0,0,0,12594,0,0,871436,0,0,orderline,1829366,1114,0,0,0,0,0,60404,0,0,0,12496,60404,1841872,0,0,1841872,0,0,0,0,0,871489,0,0,0
15,10018649925317144938,0,0,0,0,0,0,0,0,0,0,0,0,0,0,0,0,0,0,0,0,0,0,0,0,0,0,0,0,0,0,0,0,0,57,0,0,0,0,0,0,0,0,0,0,0,0,_orderline_graveyard,0,0,0,0,0,0,0,0,0,0,0,0,0,0,0,0,0,0,0,0,0,0,0,0,0,0
15,10018649925317144938,0,0,0,0,0,0,0,0,0,0,0,0,0,0,0,0,0,0,0,0,0,0,0,0,0,2002296,0,0,0,0,0,0,0,58,0,0,0,0,0,0,0,0,0,0,0,0,item,0,0,0,0,0,0,0,0,0,0,0,0,0,1001237,0,0,1001239,0,0,0,0,0,0,0,0,0
16,10018649925317144938,0,0,0,0,0,0,0,0,0,0,0,0,0,0,0,0,0,0,0,0,0,0,0,0,0,0,0,0,0,0,0,0,0,61,0,0,0,0,0,0,0,0,0,0,0,0,_stock_graveyard,0,0,0,0,0,0,0,0,0,0,0,0,0,0,0,0,0,0,0,0,0,0,0,0,0,0
16,10018649925317144938,498102,0,0,0,0,0,485992,0,0,0,0,0,0,0,0,0,0,0,0,0,0,0,0,0,0,14906092,0,0,0,985130,0,0,0,60,0,0,0,0,0,0,1015,0,0,984089,0,0,stock,0,0,0,0,0,0,0,0,0,0,0,0,0,2740453,0,0,2740459,0,0,0,0,0,984091,0,0,0
16,10018649925317144938,0,0,0,0,0,0,0,0,0,0,0,0,0,0,0,0,0,0,0,0,0,0,0,0,0,0,0,0,0,0,0,0,0,59,0,0,0,0,0,0,0,0,0,0,0,0,_item_graveyard,0,0,0,0,0,0,0,0,0,0,0,0,0,0,0,0,0,0,0,0,0,0,0,0,0,0
16,10018649925317144938,0,0,0,0,0,0,0,0,0,0,0,0,0,0,0,0,0,0,0,0,0,0,351,0,2335,67104,0,0,0,66918,0,0,0,28,351,759,0,0,0,0,184,0,0,0,0,2683,_history_tree_14_updates,2064,0,0,0,0,0,0,5021,2683,0,0,0,7704,0,0,0,0,0,2335,0,0,0,0,0,0,0
16,10018649925317144938,0,0,0,0,0,0,0,0,0,0,0,0,0,0,0,0,0,0,0,0,0,0,1063,0,1,9403,0,0,0,9386,0,0,0,27,2734,0,0,0,0,0,17,0,0,0,0,2735,_history_tree_13_removes,3197,0,0,0,0,0,0,2736,2735,0,0,0,5471,0,0,0,0,0,1,0,0,0,0,0,0,0
16,10018649925317144938,0,0,0,0,0,0,0,0,0,0,0,0,0,0,0,0,0,0,0,0,0,0,369,0,2365,67892,0,0,0,67696,0,0,0,26,369,758,0,0,0,0,196,0,0,0,0,2734,_history_tree_13_updates,2096,0,0,0,0,0,0,5102,2737,0,0,0,7839,0,0,0,0,0,2366,0,0,0,0,0,0,0
16,10018649925317144938,0,0,0,0,0,0,0,0,0,0,0,0,0,0,0,0,0,0,0,0,0,0,1000,0,6,9259,0,0,0,9241,0,0,0,25,2638,1,0,0,0,0,18,0,0,0,0,2644,_history_tree_12_removes,3109,0,0,0,0,0,0,2649,2643,0,0,0,5292,0,0,0,0,0,6,0,0,0,0,0,0,0
16,10018649925317144938,0,0,0,0,0,0,0,0,0,0,0,0,0,0,0,0,0,0,0,0,0,0,313,0,2353,67405,0,0,0,67222,0,0,0,24,313,758,0,0,0,0,184,0,0,0,0,2663,_history_tree_12_updates,2032,0,0,0,0,0,0,5016,2663,0,0,0,7679,0,0,0,0,0,2350,0,0,0,0,0,0,0
16,10018649925317144938,0,0,0,0,0,0,0,0,0,0,0,0,0,0,0,0,0,0,0,0,0,0,1072,0,3,9516,0,0,0,9498,0,0,0,23,2656,1,0,0,0,0,18,0,0,0,0,2659,_history_tree_11_removes,3094,0,0,0,0,0,0,2662,2659,0,0,0,5321,0,0,0,0,0,3,0,0,0,0,0,0,0
16,10018649925317144938,0,0,0,0,0,0,0,0,0,0,0,0,0,0,0,0,0,0,0,0,0,0,345,0,2382,68526,0,0,0,68312,0,0,0,22,345,801,0,0,0,0,212,0,0,0,0,2727,_history_tree_11_updates,2028,0,0,0,0,0,0,5109,2727,0,0,0,7836,0,0,0,0,0,2382,0,0,0,0,0,0,0
16,10018649925317144938,0,0,0,0,0,0,0,0,0,0,0,0,0,0,0,0,0,0,0,0,0,0,986,0,1,8838,0,0,0,8819,0,0,0,21,2686,0,0,0,0,0,19,0,0,0,0,2687,_history_tree_10_removes,3134,0,0,0,0,0,0,2688,2687,0,0,0,5375,0,0,0,0,0,1,0,0,0,0,0,0,0
16,10018649925317144938,0,0,0,0,0,0,0,0,0,0,0,0,0,0,0,0,0,0,0,0,0,0,330,0,2315,66064,0,0,0,65857,0,0,0,20,330,707,0,0,0,0,208,0,0,0,0,2647,_history_tree_10_updates,2058,0,0,0,0,0,0,4963,2647,0,0,0,7610,0,0,0,0,0,2317,0,0,0,0,0,0,0
16,10018649925317144938,0,0,0,0,0,0,0,0,0,0,0,0,0,0,0,0,0,0,0,0,0,0,1051,0,5,9513,0,0,0,9499,0,0,0,19,2660,2,0,0,0,0,14,0,0,0,0,2665,_history_tree_9_removes,3109,0,0,0,0,0,0,2671,2666,0,0,0,5337,0,0,0,0,0,5,0,0,0,0,0,0,0
16,10018649925317144938,0,0,0,0,0,0,0,0,0,0,0,0,0,0,0,0,0,0,0,0,0,0,335,0,2352,67883,0,0,0,67686,0,0,0,18,335,769,0,0,0,0,194,0,0,0,0,2679,_history_tree_9_updates,2036,0,0,0,0,0,0,5038,2679,0,0,0,7717,0,0,0,0,0,2351,0,0,0,0,0,0,0
16,10018649925317144938,0,0,0,0,0,0,0,0,0,0,0,0,0,0,0,0,0,0,0,0,0,0,1077,0,3,9314,0,0,0,9298,0,0,0,17,2624,0,0,0,0,0,16,0,0,0,0,2627,_history_tree_8_removes,3091,0,0,0,0,0,0,2630,2627,0,0,0,5257,0,0,0,0,0,3,0,0,0,0,0,0,0
16,10018649925317144938,0,0,0,0,0,0,0,0,0,0,0,0,0,0,0,0,0,0,0,0,0,0,346,0,2353,67617,0,0,0,67407,0,0,0,16,346,785,0,0,0,0,210,0,0,0,0,2699,_history_tree_8_updates,2041,0,0,0,0,0,0,5052,2699,0,0,0,7751,0,0,0,0,0,2353,0,0,0,0,0,0,0
16,10018649925317144938,0,0,0,0,0,0,0,0,0,0,0,0,0,0,0,0,0,0,0,0,0,0,990,0,8,9206,0,0,0,9191,0,0,0,15,2637,4,0,0,0,0,15,0,0,0,0,2645,_history_tree_7_removes,3115,0,0,0,0,0,0,2654,2646,0,0,0,5300,0,0,0,0,0,8,0,0,0,0,0,0,0
16,10018649925317144938,0,0,0,0,0,0,0,0,0,0,0,0,0,0,0,0,0,0,0,0,0,0,403,0,2377,68115,0,0,0,67900,0,0,0,14,403,821,0,0,0,0,214,0,0,0,0,2721,_history_tree_7_updates,2109,0,0,0,0,0,0,5158,2721,0,0,0,7879,0,0,0,0,0,2378,0,0,0,0,0,0,0
16,10018649925317144938,0,0,0,0,0,0,0,0,0,0,0,0,0,0,0,0,0,0,0,0,0,0,971,0,8,9239,0,0,0,9230,0,0,0,13,2649,5,0,0,0,0,9,0,0,0,0,2657,_history_tree_6_removes,3089,0,0,0,0,0,0,2665,2657,0,0,0,5322,0,0,0,0,0,8,0,0,0,0,0,0,0
16,10018649925317144938,0,0,0,0,0,0,0,0,0,0,0,0,0,21195045,21977493,0,0,0,0,0,0,0,351,0,2320,66027,0,0,0,65811,0,0,0,0,351,750,0,0,0,0,215,0,0,0,0,2673,_history_tree_0_updates,2050,0,1474872,0,0,0,0,4993,2673,0,0,0,7666,0,0,0,0,0,2322,0,0,0,0,687082,0,0
16,10018649925317144938,0,0,0,0,0,0,0,0,0,0,0,0,0,0,0,0,0,0,0,0,0,0,967,0,3,8759,0,0,0,8751,0,0,0,1,2709,0,0,0,0,0,8,0,0,0,0,2712,_history_tree_0_removes,3160,0,0,0,0,0,0,2715,2712,0,0,0,5427,0,0,0,0,0,3,0,0,0,0,0,0,0
16,10018649925317144938,0,0,0,0,0,0,0,0,0,0,0,0,0,0,0,0,0,0,0,0,0,0,346,0,2366,67633,0,0,0,67413,0,0,0,2,346,794,0,0,0,0,220,0,0,0,0,2687,_history_tree_1_updates,2039,0,0,0,0,0,0,5078,2688,0,0,0,7772,0,0,0,0,0,2367,0,0,0,0,0,0,0
16,10018649925317144938,0,0,0,0,0,0,0,0,0,0,0,0,0,0,0,0,0,0,0,0,0,0,975,0,6,9172,0,0,0,9154,0,0,0,3,2665,2,0,0,0,0,18,0,0,0,0,2671,_history_tree_1_removes,3103,0,0,0,0,0,0,2677,2671,0,0,0,5348,0,0,0,0,0,6,0,0,0,0,0,0,0
16,10018649925317144938,0,0,0,0,0,0,0,0,0,0,0,0,0,0,0,0,0,0,0,0,0,0,352,0,2386,68566,0,0,0,68362,0,0,0,4,352,860,0,0,0,0,203,0,0,0,0,2731,_history_tree_2_updates,2007,0,0,0,0,0,0,5125,2731,0,0,0,7856,0,0,0,0,0,2387,0,0,0,0,0,0,0
16,10018649925317144938,0,0,0,0,0,0,0,0,0,0,0,0,0,0,0,0,0,0,0,0,0,0,1020,0,8,9432,0,0,0,9423,0,0,0,5,2607,0,0,0,0,0,9,0,0,0,0,2615,_history_tree_2_removes,3065,0,0,0,0,0,0,2622,2614,0,0,0,5236,0,0,0,0,0,8,0,0,0,0,0,0,0
16,10018649925317144938,0,0,0,0,0,0,0,0,0,0,0,0,0,0,0,0,0,0,0,0,0,0,361,0,2365,68090,0,0,0,67856,0,0,0,6,361,778,0,0,0,0,228,0,0,0,0,2726,_history_tree_3_updates,2069,0,0,0,0,0,0,5091,2726,0,0,0,7817,0,0,0,0,0,2365,0,0,0,0,0,0,0
16,10018649925317144938,0,0,0,0,0,0,0,0,0,0,0,0,0,0,0,0,0,0,0,0,0,0,1076,0,3,9419,0,0,0,9406,0,0,0,7,2718,1,0,0,0,0,13,0,0,0,0,2720,_history_tree_3_removes,3175,0,0,0,0,0,0,2723,2720,0,0,0,5443,0,0,0,0,0,3,0,0,0,0,0,0,0
16,10018649925317144938,0,0,0,0,0,0,0,0,0,0,0,0,0,0,0,0,0,0,0,0,0,0,337,0,2380,68617,0,0,0,68393,0,0,0,8,337,814,0,0,0,0,224,0,0,0,0,2700,_history_tree_4_updates,2032,0,0,0,0,0,0,5092,2700,0,0,0,7792,0,0,0,0,0,2376,0,0,0,0,0,0,0
16,10018649925317144938,0,0,0,0,0,0,0,0,0,0,0,0,0,0,0,0,0,0,0,0,0,0,1091,0,5,9534,0,0,0,9518,0,0,0,9,2643,0,0,0,0,0,16,0,0,0,0,2648,_history_tree_4_removes,3119,0,0,0,0,0,0,2654,2649,0,0,0,5303,0,0,0,0,0,5,0,0,0,0,0,0,0
16,10018649925317144938,0,0,0,0,0,0,0,0,0,0,0,0,0,0,0,0,0,0,0,0,0,0,357,0,2367,67897,0,0,0,67697,0,0,0,10,357,778,0,0,0,0,198,0,0,0,0,2722,_history_tree_5_updates,2061,0,0,0,0,0,0,5088,2722,0,0,0,7810,0,0,0,0,0,2365,0,0,0,0,0,0,0
16,10018649925317144938,0,0,0,0,0,0,0,0,0,0,0,0,0,0,0,0,0,0,0,0,0,0,1005,0,5,9311,0,0,0,9294,0,0,0,11,2600,0,0,0,0,0,17,0,0,0,0,2605,_history_tree_5_removes,3055,0,0,0,0,0,0,2611,2606,0,0,0,5217,0,0,0,0,0,5,0,0,0,0,0,0,0
16,10018649925317144938,0,0,0,0,0,0,0,0,0,0,0,0,0,0,0,0,0,0,0,0,0,0,331,0,2326,66792,0,0,0,66590,0,0,0,12,331,770,0,0,0,0,199,0,0,0,0,2602,_history_tree_6_updates,1999,0,0,0,0,0,0,4983,2602,0,0,0,7585,0,0,0,0,0,2326,0,0,0,0,0,0,0
16,10018649925317144938,0,0,0,0,0,0,0,0,0,0,0,0,0,0,0,0,0,0,0,0,0,0,1001,0,4,9316,0,0,0,9302,0,0,0,29,2663,1,0,0,0,0,13,0,0,0,0,2667,_history_tree_14_removes,3125,0,0,0,0,0,0,2671,2667,0,0,0,5338,0,0,0,0,0,4,0,0,0,0,0,0,0
16,10018649925317144938,0,0,0,0,0,0,0,0,0,0,0,0,0,0,0,0,0,0,0,0,0,0,335,0,2339,67014,0,0,0,66822,0,0,0,30,335,778,0,0,0,0,192,0,0,0,0,2673,_history_tree_15_updates,1996,0,0,0,0,0,0,5012,2673,0,0,0,7685,0,0,0,0,0,2338,0,0,0,0,0,0,0
16,10018649925317144938,0,0,0,0,0,0,0,0,0,0,0,0,0,0,0,0,0,0,0,0,0,0,1026,0,1,9166,0,0,0,9153,0,0,0,31,2655,0,0,0,0,0,13,0,0,0,0,2656,_history_tree_15_removes,3109,0,0,0,0,0,0,2657,2656,0,0,0,5313,0,0,0,0,0,1,0,0,0,0,0,0,0
16,10018649925317144938,0,0,0,0,0,0,0,0,0,0,0,0,0,0,0,0,0,0,0,0,0,0,319,0,2356,67867,0,0,0,67695,0,0,0,32,319,772,0,0,0,0,172,0,0,0,0,2675,_history_tree_16_updates,2036,0,0,0,0,0,0,5031,2675,0,0,0,7706,0,0,0,0,0,2356,0,0,0,0,0,0,0
16,10018649925317144938,0,0,0,0,0,0,0,0,0,0,0,0,0,0,0,0,0,0,0,0,0,0,1090,0,2,9447,0,0,0,9435,0,0,0,33,2698,0,0,0,0,0,12,0,0,0,0,2700,_history_tree_16_removes,3167,0,0,0,0,0,0,2702,2700,0,0,0,5402,0,0,0,0,0,2,0,0,0,0,0,0,0
16,10018649925317144938,0,0,0,0,0,0,0,0,0,0,0,0,0,0,0,0,0,0,0,0,0,0,379,0,2335,66566,0,0,0,66375,0,0,0,34,379,896,0,0,0,0,190,0,0,0,0,2558,_history_tree_17_updates,1929,0,0,0,0,0,0,5048,2558,0,0,0,7606,0,0,0,0,0,2334,0,0,0,0,0,0,0
16,10018649925317144938,0,0,0,0,0,0,0,0,0,0,0,0,0,0,0,0,0,0,0,0,0,0,884,0,14,9075,0,0,0,9059,0,0,0,35,2563,7,0,0,0,0,16,0,0,0,0,2577,_history_tree_17_removes,2986,0,0,0,0,0,0,2591,2577,0,0,0,5168,0,0,0,0,0,14,0,0,0,0,0,0,0
16,10018649925317144938,0,0,0,0,0,0,0,0,0,0,0,0,0,0,0,0,0,0,0,0,0,0,282,0,2374,68090,0,0,0,67862,0,0,0,36,282,785,0,0,0,0,227,0,0,0,0,2654,_history_tree_18_updates,1977,0,0,0,0,0,0,5031,2654,0,0,0,7685,0,0,0,0,0,2375,0,0,0,0,0,0,0
16,10018649925317144938,0,0,0,0,0,0,0,0,0,0,0,0,0,0,0,0,0,0,0,0,0,0,1059,0,5,9352,0,0,0,9340,0,0,0,37,2660,2,0,0,0,0,12,0,0,0,0,2665,_history_tree_18_removes,3090,0,0,0,0,0,0,2670,2665,0,0,0,5335,0,0,0,0,0,5,0,0,0,0,0,0,0
16,10018649925317144938,0,0,0,0,0,0,0,0,0,0,0,0,0,0,0,0,0,0,0,0,0,0,349,0,2373,68050,0,0,0,67845,0,0,0,38,349,812,0,0,0,0,204,0,0,0,0,2684,_history_tree_19_updates,2016,0,0,0,0,0,0,5093,2684,0,0,0,7777,0,0,0,0,0,2371,0,0,0,0,0,0,0
16,10018649925317144938,0,0,0,0,0,0,0,0,0,0,0,0,0,0,0,0,0,0,0,0,0,0,994,0,6,9244,0,0,0,9236,0,0,0,39,2576,1,0,0,0,0,8,0,0,0,0,2582,_history_tree_19_removes,2992,0,0,0,0,0,0,2588,2582,0,0,0,5170,0,0,0,0,0,6,0,0,0,0,0,0,0
16,10018649925317144938,48708,0,0,0,0,0,45208,0,0,0,0,0,0,0,0,0,0,0,0,0,0,0,0,0,0,293196,0,0,0,95859,0,0,0,40,0,0,0,0,0,0,2064,0,0,93919,0,0,warehouse,0,0,0,0,0,0,0,0,0,0,0,0,0,194630,0,0,194629,0,0,0,0,0,93921,0,0,0
16,10018649925317144938,0,0,0,0,0,0,0,0,0,0,0,0,0,0,0,0,0,0,0,0,0,0,0,0,0,0,0,0,0,0,0,0,0,41,0,0,0,0,0,0,0,0,0,0,0,0,_warehouse_graveyard,0,0,0,0,0,0,0,0,0,0,0,0,0,0,0,0,0,0,0,0,0,0,0,0,0,0
16,10018649925317144938,96740,0,0,0,0,0,94853,0,0,0,0,0,0,0,0,0,0,0,0,0,0,0,0,0,1,297537,0,0,0,193756,0,0,0,42,0,0,0,0,0,0,984,0,0,191597,0,0,district,0,0,0,0,0,0,0,1,0,0,0,0,1,102714,0,0,102712,1,0,0,0,0,191598,0,0,0
16,10018649925317144938,0,0,0,0,0,0,0,0,0,0,0,0,0,0,0,0,0,0,0,0,0,0,0,0,0,0,0,0,0,0,0,0,0,43,0,0,0,0,0,0,0,0,0,0,0,0,_district_graveyard,0,0,0,0,0,0,0,0,0,0,0,0,0,0,0,0,0,0,0,0,0,0,0,0,0,0
16,10018649925317144938,63214,0,0,0,0,0,59661,0,0,0,0,0,0,0,0,0,0,0,0,0,0,0,0,0,0,790896,0,0,0,122890,0,0,0,44,0,0,0,0,0,0,10,0,0,122881,0,0,customer,0,0,0,0,0,0,0,0,0,0,0,0,0,140729,0,0,140728,0,0,0,0,0,122879,0,0,0
16,10018649925317144938,0,0,0,0,0,0,0,0,0,0,0,0,0,0,0,0,0,0,0,0,0,0,0,0,0,0,0,0,0,0,0,0,0,45,0,0,0,0,0,0,0,0,0,0,0,0,_customer_graveyard,0,0,0,0,0,0,0,0,0,0,0,0,0,0,0,0,0,0,0,0,0,0,0,0,0,0
16,10018649925317144938,0,0,0,0,0,0,0,0,0,0,0,0,0,0,0,0,0,0,0,0,0,0,0,0,0,182565,0,0,0,0,0,0,0,46,0,0,0,0,0,0,60854,0,0,0,0,0,customerwdl,0,0,0,0,0,0,0,0,0,0,0,60853,0,60853,0,0,60851,0,0,0,0,0,0,0,0,0
16,10018649925317144938,0,0,0,0,0,0,0,0,0,0,0,0,0,0,0,0,0,0,0,0,0,0,0,0,0,0,0,0,0,0,0,0,0,47,0,0,0,0,0,0,0,0,0,0,0,0,_customerwdl_graveyard,0,0,0,0,0,0,0,0,0,0,0,0,0,0,0,0,0,0,0,0,0,0,0,0,0,0
16,10018649925317144938,0,0,0,0,0,0,0,0,0,0,0,0,0,0,0,0,0,0,0,0,0,0,0,0,2230,119061,0,0,0,39687,0,0,0,48,0,0,0,0,0,0,0,0,0,0,0,0,history,0,0,0,0,0,0,0,2258,0,0,0,0,2258,0,0,0,0,0,0,0,0,0,0,0,0,0
16,10018649925317144938,0,0,0,0,0,0,0,0,0,0,0,0,0,0,0,0,0,0,0,0,0,0,0,0,0,0,0,0,0,0,0,0,0,49,0,0,0,0,0,0,0,0,0,0,0,0,_history_graveyard,0,0,0,0,0,0,0,0,0,0,0,0,0,0,0,0,0,0,0,0,0,0,0,0,0,0
16,10018649925317144938,42778,85400,0,85400,0,0,42711,0,0,0,0,0,0,0,0,0,0,0,0,0,0,0,64586,0,2064,1121209,0,0,0,271971,0,8497,0,50,104,0,0,0,0,0,101754,0,0,0,0,0,neworder,89049,8497,0,0,0,0,0,3967,17,3,0,85778,3968,94274,0,0,94274,0,1797,0,0,0,0,0,0,0
16,10018649925317144938,0,0,0,0,0,0,0,0,0,0,0,0,0,0,0,0,0,0,0,0,0,0,0,0,0,0,0,0,0,0,0,0,0,51,0,0,0,0,0,0,0,0,0,0,0,0,_neworder_graveyard,0,0,0,0,0,0,0,0,0,0,0,0,0,0,0,0,0,0,0,0,0,0,0,0,0,0
16,10018649925317144938,43065,0,0,0,0,0,42427,0,0,0,0,0,0,0,0,0,0,0,0,0,0,0,0,0,4296,832834,0,0,0,188516,0,0,0,52,0,0,0,0,0,0,0,0,0,85489,0,0,order,0,0,0,0,0,0,0,4301,0,0,0,0,4301,89094,0,0,89094,0,0,0,0,0,85487,0,0,0
16,10018649925317144938,0,0,0,0,0,0,0,0,0,0,0,0,0,0,0,0,0,0,0,0,0,0,0,0,0,0,0,0,0,0,0,0,0,53,0,0,0,0,0,0,0,0,0,0,0,0,_order_graveyard,0,0,0,0,0,0,0,0,0,0,0,0,0,0,0,0,0,0,0,0,0,0,0,0,0,0
16,10018649925317144938,0,0,0,0,0,0,0,0,0,0,0,0,0,0,0,0,3607,0,0,0,0,0,0,0,1354,311058,0,0,0,100080,0,0,0,54,0,0,0,0,0,0,3606,0,0,0,0,0,order_wdc,0,0,0,0,0,0,0,1357,0,0,0,0,1357,3606,0,0,3606,0,0,0,0,0,0,0,0,0
16,10018649925317144938,0,0,0,0,0,0,0,0,0,0,0,0,0,0,0,0,0,0,0,0,0,0,0,0,0,0,0,0,0,0,0,0,0,55,0,0,0,0,0,0,0,0,0,0,0,0,_order_wdc_graveyard,0,0,0,0,0,0,0,0,0,0,0,0,0,0,0,0,0,0,0,0,0,0,0,0,0,0
16,10018649925317144938,431768,0,0,0,0,0,421822,0,0,0,0,0,0,0,0,0,0,0,0,0,0,0,98775,0,58633,7633452,0,0,0,1895890,0,993,0,56,0,0,0,0,0,0,12479,0,0,853580,0,0,orderline,1794423,993,0,0,0,0,0,59413,0,0,0,12401,59414,1806821,0,0,1806834,0,0,0,0,0,853569,0,0,0
16,10018649925317144938,0,0,0,0,0,0,0,0,0,0,0,0,0,0,0,0,0,0,0,0,0,0,0,0,0,0,0,0,0,0,0,0,0,57,0,0,0,0,0,0,0,0,0,0,0,0,_orderline_graveyard,0,0,0,0,0,0,0,0,0,0,0,0,0,0,0,0,0,0,0,0,0,0,0,0,0,0
16,10018649925317144938,0,0,0,0,0,0,0,0,0,0,0,0,0,0,0,0,0,0,0,0,0,0,0,0,0,1967328,0,0,0,0,0,0,0,58,0,0,0,0,0,0,0,0,0,0,0,0,item,0,0,0,0,0,0,0,0,0,0,0,0,0,983712,0,0,983720,0,0,0,0,0,0,0,0,0
17,10018649925317144938,0,0,0,0,0,0,0,0,0,0,0,0,0,0,0,0,0,0,0,0,0,0,0,0,0,0,0,0,0,0,0,0,0,61,0,0,0,0,0,0,0,0,0,0,0,0,_stock_graveyard,0,0,0,0,0,0,0,0,0,0,0,0,0,0,0,0,0,0,0,0,0,0,0,0,0,0
17,10018649925317144938,500576,0,0,0,0,0,488616,0,0,0,0,0,0,0,0,0,0,0,0,0,0,0,0,0,0,15064017,0,0,0,990358,0,0,0,60,0,0,0,0,0,0,1131,0,0,989176,0,0,stock,0,0,0,0,0,0,0,0,0,0,0,0,0,2774534,0,0,2774530,0,0,0,0,0,989117,0,0,0
17,10018649925317144938,0,0,0,0,0,0,0,0,0,0,0,0,0,0,0,0,0,0,0,0,0,0,0,0,0,0,0,0,0,0,0,0,0,59,0,0,0,0,0,0,0,0,0,0,0,0,_item_graveyard,0,0,0,0,0,0,0,0,0,0,0,0,0,0,0,0,0,0,0,0,0,0,0,0,0,0
17,10018649925317144938,0,0,0,0,0,0,0,0,0,0,0,0,0,0,0,0,0,0,0,0,0,0,340,0,2357,67262,0,0,0,67070,0,0,0,28,340,825,0,0,0,0,191,0,0,0,0,2693,_history_tree_14_updates,1990,0,0,0,0,0,0,5055,2693,0,0,0,7748,0,0,0,0,0,2358,0,0,0,0,0,0,0
17,10018649925317144938,0,0,0,0,0,0,0,0,0,0,0,0,0,0,0,0,0,0,0,0,0,0,1002,0,6,9154,0,0,0,9135,0,0,0,27,2597,1,0,0,0,0,19,0,0,0,0,2603,_history_tree_13_removes,3043,0,0,0,0,0,0,2609,2603,0,0,0,5212,0,0,0,0,0,6,0,0,0,0,0,0,0
17,10018649925317144938,0,0,0,0,0,0,0,0,0,0,0,0,0,0,0,0,0,0,0,0,0,0,373,0,2356,67569,0,0,0,67341,0,0,0,26,373,823,0,0,0,0,228,0,0,0,0,2728,_history_tree_13_updates,2018,0,0,0,0,0,0,5082,2725,0,0,0,7807,0,0,0,0,0,2355,0,0,0,0,0,0,0
17,10018649925317144938,0,0,0,0,0,0,0,0,0,0,0,0,0,0,0,0,0,0,0,0,0,0,1056,0,5,9307,0,0,0,9289,0,0,0,25,2651,1,0,0,0,0,18,0,0,0,0,2656,_history_tree_12_removes,3121,0,0,0,0,0,0,2661,2656,0,0,0,5317,0,0,0,0,0,5,0,0,0,0,0,0,0
17,10018649925317144938,0,0,0,0,0,0,0,0,0,0,0,0,0,0,0,0,0,0,0,0,0,0,371,0,2376,68182,0,0,0,67962,0,0,0,24,371,829,0,0,0,0,218,0,0,0,0,2749,_history_tree_12_updates,2047,0,0,0,0,0,0,5125,2749,0,0,0,7874,0,0,0,0,0,2378,0,0,0,0,0,0,0
17,10018649925317144938,0,0,0,0,0,0,0,0,0,0,0,0,0,0,0,0,0,0,0,0,0,0,1027,0,6,9291,0,0,0,9278,0,0,0,23,2582,1,0,0,0,0,13,0,0,0,0,2588,_history_tree_11_removes,3043,0,0,0,0,0,0,2594,2588,0,0,0,5182,0,0,0,0,0,6,0,0,0,0,0,0,0
17,10018649925317144938,0,0,0,0,0,0,0,0,0,0,0,0,0,0,0,0,0,0,0,0,0,0,347,0,2365,67989,0,0,0,67770,0,0,0,22,347,810,0,0,0,0,218,0,0,0,0,2705,_history_tree_11_updates,2019,0,0,0,0,0,0,5074,2705,0,0,0,7779,0,0,0,0,0,2362,0,0,0,0,0,0,0
17,10018649925317144938,0,0,0,0,0,0,0,0,0,0,0,0,0,0,0,0,0,0,0,0,0,0,965,0,5,8872,0,0,0,8858,0,0,0,21,2566,1,0,0,0,0,14,0,0,0,0,2571,_history_tree_10_removes,2992,0,0,0,0,0,0,2576,2571,0,0,0,5147,0,0,0,0,0,5,0,0,0,0,0,0,0
17,10018649925317144938,0,0,0,0,0,0,0,0,0,0,0,0,0,0,0,0,0,0,0,0,0,0,403,0,2344,67006,0,0,0,66771,0,0,0,20,403,842,0,0,0,0,233,0,0,0,0,2740,_history_tree_10_updates,2037,0,0,0,0,0,0,5090,2740,0,0,0,7830,0,0,0,0,0,2344,0,0,0,0,0,0,0
17,10018649925317144938,0,0,0,0,0,0,0,0,0,0,0,0,0,0,0,0,0,0,0,0,0,0,1001,0,5,8991,0,0,0,8978,0,0,0,19,2619,0,0,0,0,0,11,0,0,0,0,2624,_history_tree_9_removes,3056,0,0,0,0,0,0,2628,2623,0,0,0,5251,0,0,0,0,0,5,0,0,0,0,0,0,0
17,10018649925317144938,0,0,0,0,0,0,0,0,0,0,0,0,0,0,0,0,0,0,0,0,0,0,368,0,2365,67590,0,0,0,67371,0,0,0,18,368,811,0,0,0,0,221,0,0,0,0,2728,_history_tree_9_updates,2029,0,0,0,0,0,0,5098,2728,0,0,0,7826,0,0,0,0,0,2364,0,0,0,0,0,0,0
17,10018649925317144938,0,0,0,0,0,0,0,0,0,0,0,0,0,0,0,0,0,0,0,0,0,0,1076,0,7,9563,0,0,0,9550,0,0,0,17,2622,3,0,0,0,0,13,0,0,0,0,2629,_history_tree_8_removes,3109,0,0,0,0,0,0,2636,2629,0,0,0,5265,0,0,0,0,0,7,0,0,0,0,0,0,0
17,10018649925317144938,0,0,0,0,0,0,0,0,0,0,0,0,0,0,0,0,0,0,0,0,0,0,352,0,2402,69120,0,0,0,68914,0,0,0,16,352,841,0,0,0,0,206,0,0,0,0,2737,_history_tree_8_updates,2054,0,0,0,0,0,0,5156,2737,0,0,0,7893,0,0,0,0,0,2402,0,0,0,0,0,0,0
17,10018649925317144938,0,0,0,0,0,0,0,0,0,0,0,0,0,0,0,0,0,0,0,0,0,0,996,0,7,9168,0,0,0,9156,0,0,0,15,2605,2,0,0,0,0,12,0,0,0,0,2612,_history_tree_7_removes,3082,0,0,0,0,0,0,2618,2611,0,0,0,5229,0,0,0,0,0,7,0,0,0,0,0,0,0
17,10018649925317144938,0,0,0,0,0,0,0,0,0,0,0,0,0,0,0,0,0,0,0,0,0,0,340,0,2341,67079,0,0,0,66883,0,0,0,14,340,792,0,0,0,0,191,0,0,0,0,2634,_history_tree_7_updates,2029,0,0,0,0,0,0,5022,2634,0,0,0,7656,0,0,0,0,0,2341,0,0,0,0,0,0,0
17,10018649925317144938,0,0,0,0,0,0,0,0,0,0,0,0,0,0,0,0,0,0,0,0,0,0,1018,0,11,9662,0,0,0,9648,0,0,0,13,2580,4,0,0,0,0,14,0,0,0,0,2591,_history_tree_6_removes,3036,0,0,0,0,0,0,2603,2592,0,0,0,5195,0,0,0,0,0,11,0,0,0,0,0,0,0
17,10018649925317144938,0,0,0,0,0,0,0,0,0,0,0,0,0,21488974,22159642,0,0,0,0,0,0,0,344,0,2342,66960,0,0,0,66762,0,0,0,0,344,810,0,0,0,0,199,0,0,0,0,2685,_history_tree_0_updates,2006,0,1481468,0,0,0,0,5029,2685,0,0,0,7714,0,0,0,0,0,2342,0,0,0,0,711576,0,0
17,10018649925317144938,0,0,0,0,0,0,0,0,0,0,0,0,0,0,0,0,0,0,0,0,0,0,960,0,4,9110,0,0,0,9098,0,0,0,1,2598,1,0,0,0,0,12,0,0,0,0,2602,_history_tree_0_removes,3041,0,0,0,0,0,0,2606,2602,0,0,0,5208,0,0,0,0,0,4,0,0,0,0,0,0,0
17,10018649925317144938,0,0,0,0,0,0,0,0,0,0,0,0,0,0,0,0,0,0,0,0,0,0,355,0,2348,67136,0,0,0,66962,0,0,0,2,355,818,0,0,0,0,174,0,0,0,0,2662,_history_tree_1_updates,2016,0,0,0,0,0,0,5051,2661,0,0,0,7706,0,0,0,0,0,2347,0,0,0,0,0,0,0
17,10018649925317144938,0,0,0,0,0,0,0,0,0,0,0,0,0,0,0,0,0,0,0,0,0,0,962,0,8,9056,0,0,0,9047,0,0,0,3,2562,3,0,0,0,0,9,0,0,0,0,2570,_history_tree_1_removes,3018,0,0,0,0,0,0,2578,2570,0,0,0,5148,0,0,0,0,0,8,0,0,0,0,0,0,0
17,10018649925317144938,0,0,0,0,0,0,0,0,0,0,0,0,0,0,0,0,0,0,0,0,0,0,347,0,2354,67308,0,0,0,67099,0,0,0,4,347,802,0,0,0,0,209,0,0,0,0,2692,_history_tree_2_updates,2015,0,0,0,0,0,0,5054,2692,0,0,0,7746,0,0,0,0,0,2353,0,0,0,0,0,0,0
17,10018649925317144938,0,0,0,0,0,0,0,0,0,0,0,0,0,0,0,0,0,0,0,0,0,0,989,0,6,9065,0,0,0,9048,0,0,0,5,2577,1,0,0,0,0,17,0,0,0,0,2583,_history_tree_2_removes,3044,0,0,0,0,0,0,2589,2583,0,0,0,5172,0,0,0,0,0,6,0,0,0,0,0,0,0
17,10018649925317144938,0,0,0,0,0,0,0,0,0,0,0,0,0,0,0,0,0,0,0,0,0,0,331,0,2374,68373,0,0,0,68166,0,0,0,6,331,790,0,0,0,0,210,0,0,0,0,2703,_history_tree_3_updates,2026,0,0,0,0,0,0,5078,2703,0,0,0,7781,0,0,0,0,0,2373,0,0,0,0,0,0,0
17,10018649925317144938,0,0,0,0,0,0,0,0,0,0,0,0,0,0,0,0,0,0,0,0,0,0,1059,0,4,9380,0,0,0,9368,0,0,0,7,2585,0,0,0,0,0,12,0,0,0,0,2589,_history_tree_3_removes,3023,0,0,0,0,0,0,2593,2589,0,0,0,5182,0,0,0,0,0,4,0,0,0,0,0,0,0
17,10018649925317144938,0,0,0,0,0,0,0,0,0,0,0,0,0,0,0,0,0,0,0,0,0,0,326,0,2343,67085,0,0,0,66867,0,0,0,8,326,811,0,0,0,0,218,0,0,0,0,2672,_history_tree_4_updates,1961,0,0,0,0,0,0,5015,2672,0,0,0,7687,0,0,0,0,0,2346,0,0,0,0,0,0,0
17,10018649925317144938,0,0,0,0,0,0,0,0,0,0,0,0,0,0,0,0,0,0,0,0,0,0,1002,0,3,9129,0,0,0,9113,0,0,0,9,2578,0,0,0,0,0,16,0,0,0,0,2581,_history_tree_4_removes,3002,0,0,0,0,0,0,2583,2580,0,0,0,5163,0,0,0,0,0,3,0,0,0,0,0,0,0
17,10018649925317144938,0,0,0,0,0,0,0,0,0,0,0,0,0,0,0,0,0,0,0,0,0,0,360,0,2351,67338,0,0,0,67150,0,0,0,10,360,818,0,0,0,0,189,0,0,0,0,2694,_history_tree_5_updates,2028,0,0,0,0,0,0,5062,2694,0,0,0,7756,0,0,0,0,0,2350,0,0,0,0,0,0,0
17,10018649925317144938,0,0,0,0,0,0,0,0,0,0,0,0,0,0,0,0,0,0,0,0,0,0,984,0,6,9060,0,0,0,9045,0,0,0,11,2617,2,0,0,0,0,16,0,0,0,0,2623,_history_tree_5_removes,3087,0,0,0,0,0,0,2628,2622,0,0,0,5250,0,0,0,0,0,6,0,0,0,0,0,0,0
17,10018649925317144938,0,0,0,0,0,0,0,0,0,0,0,0,0,0,0,0,0,0,0,0,0,0,341,0,2425,69730,0,0,0,69505,0,0,0,12,341,901,0,0,0,0,225,0,0,0,0,2667,_history_tree_6_updates,1995,0,0,0,0,0,0,5190,2667,0,0,0,7857,0,0,0,0,0,2424,0,0,0,0,0,0,0
17,10018649925317144938,0,0,0,0,0,0,0,0,0,0,0,0,0,0,0,0,0,0,0,0,0,0,995,0,4,9036,0,0,0,9023,0,0,0,29,2551,0,0,0,0,0,13,0,0,0,0,2555,_history_tree_14_removes,2972,0,0,0,0,0,0,2559,2555,0,0,0,5114,0,0,0,0,0,4,0,0,0,0,0,0,0
17,10018649925317144938,0,0,0,0,0,0,0,0,0,0,0,0,0,0,0,0,0,0,0,0,0,0,317,0,2392,68707,0,0,0,68502,0,0,0,30,317,861,0,0,0,0,205,0,0,0,0,2709,_history_tree_15_updates,1967,0,0,0,0,0,0,5101,2709,0,0,0,7810,0,0,0,0,0,2392,0,0,0,0,0,0,0
17,10018649925317144938,0,0,0,0,0,0,0,0,0,0,0,0,0,0,0,0,0,0,0,0,0,0,1056,0,6,9491,0,0,0,9477,0,0,0,31,2601,2,0,0,0,0,14,0,0,0,0,2607,_history_tree_15_removes,3051,0,0,0,0,0,0,2613,2607,0,0,0,5220,0,0,0,0,0,6,0,0,0,0,0,0,0
17,10018649925317144938,0,0,0,0,0,0,0,0,0,0,0,0,0,0,0,0,0,0,0,0,0,0,294,0,2361,67713,0,0,0,67504,0,0,0,32,294,804,0,0,0,0,209,0,0,0,0,2656,_history_tree_16_updates,1978,0,0,0,0,0,0,5017,2656,0,0,0,7673,0,0,0,0,0,2362,0,0,0,0,0,0,0
17,10018649925317144938,0,0,0,0,0,0,0,0,0,0,0,0,0,0,0,0,0,0,0,0,0,0,1019,0,8,9284,0,0,0,9271,0,0,0,33,2613,2,0,0,0,0,13,0,0,0,0,2621,_history_tree_16_removes,3080,0,0,0,0,0,0,2629,2621,0,0,0,5250,0,0,0,0,0,8,0,0,0,0,0,0,0
17,10018649925317144938,0,0,0,0,0,0,0,0,0,0,0,0,0,0,0,0,0,0,0,0,0,0,349,0,2380,67753,0,0,0,67528,0,0,0,34,349,974,0,0,0,0,227,0,0,0,0,2496,_history_tree_17_updates,1878,0,0,0,0,0,0,5107,2496,0,0,0,7603,0,0,0,0,0,2378,0,0,0,0,0,0,0
17,10018649925317144938,0,0,0,0,0,0,0,0,0,0,0,0,0,0,0,0,0,0,0,0,0,0,853,0,20,9020,0,0,0,9003,0,0,0,35,2496,13,0,0,0,0,17,0,0,0,0,2516,_history_tree_17_removes,2924,0,0,0,0,0,0,2536,2516,0,0,0,5052,0,0,0,0,0,20,0,0,0,0,0,0,0
17,10018649925317144938,0,0,0,0,0,0,0,0,0,0,0,0,0,0,0,0,0,0,0,0,0,0,312,0,2396,69765,0,0,0,69555,0,0,0,36,312,866,0,0,0,0,211,0,0,0,0,2707,_history_tree_18_updates,1945,0,0,0,0,0,0,5103,2707,0,0,0,7810,0,0,0,0,0,2395,0,0,0,0,0,0,0
17,10018649925317144938,0,0,0,0,0,0,0,0,0,0,0,0,0,0,0,0,0,0,0,0,0,0,1159,0,5,10129,0,0,0,10114,0,0,0,37,2555,1,0,0,0,0,15,0,0,0,0,2560,_history_tree_18_removes,3013,0,0,0,0,0,0,2565,2560,0,0,0,5125,0,0,0,0,0,5,0,0,0,0,0,0,0
17,10018649925317144938,0,0,0,0,0,0,0,0,0,0,0,0,0,0,0,0,0,0,0,0,0,0,333,0,2340,67403,0,0,0,67188,0,0,0,38,333,792,0,0,0,0,214,0,0,0,0,2653,_history_tree_19_updates,2001,0,0,0,0,0,0,5017,2653,0,0,0,7670,0,0,0,0,0,2342,0,0,0,0,0,0,0
17,10018649925317144938,0,0,0,0,0,0,0,0,0,0,0,0,0,0,0,0,0,0,0,0,0,0,1061,0,5,9418,0,0,0,9401,0,0,0,39,2551,2,0,0,0,0,17,0,0,0,0,2556,_history_tree_19_removes,3023,0,0,0,0,0,0,2561,2556,0,0,0,5117,0,0,0,0,0,5,0,0,0,0,0,0,0
17,10018649925317144938,48631,0,0,0,0,0,44918,0,0,0,0,0,0,0,0,0,0,0,0,0,0,0,0,0,0,292769,0,0,0,95513,0,0,0,40,0,0,0,0,0,0,2051,0,0,93544,0,0,warehouse,0,0,0,0,0,0,0,0,0,0,0,0,0,194559,0,0,194558,0,0,0,0,0,93543,0,0,0
17,10018649925317144938,0,0,0,0,0,0,0,0,0,0,0,0,0,0,0,0,0,0,0,0,0,0,0,0,0,0,0,0,0,0,0,0,0,41,0,0,0,0,0,0,0,0,0,0,0,0,_warehouse_graveyard,0,0,0,0,0,0,0,0,0,0,0,0,0,0,0,0,0,0,0,0,0,0,0,0,0,0
17,10018649925317144938,96733,0,0,0,0,0,94763,0,0,0,0,0,0,0,0,0,0,0,0,0,0,0,0,0,2,297211,0,0,0,193683,0,0,0,42,0,0,0,0,0,0,1003,0,0,191499,0,0,district,0,0,0,0,0,0,0,2,0,0,0,0,2,102469,0,0,102470,2,0,0,0,0,191507,0,0,0
17,10018649925317144938,0,0,0,0,0,0,0,0,0,0,0,0,0,0,0,0,0,0,0,0,0,0,0,0,0,0,0,0,0,0,0,0,0,43,0,0,0,0,0,0,0,0,0,0,0,0,_district_graveyard,0,0,0,0,0,0,0,0,0,0,0,0,0,0,0,0,0,0,0,0,0,0,0,0,0,0
17,10018649925317144938,63095,0,0,0,0,0,60036,0,0,0,0,0,0,0,0,0,0,0,0,0,0,0,0,0,0,790719,0,0,0,123140,0,0,0,44,0,0,0,0,0,0,5,0,0,123125,0,0,customer,0,0,0,0,0,0,0,0,0,0,0,0,0,140432,0,0,140432,0,0,0,0,0,123124,0,0,0
17,10018649925317144938,0,0,0,0,0,0,0,0,0,0,0,0,0,0,0,0,0,0,0,0,0,0,0,0,0,0,0,0,0,0,0,0,0,45,0,0,0,0,0,0,0,0,0,0,0,0,_customer_graveyard,0,0,0,0,0,0,0,0,0,0,0,0,0,0,0,0,0,0,0,0,0,0,0,0,0,0
17,10018649925317144938,0,0,0,0,0,0,0,0,0,0,0,0,0,0,0,0,0,0,0,0,0,0,0,0,0,182832,0,0,0,0,0,0,0,46,0,0,0,0,0,0,60945,0,0,0,0,0,customerwdl,0,0,0,0,0,0,0,0,0,0,0,60945,0,60945,0,0,60945,0,0,0,0,0,0,0,0,0
17,10018649925317144938,0,0,0,0,0,0,0,0,0,0,0,0,0,0,0,0,0,0,0,0,0,0,0,0,0,0,0,0,0,0,0,0,0,47,0,0,0,0,0,0,0,0,0,0,0,0,_customerwdl_graveyard,0,0,0,0,0,0,0,0,0,0,0,0,0,0,0,0,0,0,0,0,0,0,0,0,0,0
17,10018649925317144938,0,0,0,0,0,0,0,0,0,0,0,0,0,0,0,0,0,0,0,0,0,0,0,0,2194,117291,0,0,0,39097,0,0,0,48,0,0,0,0,0,0,0,0,0,0,0,0,history,0,0,0,0,0,0,0,2220,0,0,0,0,2220,0,0,0,0,0,0,0,0,0,0,0,0,0
17,10018649925317144938,0,0,0,0,0,0,0,0,0,0,0,0,0,0,0,0,0,0,0,0,0,0,0,0,0,0,0,0,0,0,0,0,0,49,0,0,0,0,0,0,0,0,0,0,0,0,_history_graveyard,0,0,0,0,0,0,0,0,0,0,0,0,0,0,0,0,0,0,0,0,0,0,0,0,0,0
17,10018649925317144938,43128,86220,0,86220,0,0,43046,0,0,0,0,0,0,0,0,0,0,0,0,0,0,0,64642,0,2074,1129773,0,0,0,273843,0,10318,0,50,54,0,0,0,0,0,102728,0,0,0,0,0,neworder,91217,10318,0,0,0,0,0,3947,15,0,0,86452,3947,96770,0,0,96771,0,1817,0,0,0,0,0,0,0
17,10018649925317144938,0,0,0,0,0,0,0,0,0,0,0,0,0,0,0,0,0,0,0,0,0,0,0,0,0,0,0,0,0,0,0,0,0,51,0,0,0,0,0,0,0,0,0,0,0,0,_neworder_graveyard,0,0,0,0,0,0,0,0,0,0,0,0,0,0,0,0,0,0,0,0,0,0,0,0,0,0
17,10018649925317144938,43638,0,0,0,0,0,42532,0,0,0,0,0,0,0,0,0,0,0,0,0,0,0,0,0,4307,837912,0,0,0,189576,0,0,0,52,0,0,0,0,0,0,0,0,0,86175,0,0,order,0,0,0,0,0,0,0,4310,0,0,0,0,4310,89732,0,0,89732,0,0,0,0,0,86180,0,0,0
17,10018649925317144938,0,0,0,0,0,0,0,0,0,0,0,0,0,0,0,0,0,0,0,0,0,0,0,0,0,0,0,0,0,0,0,0,0,53,0,0,0,0,0,0,0,0,0,0,0,0,_order_graveyard,0,0,0,0,0,0,0,0,0,0,0,0,0,0,0,0,0,0,0,0,0,0,0,0,0,0
17,10018649925317144938,0,0,0,0,0,0,0,0,0,0,0,0,0,0,0,0,3554,0,0,0,0,0,0,0,1349,311940,0,0,0,100428,1,1,0,54,0,0,0,0,0,0,3555,0,0,0,0,0,order_wdc,0,1,0,0,0,0,0,1349,0,0,0,0,1349,3556,0,0,3556,0,0,0,0,0,0,0,0,0
17,10018649925317144938,0,0,0,0,0,0,0,0,0,0,0,0,0,0,0,0,0,0,0,0,0,0,0,0,0,0,0,0,0,0,0,0,0,55,0,0,0,0,0,0,0,0,0,0,0,0,_order_wdc_graveyard,0,0,0,0,0,0,0,0,0,0,0,0,0,0,0,0,0,0,0,0,0,0,0,0,0,0
17,10018649925317144938,436125,0,0,0,0,0,426102,0,0,0,0,0,0,0,0,0,0,0,0,0,0,0,100339,0,58953,7686738,0,0,0,1909114,0,1184,0,56,0,0,0,0,0,0,12563,0,0,862221,0,0,orderline,1824150,1184,0,0,0,0,0,59792,0,0,0,12478,59790,1836771,0,0,1836805,0,0,0,0,0,862223,0,0,0
17,10018649925317144938,0,0,0,0,0,0,0,0,0,0,0,0,0,0,0,0,0,0,0,0,0,0,0,0,0,0,0,0,0,0,0,0,0,57,0,0,0,0,0,0,0,0,0,0,0,0,_orderline_graveyard,0,0,0,0,0,0,0,0,0,0,0,0,0,0,0,0,0,0,0,0,0,0,0,0,0,0
17,10018649925317144938,0,0,0,0,0,0,0,0,0,0,0,0,0,0,0,0,0,0,0,0,0,0,0,0,0,1975644,0,0,0,0,0,0,0,58,0,0,0,0,0,0,0,0,0,0,0,0,item,0,0,0,0,0,0,0,0,0,0,0,0,0,987762,0,0,987768,0,0,0,0,0,0,0,0,0
18,10018649925317144938,0,0,0,0,0,0,0,0,0,0,0,0,0,0,0,0,0,0,0,0,0,0,0,0,0,0,0,0,0,0,0,0,0,61,0,0,0,0,0,0,0,0,0,0,0,0,_stock_graveyard,0,0,0,0,0,0,0,0,0,0,0,0,0,0,0,0,0,0,0,0,0,0,0,0,0,0
18,10018649925317144938,497370,0,0,0,0,0,485674,0,0,0,0,0,0,0,0,0,0,0,0,0,0,0,0,0,0,14902714,0,0,0,984086,0,0,0,60,0,0,0,0,0,0,1145,0,0,983109,0,0,stock,0,0,0,0,0,0,0,0,0,0,0,0,0,2740345,0,0,2740329,0,0,0,0,0,983127,0,0,0
18,10018649925317144938,0,0,0,0,0,0,0,0,0,0,0,0,0,0,0,0,0,0,0,0,0,0,0,0,0,0,0,0,0,0,0,0,0,59,0,0,0,0,0,0,0,0,0,0,0,0,_item_graveyard,0,0,0,0,0,0,0,0,0,0,0,0,0,0,0,0,0,0,0,0,0,0,0,0,0,0
18,10018649925317144938,0,0,0,0,0,0,0,0,0,0,0,0,0,0,0,0,0,0,0,0,0,0,347,0,2390,68719,0,0,0,68505,0,0,0,28,347,810,0,0,0,0,213,0,0,0,0,2735,_history_tree_14_updates,2052,0,0,0,0,0,0,5125,2735,0,0,0,7860,0,0,0,0,0,2388,0,0,0,0,0,0,0
18,10018649925317144938,0,0,0,0,0,0,0,0,0,0,0,0,0,0,0,0,0,0,0,0,0,0,1009,0,3,8956,0,0,0,8940,0,0,0,27,2698,0,0,0,0,0,16,0,0,0,0,2701,_history_tree_13_removes,3143,0,0,0,0,0,0,2704,2701,0,0,0,5405,0,0,0,0,0,3,0,0,0,0,0,0,0
18,10018649925317144938,0,0,0,0,0,0,0,0,0,0,0,0,0,0,0,0,0,0,0,0,0,0,327,0,2337,66823,0,0,0,66607,0,0,0,26,327,758,0,0,0,0,216,0,0,0,0,2665,_history_tree_13_updates,2023,0,0,0,0,0,0,5003,2665,0,0,0,7668,0,0,0,0,0,2338,0,0,0,0,0,0,0
18,10018649925317144938,0,0,0,0,0,0,0,0,0,0,0,0,0,0,0,0,0,0,0,0,0,0,1052,0,4,9367,0,0,0,9355,0,0,0,25,2655,1,0,0,0,0,12,0,0,0,0,2659,_history_tree_12_removes,3094,0,0,0,0,0,0,2663,2659,0,0,0,5322,0,0,0,0,0,4,0,0,0,0,0,0,0
18,10018649925317144938,0,0,0,0,0,0,0,0,0,0,0,0,0,0,0,0,0,0,0,0,0,0,327,0,2355,67792,0,0,0,67585,0,0,0,24,327,754,0,0,0,0,208,0,0,0,0,2682,_history_tree_12_updates,2036,0,0,0,0,0,0,5037,2682,0,0,0,7719,0,0,0,0,0,2355,0,0,0,0,0,0,0
18,10018649925317144938,0,0,0,0,0,0,0,0,0,0,0,0,0,0,0,0,0,0,0,0,0,0,1046,0,4,9182,0,0,0,9169,0,0,0,23,2654,0,0,0,0,0,13,0,0,0,0,2658,_history_tree_11_removes,3093,0,0,0,0,0,0,2662,2658,0,0,0,5320,0,0,0,0,0,4,0,0,0,0,0,0,0
18,10018649925317144938,0,0,0,0,0,0,0,0,0,0,0,0,0,0,0,0,0,0,0,0,0,0,366,0,2338,67113,0,0,0,66916,0,0,0,22,366,759,0,0,0,0,196,0,0,0,0,2707,_history_tree_11_updates,2045,0,0,0,0,0,0,5045,2707,0,0,0,7752,0,0,0,0,0,2341,0,0,0,0,0,0,0
18,10018649925317144938,0,0,0,0,0,0,0,0,0,0,0,0,0,0,0,0,0,0,0,0,0,0,1047,0,5,9281,0,0,0,9267,0,0,0,21,2652,0,0,0,0,0,15,0,0,0,0,2657,_history_tree_10_removes,3103,0,0,0,0,0,0,2662,2657,0,0,0,5319,0,0,0,0,0,5,0,0,0,0,0,0,0
18,10018649925317144938,0,0,0,0,0,0,0,0,0,0,0,0,0,0,0,0,0,0,0,0,0,0,355,0,2372,68050,0,0,0,67841,0,0,0,20,355,805,0,0,0,0,208,0,0,0,0,2726,_history_tree_10_updates,2055,0,0,0,0,0,0,5099,2726,0,0,0,7825,0,0,0,0,0,2372,0,0,0,0,0,0,0
18,10018649925317144938,0,0,0,0,0,0,0,0,0,0,0,0,0,0,0,0,0,0,0,0,0,0,1092,0,3,9509,0,0,0,9494,0,0,0,19,2673,1,0,0,0,0,15,0,0,0,0,2676,_history_tree_9_removes,3149,0,0,0,0,0,0,2679,2676,0,0,0,5355,0,0,0,0,0,3,0,0,0,0,0,0,0
18,10018649925317144938,0,0,0,0,0,0,0,0,0,0,0,0,0,0,0,0,0,0,0,0,0,0,353,0,2352,67736,0,0,0,67496,0,0,0,18,353,777,0,0,0,0,236,0,0,0,0,2704,_history_tree_9_updates,2057,0,0,0,0,0,0,5055,2704,0,0,0,7759,0,0,0,0,0,2351,0,0,0,0,0,0,0
18,10018649925317144938,0,0,0,0,0,0,0,0,0,0,0,0,0,0,0,0,0,0,0,0,0,0,1002,0,4,9077,0,0,0,9059,0,0,0,17,2603,0,0,0,0,0,18,0,0,0,0,2608,_history_tree_8_removes,3035,0,0,0,0,0,0,2612,2608,0,0,0,5220,0,0,0,0,0,4,0,0,0,0,0,0,0
18,10018649925317144938,0,0,0,0,0,0,0,0,0,0,0,0,0,0,0,0,0,0,0,0,0,0,365,0,2322,66714,0,0,0,66501,0,0,0,16,365,782,0,0,0,0,213,0,0,0,0,2688,_history_tree_8_updates,2001,0,0,0,0,0,0,5010,2688,0,0,0,7698,0,0,0,0,0,2323,0,0,0,0,0,0,0
18,10018649925317144938,0,0,0,0,0,0,0,0,0,0,0,0,0,0,0,0,0,0,0,0,0,0,985,0,6,9159,0,0,0,9145,0,0,0,15,2661,1,0,0,0,0,14,0,0,0,0,2667,_history_tree_7_removes,3118,0,0,0,0,0,0,2673,2667,0,0,0,5340,0,0,0,0,0,6,0,0,0,0,0,0,0
18,10018649925317144938,0,0,0,0,0,0,0,0,0,0,0,0,0,0,0,0,0,0,0,0,0,0,329,0,2377,67994,0,0,0,67782,0,0,0,14,329,775,0,0,0,0,212,0,0,0,0,2690,_history_tree_7_updates,2054,0,0,0,0,0,0,5084,2690,0,0,0,7774,0,0,0,0,0,2378,0,0,0,0,0,0,0
18,10018649925317144938,0,0,0,0,0,0,0,0,0,0,0,0,0,0,0,0,0,0,0,0,0,0,987,0,4,8844,0,0,0,8836,0,0,0,13,2658,2,0,0,0,0,12,0,0,0,0,2662,_history_tree_6_removes,3093,0,0,0,0,0,0,2665,2661,0,0,0,5326,0,0,0,0,0,4,0,0,0,0,0,0,0
18,10018649925317144938,0,0,0,0,0,0,0,0,0,0,0,0,0,21274757,21988479,0,0,0,0,0,0,0,355,0,2353,67259,0,0,0,67048,0,0,0,0,355,792,0,0,0,0,211,0,0,0,0,2706,_history_tree_0_updates,2054,0,1479038,0,0,0,0,5062,2708,0,0,0,7770,0,0,0,0,0,2354,0,0,0,0,668822,0,0
18,10018649925317144938,0,0,0,0,0,0,0,0,0,0,0,0,0,0,0,0,0,0,0,0,0,0,987,0,3,9015,0,0,0,8999,0,0,0,1,2649,1,0,0,0,0,16,0,0,0,0,2652,_history_tree_0_removes,3118,0,0,0,0,0,0,2655,2652,0,0,0,5307,0,0,0,0,0,3,0,0,0,0,0,0,0
18,10018649925317144938,0,0,0,0,0,0,0,0,0,0,0,0,0,0,0,0,0,0,0,0,0,0,333,0,2386,68761,0,0,0,68516,0,0,0,2,333,818,0,0,0,0,245,0,0,0,0,2680,_history_tree_1_updates,2025,0,0,0,0,0,0,5105,2680,0,0,0,7785,0,0,0,0,0,2386,0,0,0,0,0,0,0
18,10018649925317144938,0,0,0,0,0,0,0,0,0,0,0,0,0,0,0,0,0,0,0,0,0,0,1048,0,7,9556,0,0,0,9540,0,0,0,3,2616,2,0,0,0,0,16,0,0,0,0,2623,_history_tree_1_removes,3074,0,0,0,0,0,0,2630,2623,0,0,0,5253,0,0,0,0,0,7,0,0,0,0,0,0,0
18,10018649925317144938,0,0,0,0,0,0,0,0,0,0,0,0,0,0,0,0,0,0,0,0,0,0,359,0,2389,68856,0,0,0,68659,0,0,0,4,359,802,0,0,0,0,197,0,0,0,0,2748,_history_tree_2_updates,2072,0,0,0,0,0,0,5137,2748,0,0,0,7885,0,0,0,0,0,2389,0,0,0,0,0,0,0
18,10018649925317144938,0,0,0,0,0,0,0,0,0,0,0,0,0,0,0,0,0,0,0,0,0,0,1057,0,7,9566,0,0,0,9554,0,0,0,5,2667,0,0,0,0,0,12,0,0,0,0,2674,_history_tree_2_removes,3135,0,0,0,0,0,0,2681,2674,0,0,0,5355,0,0,0,0,0,7,0,0,0,0,0,0,0
18,10018649925317144938,0,0,0,0,0,0,0,0,0,0,0,0,0,0,0,0,0,0,0,0,0,0,370,0,2357,67634,0,0,0,67379,0,0,0,6,370,816,0,0,0,0,250,0,0,0,0,2710,_history_tree_3_updates,2026,0,0,0,0,0,0,5084,2710,0,0,0,7794,0,0,0,0,0,2357,0,0,0,0,0,0,0
18,10018649925317144938,0,0,0,0,0,0,0,0,0,0,0,0,0,0,0,0,0,0,0,0,0,0,1022,0,5,9251,0,0,0,9236,0,0,0,7,2549,1,0,0,0,0,15,0,0,0,0,2554,_history_tree_3_removes,3007,0,0,0,0,0,0,2559,2554,0,0,0,5113,0,0,0,0,0,5,0,0,0,0,0,0,0
18,10018649925317144938,0,0,0,0,0,0,0,0,0,0,0,0,0,0,0,0,0,0,0,0,0,0,311,0,2407,69540,0,0,0,69338,0,0,0,8,312,862,0,0,0,0,202,0,0,0,0,2706,_history_tree_4_updates,1999,0,0,0,0,0,0,5126,2708,0,0,0,7834,0,0,0,0,0,2407,0,0,0,0,0,0,0
18,10018649925317144938,0,0,0,0,0,0,0,0,0,0,0,0,0,0,0,0,0,0,0,0,0,0,1070,0,7,9816,0,0,0,9797,0,0,0,9,2579,2,0,0,0,0,19,0,0,0,0,2586,_history_tree_4_removes,3067,0,0,0,0,0,0,2593,2586,0,0,0,5179,0,0,0,0,0,7,0,0,0,0,0,0,0
18,10018649925317144938,0,0,0,0,0,0,0,0,0,0,0,0,0,0,0,0,0,0,0,0,0,0,329,0,2391,68997,0,0,0,68779,0,0,0,10,329,832,0,0,0,0,216,0,0,0,0,2723,_history_tree_5_updates,1999,0,0,0,0,0,0,5113,2723,0,0,0,7838,0,0,0,0,0,2395,0,0,0,0,0,0,0
18,10018649925317144938,0,0,0,0,0,0,0,0,0,0,0,0,0,0,0,0,0,0,0,0,0,0,1123,0,3,9653,0,0,0,9636,0,0,0,11,2609,0,0,0,0,0,16,0,0,0,0,2612,_history_tree_5_removes,3055,0,0,0,0,0,0,2615,2612,0,0,0,5227,0,0,0,0,0,3,0,0,0,0,0,0,0
18,10018649925317144938,0,0,0,0,0,0,0,0,0,0,0,0,0,0,0,0,0,0,0,0,0,0,353,0,2303,65729,0,0,0,65517,0,0,0,12,353,734,0,0,0,0,211,0,0,0,0,2621,_history_tree_6_updates,2042,0,0,0,0,0,0,4960,2621,0,0,0,7581,0,0,0,0,0,2304,0,0,0,0,0,0,0
18,10018649925317144938,0,0,0,0,0,0,0,0,0,0,0,0,0,0,0,0,0,0,0,0,0,0,1107,0,3,9619,0,0,0,9605,0,0,0,29,2662,1,0,0,0,0,14,0,0,0,0,2665,_history_tree_14_removes,3127,0,0,0,0,0,0,2668,2665,0,0,0,5333,0,0,0,0,0,3,0,0,0,0,0,0,0
18,10018649925317144938,0,0,0,0,0,0,0,0,0,0,0,0,0,0,0,0,0,0,0,0,0,0,389,0,2338,67150,0,0,0,66969,0,0,0,30,389,767,0,0,0,0,181,0,0,0,0,2726,_history_tree_15_updates,2076,0,0,0,0,0,0,5065,2727,0,0,0,7792,0,0,0,0,0,2338,0,0,0,0,0,0,0
18,10018649925317144938,0,0,0,0,0,0,0,0,0,0,0,0,0,0,0,0,0,0,0,0,0,0,998,0,6,9188,0,0,0,9176,0,0,0,31,2636,2,0,0,0,0,12,0,0,0,0,2642,_history_tree_15_removes,3097,0,0,0,0,0,0,2648,2642,0,0,0,5290,0,0,0,0,0,6,0,0,0,0,0,0,0
18,10018649925317144938,0,0,0,0,0,0,0,0,0,0,0,0,0,0,0,0,0,0,0,0,0,0,342,0,2337,66747,0,0,0,66564,0,0,0,32,342,770,0,0,0,0,182,0,0,0,0,2679,_history_tree_16_updates,2018,0,0,0,0,0,0,5016,2679,0,0,0,7695,0,0,0,0,0,2337,0,0,0,0,0,0,0
18,10018649925317144938,0,0,0,0,0,0,0,0,0,0,0,0,0,0,0,0,0,0,0,0,0,0,1012,0,3,9071,0,0,0,9055,0,0,0,33,2695,0,0,0,0,0,16,0,0,0,0,2698,_history_tree_16_removes,3132,0,0,0,0,0,0,2701,2698,0,0,0,5399,0,0,0,0,0,3,0,0,0,0,0,0,0
18,10018649925317144938,0,0,0,0,0,0,0,0,0,0,0,0,0,0,0,0,0,0,0,0,0,0,338,0,2354,67321,0,0,0,67118,0,0,0,34,338,933,0,0,0,0,200,0,0,0,0,2539,_history_tree_17_updates,1898,0,0,0,0,0,0,5049,2539,0,0,0,7588,0,0,0,0,0,2357,0,0,0,0,0,0,0
18,10018649925317144938,0,0,0,0,0,0,0,0,0,0,0,0,0,0,0,0,0,0,0,0,0,0,889,0,15,9247,0,0,0,9228,0,0,0,35,2525,7,0,0,0,0,19,0,0,0,0,2540,_history_tree_17_removes,2973,0,0,0,0,0,0,2555,2540,0,0,0,5095,0,0,0,0,0,15,0,0,0,0,0,0,0
18,10018649925317144938,0,0,0,0,0,0,0,0,0,0,0,0,0,0,0,0,0,0,0,0,0,0,356,0,2361,67968,0,0,0,67773,0,0,0,36,356,822,0,0,0,0,194,0,0,0,0,2719,_history_tree_18_updates,2024,0,0,0,0,0,0,5081,2719,0,0,0,7800,0,0,0,0,0,2363,0,0,0,0,0,0,0
18,10018649925317144938,0,0,0,0,0,0,0,0,0,0,0,0,0,0,0,0,0,0,0,0,0,0,1033,0,4,9418,0,0,0,9404,0,0,0,37,2581,0,0,0,0,0,14,0,0,0,0,2585,_history_tree_18_removes,3045,0,0,0,0,0,0,2589,2585,0,0,0,5174,0,0,0,0,0,4,0,0,0,0,0,0,0
18,10018649925317144938,0,0,0,0,0,0,0,0,0,0,0,0,0,0,0,0,0,0,0,0,0,0,344,0,2371,67921,0,0,0,67703,0,0,0,38,344,796,0,0,0,0,219,0,0,0,0,2694,_history_tree_19_updates,2034,0,0,0,0,0,0,5084,2694,0,0,0,7778,0,0,0,0,0,2371,0,0,0,0,0,0,0
18,10018649925317144938,0,0,0,0,0,0,0,0,0,0,0,0,0,0,0,0,0,0,0,0,0,0,1021,0,4,9149,0,0,0,9140,0,0,0,39,2640,0,0,0,0,0,9,0,0,0,0,2644,_history_tree_19_removes,3078,0,0,0,0,0,0,2648,2644,0,0,0,5292,0,0,0,0,0,4,0,0,0,0,0,0,0
18,10018649925317144938,48944,0,0,0,0,0,45336,0,0,0,0,0,0,0,0,0,0,0,0,0,0,0,0,0,0,293813,0,0,0,96201,0,0,0,40,0,0,0,0,0,0,2094,0,0,94281,0,0,warehouse,0,0,0,0,0,0,0,0,0,0,0,0,0,194874,0,0,194873,0,0,0,0,0,94282,0,0,0
18,10018649925317144938,0,0,0,0,0,0,0,0,0,0,0,0,0,0,0,0,0,0,0,0,0,0,0,0,0,0,0,0,0,0,0,0,0,41,0,0,0,0,0,0,0,0,0,0,0,0,_warehouse_graveyard,0,0,0,0,0,0,0,0,0,0,0,0,0,0,0,0,0,0,0,0,0,0,0,0,0,0
18,10018649925317144938,97045,0,0,0,0,0,94862,0,0,0,0,0,0,0,0,0,0,0,0,0,0,0,0,0,0,298118,0,0,0,194018,0,0,0,42,0,0,0,0,0,0,962,0,0,191906,0,0,district,0,0,0,0,0,0,0,0,0,0,0,0,0,103079,0,0,103080,0,0,0,0,0,191911,0,0,0
18,10018649925317144938,0,0,0,0,0,0,0,0,0,0,0,0,0,0,0,0,0,0,0,0,0,0,0,0,0,0,0,0,0,0,0,0,0,43,0,0,0,0,0,0,0,0,0,0,0,0,_district_graveyard,0,0,0,0,0,0,0,0,0,0,0,0,0,0,0,0,0,0,0,0,0,0,0,0,0,0
18,10018649925317144938,63284,0,0,0,0,0,60027,0,0,0,0,0,0,0,0,0,0,0,0,0,0,0,0,0,0,790902,0,0,0,123346,0,0,0,44,0,0,0,0,0,0,5,0,0,123316,0,0,customer,0,0,0,0,0,0,0,0,0,0,0,0,0,140279,0,0,140279,0,0,0,0,0,123316,0,0,0
18,10018649925317144938,0,0,0,0,0,0,0,0,0,0,0,0,0,0,0,0,0,0,0,0,0,0,0,0,0,0,0,0,0,0,0,0,0,45,0,0,0,0,0,0,0,0,0,0,0,0,_customer_graveyard,0,0,0,0,0,0,0,0,0,0,0,0,0,0,0,0,0,0,0,0,0,0,0,0,0,0
18,10018649925317144938,0,0,0,0,0,0,0,0,0,0,0,0,0,0,0,0,0,0,0,0,0,0,0,0,0,184299,0,0,0,0,0,0,0,46,0,0,0,0,0,0,61433,0,0,0,0,0,customerwdl,0,0,0,0,0,0,0,0,0,0,0,61437,0,61437,0,0,61438,0,0,0,0,0,0,0,0,0
18,10018649925317144938,0,0,0,0,0,0,0,0,0,0,0,0,0,0,0,0,0,0,0,0,0,0,0,0,0,0,0,0,0,0,0,0,0,47,0,0,0,0,0,0,0,0,0,0,0,0,_customerwdl_graveyard,0,0,0,0,0,0,0,0,0,0,0,0,0,0,0,0,0,0,0,0,0,0,0,0,0,0
18,10018649925317144938,0,0,0,0,0,0,0,0,0,0,0,0,0,0,0,0,0,0,0,0,0,0,0,0,2208,118152,0,0,0,39385,0,0,0,48,0,0,0,0,0,0,0,0,0,0,0,0,history,0,0,0,0,0,0,0,2230,0,0,0,0,2230,0,0,0,0,0,0,0,0,0,0,0,0,0
18,10018649925317144938,0,0,0,0,0,0,0,0,0,0,0,0,0,0,0,0,0,0,0,0,0,0,0,0,0,0,0,0,0,0,0,0,0,49,0,0,0,0,0,0,0,0,0,0,0,0,_history_graveyard,0,0,0,0,0,0,0,0,0,0,0,0,0,0,0,0,0,0,0,0,0,0,0,0,0,0
18,10018649925317144938,43111,86130,0,86130,0,0,43047,0,0,0,0,0,0,0,0,0,0,0,0,0,0,0,65309,0,2069,1129027,0,0,0,273333,0,8698,0,50,66,0,0,0,0,0,103004,0,0,0,0,0,neworder,90547,8698,0,0,0,0,0,3950,16,1,0,86460,3953,95158,0,0,95157,0,1812,0,0,0,0,0,0,0
18,10018649925317144938,0,0,0,0,0,0,0,0,0,0,0,0,0,0,0,0,0,0,0,0,0,0,0,0,0,0,0,0,0,0,0,0,0,51,0,0,0,0,0,0,0,0,0,0,0,0,_neworder_graveyard,0,0,0,0,0,0,0,0,0,0,0,0,0,0,0,0,0,0,0,0,0,0,0,0,0,0
18,10018649925317144938,43521,0,0,0,0,0,42650,0,0,0,0,0,0,0,0,0,0,0,0,0,0,0,0,0,4304,836582,0,0,0,189139,0,0,0,52,0,0,0,0,0,0,0,0,0,86168,0,0,order,0,0,0,0,0,0,0,4305,0,0,0,0,4305,89716,0,0,89716,0,0,0,0,0,86163,0,0,0
18,10018649925317144938,0,0,0,0,0,0,0,0,0,0,0,0,0,0,0,0,0,0,0,0,0,0,0,0,0,0,0,0,0,0,0,0,0,53,0,0,0,0,0,0,0,0,0,0,0,0,_order_graveyard,0,0,0,0,0,0,0,0,0,0,0,0,0,0,0,0,0,0,0,0,0,0,0,0,0,0
18,10018649925317144938,0,0,0,0,0,0,0,0,0,0,0,0,0,0,0,0,3553,0,0,0,0,0,0,0,1368,310689,0,0,0,100009,0,0,0,54,0,0,0,0,0,0,3552,0,0,0,0,0,order_wdc,0,0,0,0,0,0,0,1372,0,0,0,0,1372,3552,0,0,3552,0,0,0,0,0,0,0,0,0
18,10018649925317144938,0,0,0,0,0,0,0,0,0,0,0,0,0,0,0,0,0,0,0,0,0,0,0,0,0,0,0,0,0,0,0,0,0,55,0,0,0,0,0,0,0,0,0,0,0,0,_order_wdc_graveyard,0,0,0,0,0,0,0,0,0,0,0,0,0,0,0,0,0,0,0,0,0,0,0,0,0,0
18,10018649925317144938,435517,0,0,0,0,0,425523,0,0,0,0,0,0,0,0,0,0,0,0,0,0,0,98474,0,58609,7660114,0,0,0,1902636,0,945,0,56,0,0,0,0,0,0,12393,0,0,861026,0,0,orderline,1790434,945,0,0,0,0,0,59409,0,0,0,12328,59410,1802581,0,0,1802534,0,0,0,0,0,861022,0,0,0
18,10018649925317144938,0,0,0,0,0,0,0,0,0,0,0,0,0,0,0,0,0,0,0,0,0,0,0,0,0,0,0,0,0,0,0,0,0,57,0,0,0,0,0,0,0,0,0,0,0,0,_orderline_graveyard,0,0,0,0,0,0,0,0,0,0,0,0,0,0,0,0,0,0,0,0,0,0,0,0,0,0
18,10018649925317144938,0,0,0,0,0,0,0,0,0,0,0,0,0,0,0,0,0,0,0,0,0,0,0,0,0,1965494,0,0,0,0,0,0,0,58,0,0,0,0,0,0,0,0,0,0,0,0,item,0,0,0,0,0,0,0,0,0,0,0,0,0,982764,0,0,982760,0,0,0,0,0,0,0,0,0
19,10018649925317144938,0,0,0,0,0,0,0,0,0,0,0,0,0,0,0,0,0,0,0,0,0,0,0,0,0,0,0,0,0,0,0,0,0,61,0,0,0,0,0,0,0,0,0,0,0,0,_stock_graveyard,0,0,0,0,0,0,0,0,0,0,0,0,0,0,0,0,0,0,0,0,0,0,0,0,0,0
19,10018649925317144938,499051,0,0,0,0,0,487183,0,0,0,0,0,0,0,0,0,0,0,0,0,0,0,0,0,0,15000764,0,0,0,987217,0,0,0,60,0,0,0,0,0,0,1005,0,0,986208,0,0,stock,0,0,0,0,0,0,0,0,0,0,0,0,0,2761997,0,0,2761998,0,0,0,0,0,986226,0,0,0
19,10018649925317144938,0,0,0,0,0,0,0,0,0,0,0,0,0,0,0,0,0,0,0,0,0,0,0,0,0,0,0,0,0,0,0,0,0,59,0,0,0,0,0,0,0,0,0,0,0,0,_item_graveyard,0,0,0,0,0,0,0,0,0,0,0,0,0,0,0,0,0,0,0,0,0,0,0,0,0,0
19,10018649925317144938,0,0,0,0,0,0,0,0,0,0,0,0,0,0,0,0,0,0,0,0,0,0,307,0,2326,66766,0,0,0,66581,0,0,0,28,307,791,0,0,0,0,185,0,0,0,0,2631,_history_tree_14_updates,1958,0,0,0,0,0,0,4961,2631,0,0,0,7592,0,0,0,0,0,2328,0,0,0,0,0,0,0
19,10018649925317144938,0,0,0,0,0,0,0,0,0,0,0,0,0,0,0,0,0,0,0,0,0,0,1019,0,9,9373,0,0,0,9360,0,0,0,27,2545,4,0,0,0,0,13,0,0,0,0,2554,_history_tree_13_removes,3028,0,0,0,0,0,0,2563,2554,0,0,0,5117,0,0,0,0,0,9,0,0,0,0,0,0,0
19,10018649925317144938,0,0,0,0,0,0,0,0,0,0,0,0,0,0,0,0,0,0,0,0,0,0,341,0,2371,68058,0,0,0,67850,0,0,0,26,341,862,0,0,0,0,208,0,0,0,0,2688,_history_tree_13_updates,2000,0,0,0,0,0,0,5081,2688,0,0,0,7769,0,0,0,0,0,2370,0,0,0,0,0,0,0
19,10018649925317144938,0,0,0,0,0,0,0,0,0,0,0,0,0,0,0,0,0,0,0,0,0,0,1039,0,10,9406,0,0,0,9389,0,0,0,25,2538,4,0,0,0,0,17,0,0,0,0,2549,_history_tree_12_removes,3011,0,0,0,0,0,0,2559,2549,0,0,0,5108,0,0,0,0,0,10,0,0,0,0,0,0,0
19,10018649925317144938,0,0,0,0,0,0,0,0,0,0,0,0,0,0,0,0,0,0,0,0,0,0,331,0,2379,68414,0,0,0,68215,0,0,0,24,331,865,0,0,0,0,198,0,0,0,0,2675,_history_tree_12_updates,1969,0,0,0,0,0,0,5090,2675,0,0,0,7765,0,0,0,0,0,2380,0,0,0,0,0,0,0
19,10018649925317144938,0,0,0,0,0,0,0,0,0,0,0,0,0,0,0,0,0,0,0,0,0,0,1019,0,9,9524,0,0,0,9507,0,0,0,23,2551,4,0,0,0,0,17,0,0,0,0,2560,_history_tree_11_removes,3001,0,0,0,0,0,0,2569,2560,0,0,0,5129,0,0,0,0,0,9,0,0,0,0,0,0,0
19,10018649925317144938,0,0,0,0,0,0,0,0,0,0,0,0,0,0,0,0,0,0,0,0,0,0,339,0,2384,68687,0,0,0,68441,0,0,0,22,339,882,0,0,0,0,245,0,0,0,0,2702,_history_tree_11_updates,1967,0,0,0,0,0,0,5108,2702,0,0,0,7810,0,0,0,0,0,2385,0,0,0,0,0,0,0
19,10018649925317144938,0,0,0,0,0,0,0,0,0,0,0,0,0,0,0,0,0,0,0,0,0,0,1021,0,8,9313,0,0,0,9297,0,0,0,21,2503,3,0,0,0,0,15,0,0,0,0,2511,_history_tree_10_removes,2932,0,0,0,0,0,0,2519,2511,0,0,0,5030,0,0,0,0,0,8,0,0,0,0,0,0,0
19,10018649925317144938,0,0,0,0,0,0,0,0,0,0,0,0,0,0,0,0,0,0,0,0,0,0,312,0,2373,68260,0,0,0,68033,0,0,0,20,312,871,0,0,0,0,225,0,0,0,0,2652,_history_tree_10_updates,1932,0,0,0,0,0,0,5058,2653,0,0,0,7711,0,0,0,0,0,2373,0,0,0,0,0,0,0
19,10018649925317144938,0,0,0,0,0,0,0,0,0,0,0,0,0,0,0,0,0,0,0,0,0,0,983,0,7,9156,0,0,0,9137,0,0,0,19,2521,2,0,0,0,0,19,0,0,0,0,2528,_history_tree_9_removes,2990,0,0,0,0,0,0,2535,2528,0,0,0,5063,0,0,0,0,0,7,0,0,0,0,0,0,0
19,10018649925317144938,0,0,0,0,0,0,0,0,0,0,0,0,0,0,0,0,0,0,0,0,0,0,318,0,2374,67747,0,0,0,67538,0,0,0,18,318,872,0,0,0,0,207,0,0,0,0,2648,_history_tree_9_updates,1962,0,0,0,0,0,0,5069,2648,0,0,0,7717,0,0,0,0,0,2377,0,0,0,0,0,0,0
19,10018649925317144938,0,0,0,0,0,0,0,0,0,0,0,0,0,0,0,0,0,0,0,0,0,0,969,0,8,9087,0,0,0,9072,0,0,0,17,2593,3,0,0,0,0,15,0,0,0,0,2600,_history_tree_8_removes,3039,0,0,0,0,0,0,2608,2600,0,0,0,5208,0,0,0,0,0,8,0,0,0,0,0,0,0
19,10018649925317144938,0,0,0,0,0,0,0,0,0,0,0,0,0,0,0,0,0,0,0,0,0,0,328,0,2376,67663,0,0,0,67478,0,0,0,16,328,856,0,0,0,0,185,0,0,0,0,2674,_history_tree_8_updates,1988,0,0,0,0,0,0,5080,2674,0,0,0,7754,0,0,0,0,0,2376,0,0,0,0,0,0,0
19,10018649925317144938,0,0,0,0,0,0,0,0,0,0,0,0,0,0,0,0,0,0,0,0,0,0,990,0,9,9304,0,0,0,9283,0,0,0,15,2544,3,0,0,0,0,21,0,0,0,0,2553,_history_tree_7_removes,2978,0,0,0,0,0,0,2562,2553,0,0,0,5115,0,0,0,0,0,9,0,0,0,0,0,0,0
19,10018649925317144938,0,0,0,0,0,0,0,0,0,0,0,0,0,0,0,0,0,0,0,0,0,0,329,0,2340,67379,0,0,0,67151,0,0,0,14,329,831,0,0,0,0,228,0,0,0,0,2611,_history_tree_7_updates,1956,0,0,0,0,0,0,5007,2611,0,0,0,7618,0,0,0,0,0,2338,0,0,0,0,0,0,0
19,10018649925317144938,0,0,0,0,0,0,0,0,0,0,0,0,0,0,0,0,0,0,0,0,0,0,965,0,13,9376,0,0,0,9361,0,0,0,13,2554,10,0,0,0,0,11,0,0,0,0,2567,_history_tree_6_removes,2977,0,0,0,0,0,0,2580,2567,0,0,0,5147,0,0,0,0,0,13,0,0,0,0,0,0,0
19,10018649925317144938,0,0,0,0,0,0,0,0,0,0,0,0,0,21344757,22153793,0,0,0,0,0,0,0,351,0,2382,68127,0,0,0,67929,0,0,0,0,351,853,0,0,0,0,197,0,0,0,0,2680,_history_tree_0_updates,2005,0,1485677,0,0,0,0,5112,2678,0,0,0,7790,0,0,0,0,0,2379,0,0,0,0,716239,0,0
19,10018649925317144938,0,0,0,0,0,0,0,0,0,0,0,0,0,0,0,0,0,0,0,0,0,0,978,0,12,9207,0,0,0,9192,0,0,0,1,2565,7,0,0,0,0,15,0,0,0,0,2577,_history_tree_0_removes,3031,0,0,0,0,0,0,2590,2578,0,0,0,5168,0,0,0,0,0,12,0,0,0,0,0,0,0
19,10018649925317144938,0,0,0,0,0,0,0,0,0,0,0,0,0,0,0,0,0,0,0,0,0,0,317,0,2373,68310,0,0,0,68119,0,0,0,2,317,861,0,0,0,0,190,0,0,0,0,2678,_history_tree_1_updates,1961,0,0,0,0,0,0,5062,2678,0,0,0,7740,0,0,0,0,0,2372,0,0,0,0,0,0,0
19,10018649925317144938,0,0,0,0,0,0,0,0,0,0,0,0,0,0,0,0,0,0,0,0,0,0,1043,0,7,9485,0,0,0,9474,0,0,0,3,2541,3,0,0,0,0,11,0,0,0,0,2548,_history_tree_1_removes,3009,0,0,0,0,0,0,2555,2548,0,0,0,5103,0,0,0,0,0,7,0,0,0,0,0,0,0
19,10018649925317144938,0,0,0,0,0,0,0,0,0,0,0,0,0,0,0,0,0,0,0,0,0,0,348,0,2367,68156,0,0,0,67948,0,0,0,4,348,874,0,0,0,0,207,0,0,0,0,2680,_history_tree_2_updates,1984,0,0,0,0,0,0,5081,2680,0,0,0,7761,0,0,0,0,0,2366,0,0,0,0,0,0,0
19,10018649925317144938,0,0,0,0,0,0,0,0,0,0,0,0,0,0,0,0,0,0,0,0,0,0,1031,0,8,9384,0,0,0,9365,0,0,0,5,2478,1,0,0,0,0,19,0,0,0,0,2486,_history_tree_2_removes,2964,0,0,0,0,0,0,2494,2486,0,0,0,4980,0,0,0,0,0,8,0,0,0,0,0,0,0
19,10018649925317144938,0,0,0,0,0,0,0,0,0,0,0,0,0,0,0,0,0,0,0,0,0,0,325,0,2385,68131,0,0,0,67954,0,0,0,6,325,910,0,0,0,0,177,0,0,0,0,2641,_history_tree_3_updates,1906,0,0,0,0,0,0,5094,2641,0,0,0,7735,0,0,0,0,0,2384,0,0,0,0,0,0,0
19,10018649925317144938,0,0,0,0,0,0,0,0,0,0,0,0,0,0,0,0,0,0,0,0,0,0,996,0,10,9147,0,0,0,9135,0,0,0,7,2510,5,0,0,0,0,12,0,0,0,0,2520,_history_tree_3_removes,2970,0,0,0,0,0,0,2530,2520,0,0,0,5050,0,0,0,0,0,10,0,0,0,0,0,0,0
19,10018649925317144938,0,0,0,0,0,0,0,0,0,0,0,0,0,0,0,0,0,0,0,0,0,0,334,0,2362,67754,0,0,0,67558,0,0,0,8,334,843,0,0,0,0,196,0,0,0,0,2647,_history_tree_4_updates,1966,0,0,0,0,0,0,5056,2645,0,0,0,7701,0,0,0,0,0,2360,0,0,0,0,0,0,0
19,10018649925317144938,0,0,0,0,0,0,0,0,0,0,0,0,0,0,0,0,0,0,0,0,0,0,998,0,7,9264,0,0,0,9252,0,0,0,9,2559,1,0,0,0,0,12,0,0,0,0,2566,_history_tree_4_removes,2994,0,0,0,0,0,0,2573,2566,0,0,0,5139,0,0,0,0,0,7,0,0,0,0,0,0,0
19,10018649925317144938,0,0,0,0,0,0,0,0,0,0,0,0,0,0,0,0,0,0,0,0,0,0,315,0,2354,67557,0,0,0,67358,0,0,0,10,315,863,0,0,0,0,197,0,0,0,0,2636,_history_tree_5_updates,1922,0,0,0,0,0,0,5023,2636,0,0,0,7657,0,0,0,0,0,2353,0,0,0,0,0,0,0
19,10018649925317144938,0,0,0,0,0,0,0,0,0,0,0,0,0,0,0,0,0,0,0,0,0,0,1003,0,6,9233,0,0,0,9212,0,0,0,11,2469,1,0,0,0,0,21,0,0,0,0,2475,_history_tree_5_removes,2933,0,0,0,0,0,0,2481,2475,0,0,0,4956,0,0,0,0,0,6,0,0,0,0,0,0,0
19,10018649925317144938,0,0,0,0,0,0,0,0,0,0,0,0,0,0,0,0,0,0,0,0,0,0,315,0,2418,69075,0,0,0,68871,0,0,0,12,315,921,0,0,0,0,200,0,0,0,0,2562,_history_tree_6_updates,1926,0,0,0,0,0,0,5152,2562,0,0,0,7714,0,0,0,0,0,2418,0,0,0,0,0,0,0
19,10018649925317144938,0,0,0,0,0,0,0,0,0,0,0,0,0,0,0,0,0,0,0,0,0,0,1016,0,6,9221,0,0,0,9203,0,0,0,29,2550,2,0,0,0,0,18,0,0,0,0,2556,_history_tree_14_removes,2988,0,0,0,0,0,0,2562,2556,0,0,0,5118,0,0,0,0,0,6,0,0,0,0,0,0,0
19,10018649925317144938,0,0,0,0,0,0,0,0,0,0,0,0,0,0,0,0,0,0,0,0,0,0,353,0,2393,68844,0,0,0,68627,0,0,0,30,353,899,0,0,0,0,216,0,0,0,0,2707,_history_tree_15_updates,1984,0,0,0,0,0,0,5139,2706,0,0,0,7845,0,0,0,0,0,2393,0,0,0,0,0,0,0
19,10018649925317144938,0,0,0,0,0,0,0,0,0,0,0,0,0,0,0,0,0,0,0,0,0,0,1039,0,9,9487,0,0,0,9470,0,0,0,31,2514,4,0,0,0,0,17,0,0,0,0,2523,_history_tree_15_removes,2977,0,0,0,0,0,0,2532,2523,0,0,0,5055,0,0,0,0,0,9,0,0,0,0,0,0,0
19,10018649925317144938,0,0,0,0,0,0,0,0,0,0,0,0,0,0,0,0,0,0,0,0,0,0,358,0,2365,67507,0,0,0,67295,0,0,0,32,358,827,0,0,0,0,212,0,0,0,0,2693,_history_tree_16_updates,2026,0,0,0,0,0,0,5087,2693,0,0,0,7782,0,0,0,0,0,2365,0,0,0,0,0,0,0
19,10018649925317144938,0,0,0,0,0,0,0,0,0,0,0,0,0,0,0,0,0,0,0,0,0,0,955,0,7,9069,0,0,0,9056,0,0,0,33,2594,2,0,0,0,0,13,0,0,0,0,2601,_history_tree_16_removes,3038,0,0,0,0,0,0,2608,2601,0,0,0,5209,0,0,0,0,0,7,0,0,0,0,0,0,0
19,10018649925317144938,0,0,0,0,0,0,0,0,0,0,0,0,0,0,0,0,0,0,0,0,0,0,333,0,2383,73617,0,0,0,68422,0,0,0,34,1119,1129,0,0,0,0,208,0,0,0,0,2757,_history_tree_17_updates,1970,0,0,0,0,0,0,5880,3267,0,0,0,8649,0,0,0,0,0,2380,0,0,0,0,0,0,0
19,10018649925317144938,0,0,0,0,0,0,0,0,0,0,0,0,0,0,0,0,0,0,0,0,0,0,889,0,19,9431,0,0,0,9412,0,0,0,35,2439,12,0,0,0,0,19,0,0,0,0,2458,_history_tree_17_removes,2851,0,0,0,0,0,0,2477,2458,0,0,0,4935,0,0,0,0,0,19,0,0,0,0,0,0,0
19,10018649925317144938,0,0,0,0,0,0,0,0,0,0,0,0,0,0,0,0,0,0,0,0,0,0,339,0,2354,67090,0,0,0,66892,0,0,0,36,339,858,0,0,0,0,199,0,0,0,0,2629,_history_tree_18_updates,1951,0,0,0,0,0,0,5044,2629,0,0,0,7673,0,0,0,0,0,2352,0,0,0,0,0,0,0
19,10018649925317144938,0,0,0,0,0,0,0,0,0,0,0,0,0,0,0,0,0,0,0,0,0,0,934,0,11,8963,0,0,0,8950,0,0,0,37,2553,5,0,0,0,0,13,0,0,0,0,2564,_history_tree_18_removes,2975,0,0,0,0,0,0,2575,2564,0,0,0,5139,0,0,0,0,0,11,0,0,0,0,0,0,0
19,10018649925317144938,0,0,0,0,0,0,0,0,0,0,0,0,0,0,0,0,0,0,0,0,0,0,280,0,2339,66966,0,0,0,66733,0,0,0,38,280,790,0,0,0,0,231,0,0,0,0,2595,_history_tree_19_updates,1937,0,0,0,0,0,0,4957,2595,0,0,0,7552,0,0,0,0,0,2338,0,0,0,0,0,0,0
19,10018649925317144938,0,0,0,0,0,0,0,0,0,0,0,0,0,0,0,0,0,0,0,0,0,0,1018,0,5,9104,0,0,0,9083,0,0,0,39,2607,1,0,0,0,0,21,0,0,0,0,2612,_history_tree_19_removes,3023,0,0,0,0,0,0,2618,2613,0,0,0,5231,0,0,0,0,0,5,0,0,0,0,0,0,0
19,10018649925317144938,48656,0,0,0,0,0,45317,0,0,0,0,0,0,0,0,0,0,0,0,0,0,0,0,0,1,293550,0,0,0,95960,0,0,0,40,0,0,0,0,0,0,2073,0,0,93966,0,0,warehouse,0,0,0,0,0,0,0,1,0,0,0,0,1,194877,0,0,194876,1,0,0,0,0,93965,0,0,0
19,10018649925317144938,0,0,0,0,0,0,0,0,0,0,0,0,0,0,0,0,0,0,0,0,0,0,0,0,0,0,0,0,0,0,0,0,0,41,0,0,0,0,0,0,0,0,0,0,0,0,_warehouse_graveyard,0,0,0,0,0,0,0,0,0,0,0,0,0,0,0,0,0,0,0,0,0,0,0,0,0,0
19,10018649925317144938,96959,0,0,0,0,0,94815,0,0,0,0,0,0,0,0,0,0,0,0,0,0,0,0,0,0,297898,0,0,0,193959,0,0,0,42,0,0,0,0,0,0,1024,0,0,191775,0,0,district,0,0,0,0,0,0,0,0,0,0,0,0,0,102853,0,0,102852,0,0,0,0,0,191769,0,0,0
19,10018649925317144938,0,0,0,0,0,0,0,0,0,0,0,0,0,0,0,0,0,0,0,0,0,0,0,0,0,0,0,0,0,0,0,0,0,43,0,0,0,0,0,0,0,0,0,0,0,0,_district_graveyard,0,0,0,0,0,0,0,0,0,0,0,0,0,0,0,0,0,0,0,0,0,0,0,0,0,0
19,10018649925317144938,63771,0,0,0,0,0,60166,0,0,0,0,0,0,0,0,0,0,0,0,0,0,0,0,0,0,793351,0,0,0,123956,0,0,0,44,0,0,0,0,0,0,6,0,0,123935,0,0,customer,0,0,0,0,0,0,0,0,0,0,0,0,0,140488,0,0,140488,0,0,0,0,0,123937,0,0,0
19,10018649925317144938,0,0,0,0,0,0,0,0,0,0,0,0,0,0,0,0,0,0,0,0,0,0,0,0,0,0,0,0,0,0,0,0,0,45,0,0,0,0,0,0,0,0,0,0,0,0,_customer_graveyard,0,0,0,0,0,0,0,0,0,0,0,0,0,0,0,0,0,0,0,0,0,0,0,0,0,0
19,10018649925317144938,0,0,0,0,0,0,0,0,0,0,0,0,0,0,0,0,0,0,0,0,0,0,0,0,0,183945,0,0,0,0,0,0,0,46,0,0,0,0,0,0,61316,0,0,0,0,0,customerwdl,0,0,0,0,0,0,0,0,0,0,0,61311,0,61311,0,0,61311,0,0,0,0,0,0,0,0,0
19,10018649925317144938,0,0,0,0,0,0,0,0,0,0,0,0,0,0,0,0,0,0,0,0,0,0,0,0,0,0,0,0,0,0,0,0,0,47,0,0,0,0,0,0,0,0,0,0,0,0,_customerwdl_graveyard,0,0,0,0,0,0,0,0,0,0,0,0,0,0,0,0,0,0,0,0,0,0,0,0,0,0
19,10018649925317144938,0,0,0,0,0,0,0,0,0,0,0,0,0,0,0,0,0,0,0,0,0,0,0,0,2202,117738,0,0,0,39245,0,0,0,48,0,0,0,0,0,0,0,0,0,0,0,0,history,0,0,0,0,0,0,0,2231,0,0,0,0,2231,0,0,0,0,0,0,0,0,0,0,0,0,0
19,10018649925317144938,0,0,0,0,0,0,0,0,0,0,0,0,0,0,0,0,0,0,0,0,0,0,0,0,0,0,0,0,0,0,0,0,0,49,0,0,0,0,0,0,0,0,0,0,0,0,_history_graveyard,0,0,0,0,0,0,0,0,0,0,0,0,0,0,0,0,0,0,0,0,0,0,0,0,0,0
19,10018649925317144938,43523,86890,0,86890,0,0,43386,0,0,0,0,0,0,0,0,0,0,0,0,0,0,0,64298,0,2094,1138280,0,0,0,275151,0,14108,0,50,79,0,0,0,0,0,104259,0,0,0,0,0,neworder,95404,14108,0,0,0,0,0,4021,11,0,0,87238,4022,101348,0,0,101349,0,1840,0,0,0,0,0,0,0
19,10018649925317144938,0,0,0,0,0,0,0,0,0,0,0,0,0,0,0,0,0,0,0,0,0,0,0,0,0,0,0,0,0,0,0,0,0,51,0,0,0,0,0,0,0,0,0,0,0,0,_neworder_graveyard,0,0,0,0,0,0,0,0,0,0,0,0,0,0,0,0,0,0,0,0,0,0,0,0,0,0
19,10018649925317144938,43745,0,0,0,0,0,43168,0,0,0,0,0,0,0,0,0,0,0,0,0,0,0,0,0,4313,842065,0,0,0,190173,0,0,0,52,0,0,0,0,0,0,0,0,0,86910,0,0,order,0,0,0,0,0,0,0,4314,0,0,0,0,4314,90511,0,0,90511,0,0,0,0,0,86908,0,0,0
19,10018649925317144938,0,0,0,0,0,0,0,0,0,0,0,0,0,0,0,0,0,0,0,0,0,0,0,0,0,0,0,0,0,0,0,0,0,53,0,0,0,0,0,0,0,0,0,0,0,0,_order_graveyard,0,0,0,0,0,0,0,0,0,0,0,0,0,0,0,0,0,0,0,0,0,0,0,0,0,0
19,10018649925317144938,0,0,0,0,0,0,0,0,0,0,0,0,0,0,0,0,3601,0,0,0,0,0,0,0,1381,311742,0,0,0,100313,0,0,0,54,0,0,0,0,0,0,3601,0,0,0,0,0,order_wdc,0,0,0,0,0,0,0,1381,0,0,0,0,1381,3601,0,0,3601,0,0,0,0,0,0,0,0,0
19,10018649925317144938,0,0,0,0,0,0,0,0,0,0,0,0,0,0,0,0,0,0,0,0,0,0,0,0,0,0,0,0,0,0,0,0,0,55,0,0,0,0,0,0,0,0,0,0,0,0,_order_wdc_graveyard,0,0,0,0,0,0,0,0,0,0,0,0,0,0,0,0,0,0,0,0,0,0,0,0,0,0
19,10018649925317144938,439107,0,0,0,0,0,428870,0,0,0,0,0,0,0,0,0,0,0,0,0,0,0,99758,0,58719,7697893,0,0,0,1911882,0,1211,0,56,0,0,0,0,0,0,12583,0,0,868000,0,0,orderline,1814866,1211,0,0,0,0,0,59490,0,0,0,12503,59490,1827361,0,0,1827361,0,0,0,0,0,867973,0,0,0
19,10018649925317144938,0,0,0,0,0,0,0,0,0,0,0,0,0,0,0,0,0,0,0,0,0,0,0,0,0,0,0,0,0,0,0,0,0,57,0,0,0,0,0,0,0,0,0,0,0,0,_orderline_graveyard,0,0,0,0,0,0,0,0,0,0,0,0,0,0,0,0,0,0,0,0,0,0,0,0,0,0
19,10018649925317144938,0,0,0,0,0,0,0,0,0,0,0,0,0,0,0,0,0,0,0,0,0,0,0,0,0,1969956,0,0,0,0,0,0,0,58,0,0,0,0,0,0,0,0,0,0,0,0,item,0,0,0,0,0,0,0,0,0,0,0,0,0,985007,0,0,985005,0,0,0,0,0,0,0,0,0
20,10018649925317144938,0,0,0,0,0,0,0,0,0,0,0,0,0,0,0,0,0,0,0,0,0,0,0,0,0,0,0,0,0,0,0,0,0,61,0,0,0,0,0,0,0,0,0,0,0,0,_stock_graveyard,0,0,0,0,0,0,0,0,0,0,0,0,0,0,0,0,0,0,0,0,0,0,0,0,0,0
20,10018649925317144938,499261,0,0,0,0,0,486859,0,0,0,0,0,0,0,0,0,0,0,0,0,0,0,0,0,0,15063724,0,0,0,987094,0,0,0,60,0,0,0,0,0,0,1037,0,0,986146,0,0,stock,0,0,0,0,0,0,0,0,0,0,0,0,0,2778089,0,0,2778104,0,0,0,0,0,986200,0,0,0
20,10018649925317144938,0,0,0,0,0,0,0,0,0,0,0,0,0,0,0,0,0,0,0,0,0,0,0,0,0,0,0,0,0,0,0,0,0,59,0,0,0,0,0,0,0,0,0,0,0,0,_item_graveyard,0,0,0,0,0,0,0,0,0,0,0,0,0,0,0,0,0,0,0,0,0,0,0,0,0,0
20,10018649925317144938,0,0,0,0,0,0,0,0,0,0,0,0,0,0,0,0,0,0,0,0,0,0,393,0,2391,68889,0,0,0,68706,0,0,0,28,393,894,0,0,0,0,183,0,0,0,0,2741,_history_tree_14_updates,2018,0,0,0,0,0,0,5174,2741,0,0,0,7915,0,0,0,0,0,2389,0,0,0,0,0,0,0
20,10018649925317144938,0,0,0,0,0,0,0,0,0,0,0,0,0,0,0,0,0,0,0,0,0,0,1031,0,4,9353,0,0,0,9333,0,0,0,27,2591,1,0,0,0,0,20,0,0,0,0,2595,_history_tree_13_removes,3040,0,0,0,0,0,0,2599,2595,0,0,0,5194,0,0,0,0,0,4,0,0,0,0,0,0,0
20,10018649925317144938,0,0,0,0,0,0,0,0,0,0,0,0,0,0,0,0,0,0,0,0,0,0,345,0,2361,67868,0,0,0,67656,0,0,0,26,345,807,0,0,0,0,209,0,0,0,0,2688,_history_tree_13_updates,2026,0,0,0,0,0,0,5067,2688,0,0,0,7755,0,0,0,0,0,2361,0,0,0,0,0,0,0
20,10018649925317144938,0,0,0,0,0,0,0,0,0,0,0,0,0,0,0,0,0,0,0,0,0,0,1005,0,7,9204,0,0,0,9184,0,0,0,25,2679,3,0,0,0,0,20,0,0,0,0,2685,_history_tree_12_removes,3133,0,0,0,0,0,0,2692,2685,0,0,0,5377,0,0,0,0,0,7,0,0,0,0,0,0,0
20,10018649925317144938,0,0,0,0,0,0,0,0,0,0,0,0,0,0,0,0,0,0,0,0,0,0,325,0,2352,67482,0,0,0,67250,0,0,0,24,325,749,0,0,0,0,230,0,0,0,0,2667,_history_tree_12_updates,2058,0,0,0,0,0,0,5030,2667,0,0,0,7697,0,0,0,0,0,2352,0,0,0,0,0,0,0
20,10018649925317144938,0,0,0,0,0,0,0,0,0,0,0,0,0,0,0,0,0,0,0,0,0,0,998,0,5,9031,0,0,0,9010,0,0,0,23,2634,1,0,0,0,0,21,0,0,0,0,2639,_history_tree_11_removes,3109,0,0,0,0,0,0,2644,2639,0,0,0,5283,0,0,0,0,0,5,0,0,0,0,0,0,0
20,10018649925317144938,0,0,0,0,0,0,0,0,0,0,0,0,0,0,0,0,0,0,0,0,0,0,349,0,2347,67206,0,0,0,67004,0,0,0,22,349,779,0,0,0,0,204,0,0,0,0,2690,_history_tree_11_updates,2050,0,0,0,0,0,0,5044,2690,0,0,0,7734,0,0,0,0,0,2347,0,0,0,0,0,0,0
20,10018649925317144938,0,0,0,0,0,0,0,0,0,0,0,0,0,0,0,0,0,0,0,0,0,0,1082,0,2,9323,0,0,0,9308,0,0,0,21,2661,0,0,0,0,0,15,0,0,0,0,2664,_history_tree_10_removes,3111,0,0,0,0,0,0,2666,2664,0,0,0,5330,0,0,0,0,0,2,0,0,0,0,0,0,0
20,10018649925317144938,0,0,0,0,0,0,0,0,0,0,0,0,0,0,0,0,0,0,0,0,0,0,306,0,2350,67543,0,0,0,67342,0,0,0,20,307,729,0,0,0,0,200,0,0,0,0,2656,_history_tree_10_updates,2042,0,0,0,0,0,0,5005,2655,0,0,0,7660,0,0,0,0,0,2348,0,0,0,0,0,0,0
20,10018649925317144938,0,0,0,0,0,0,0,0,0,0,0,0,0,0,0,0,0,0,0,0,0,0,1114,0,4,9619,0,0,0,9599,0,0,0,19,2603,1,0,0,0,0,20,0,0,0,0,2607,_history_tree_9_removes,3061,0,0,0,0,0,0,2611,2607,0,0,0,5218,0,0,0,0,0,4,0,0,0,0,0,0,0
20,10018649925317144938,0,0,0,0,0,0,0,0,0,0,0,0,0,0,0,0,0,0,0,0,0,0,346,0,2386,68848,0,0,0,68626,0,0,0,18,346,841,0,0,0,0,223,0,0,0,0,2728,_history_tree_9_updates,2011,0,0,0,0,0,0,5115,2728,0,0,0,7843,0,0,0,0,0,2382,0,0,0,0,0,0,0
20,10018649925317144938,0,0,0,0,0,0,0,0,0,0,0,0,0,0,0,0,0,0,0,0,0,0,982,0,7,9040,0,0,0,9014,0,0,0,17,2687,2,0,0,0,0,26,0,0,0,0,2694,_history_tree_8_removes,3129,0,0,0,0,0,0,2701,2694,0,0,0,5397,0,0,0,0,0,7,0,0,0,0,0,0,0
20,10018649925317144938,0,0,0,0,0,0,0,0,0,0,0,0,0,0,0,0,0,0,0,0,0,0,301,0,2347,67030,0,0,0,66836,0,0,0,16,301,736,0,0,0,0,193,0,0,0,0,2647,_history_tree_8_updates,2030,0,0,0,0,0,0,4994,2647,0,0,0,7641,0,0,0,0,0,2346,0,0,0,0,0,0,0
20,10018649925317144938,0,0,0,0,0,0,0,0,0,0,0,0,0,0,0,0,0,0,0,0,0,0,972,0,13,9368,0,0,0,9355,0,0,0,15,2501,5,0,0,0,0,13,0,0,0,0,2514,_history_tree_7_removes,2932,0,0,0,0,0,0,2527,2514,0,0,0,5041,0,0,0,0,0,13,0,0,0,0,0,0,0
20,10018649925317144938,0,0,0,0,0,0,0,0,0,0,0,0,0,0,0,0,0,0,0,0,0,0,362,0,2388,68432,0,0,0,68247,0,0,0,14,362,901,0,0,0,0,185,0,0,0,0,2674,_history_tree_7_updates,1969,0,0,0,0,0,0,5140,2674,0,0,0,7814,0,0,0,0,0,2390,0,0,0,0,0,0,0
20,10018649925317144938,0,0,0,0,0,0,0,0,0,0,0,0,0,0,0,0,0,0,0,0,0,0,1007,0,4,9066,0,0,0,9052,0,0,0,13,2634,2,0,0,0,0,14,0,0,0,0,2639,_history_tree_6_removes,3094,0,0,0,0,0,0,2643,2639,0,0,0,5282,0,0,0,0,0,4,0,0,0,0,0,0,0
20,10018649925317144938,0,0,0,0,0,0,0,0,0,0,0,0,0,21374724,22119547,0,0,0,0,0,0,0,336,0,2335,66867,0,0,0,66665,0,0,0,0,336,786,0,0,0,0,199,0,0,0,0,2660,_history_tree_0_updates,2005,0,1478693,0,0,0,0,5007,2660,0,0,0,7667,0,0,0,0,0,2337,0,0,0,0,692989,0,0
20,10018649925317144938,0,0,0,0,0,0,0,0,0,0,0,0,0,0,0,0,0,0,0,0,0,0,986,0,4,9126,0,0,0,9114,0,0,0,1,2571,1,0,0,0,0,12,0,0,0,0,2575,_history_tree_0_removes,3014,0,0,0,0,0,0,2578,2574,0,0,0,5152,0,0,0,0,0,4,0,0,0,0,0,0,0
20,10018649925317144938,0,0,0,0,0,0,0,0,0,0,0,0,0,0,0,0,0,0,0,0,0,0,339,0,2360,67275,0,0,0,67081,0,0,0,2,339,853,0,0,0,0,195,0,0,0,0,2674,_history_tree_1_updates,1977,0,0,0,0,0,0,5060,2674,0,0,0,7734,0,0,0,0,0,2361,0,0,0,0,0,0,0
20,10018649925317144938,0,0,0,0,0,0,0,0,0,0,0,0,0,0,0,0,0,0,0,0,0,0,940,0,6,8955,0,0,0,8941,0,0,0,3,2559,2,0,0,0,0,14,0,0,0,0,2565,_history_tree_1_removes,3010,0,0,0,0,0,0,2571,2565,0,0,0,5136,0,0,0,0,0,6,0,0,0,0,0,0,0
20,10018649925317144938,0,0,0,0,0,0,0,0,0,0,0,0,0,0,0,0,0,0,0,0,0,0,354,0,2342,66747,0,0,0,66572,0,0,0,4,354,777,0,0,0,0,175,0,0,0,0,2688,_history_tree_2_updates,2044,0,0,0,0,0,0,5040,2688,0,0,0,7728,0,0,0,0,0,2344,0,0,0,0,0,0,0
20,10018649925317144938,0,0,0,0,0,0,0,0,0,0,0,0,0,0,0,0,0,0,0,0,0,0,957,0,5,8890,0,0,0,8878,0,0,0,5,2647,3,0,0,0,0,12,0,0,0,0,2652,_history_tree_2_removes,3096,0,0,0,0,0,0,2657,2652,0,0,0,5309,0,0,0,0,0,5,0,0,0,0,0,0,0
20,10018649925317144938,0,0,0,0,0,0,0,0,0,0,0,0,0,0,0,0,0,0,0,0,0,0,366,0,2334,66730,0,0,0,66521,0,0,0,6,366,808,0,0,0,0,209,0,0,0,0,2663,_history_tree_3_updates,2038,0,0,0,0,0,0,5034,2663,0,0,0,7697,0,0,0,0,0,2334,0,0,0,0,0,0,0
20,10018649925317144938,0,0,0,0,0,0,0,0,0,0,0,0,0,0,0,0,0,0,0,0,0,0,987,0,5,9002,0,0,0,8989,0,0,0,7,2591,3,0,0,0,0,13,0,0,0,0,2597,_history_tree_3_removes,3060,0,0,0,0,0,0,2602,2597,0,0,0,5199,0,0,0,0,0,5,0,0,0,0,0,0,0
20,10018649925317144938,0,0,0,0,0,0,0,0,0,0,0,0,0,0,0,0,0,0,0,0,0,0,323,0,2361,68204,0,0,0,67999,0,0,0,8,323,786,0,0,0,0,205,0,0,0,0,2672,_history_tree_4_updates,2033,0,0,0,0,0,0,5048,2672,0,0,0,7720,0,0,0,0,0,2364,0,0,0,0,0,0,0
20,10018649925317144938,0,0,0,0,0,0,0,0,0,0,0,0,0,0,0,0,0,0,0,0,0,0,1071,0,4,9525,0,0,0,9507,0,0,0,9,2620,1,0,0,0,0,18,0,0,0,0,2624,_history_tree_4_removes,3085,0,0,0,0,0,0,2628,2624,0,0,0,5252,0,0,0,0,0,4,0,0,0,0,0,0,0
20,10018649925317144938,0,0,0,0,0,0,0,0,0,0,0,0,0,0,0,0,0,0,0,0,0,0,356,0,2385,68204,0,0,0,68003,0,0,0,10,358,835,0,0,0,0,203,0,0,0,0,2732,_history_tree_5_updates,2037,0,0,0,0,0,0,5129,2732,0,0,0,7861,0,0,0,0,0,2386,0,0,0,0,0,0,0
20,10018649925317144938,0,0,0,0,0,0,0,0,0,0,0,0,0,0,0,0,0,0,0,0,0,0,977,0,5,9192,0,0,0,9181,0,0,0,11,2626,1,0,0,0,0,11,0,0,0,0,2631,_history_tree_5_removes,3080,0,0,0,0,0,0,2636,2631,0,0,0,5267,0,0,0,0,0,5,0,0,0,0,0,0,0
20,10018649925317144938,0,0,0,0,0,0,0,0,0,0,0,0,0,0,0,0,0,0,0,0,0,0,358,0,2307,66192,0,0,0,65982,0,0,0,12,358,766,0,0,0,0,209,0,0,0,0,2608,_history_tree_6_updates,2017,0,0,0,0,0,0,4970,2608,0,0,0,7578,0,0,0,0,0,2306,0,0,0,0,0,0,0
20,10018649925317144938,0,0,0,0,0,0,0,0,0,0,0,0,0,0,0,0,0,0,0,0,0,0,1045,0,9,9630,0,0,0,9610,0,0,0,29,2531,5,0,0,0,0,20,0,0,0,0,2540,_history_tree_14_removes,2982,0,0,0,0,0,0,2549,2540,0,0,0,5089,0,0,0,0,0,9,0,0,0,0,0,0,0
20,10018649925317144938,0,0,0,0,0,0,0,0,0,0,0,0,0,0,0,0,0,0,0,0,0,0,299,0,2339,66979,0,0,0,66785,0,0,0,30,299,791,0,0,0,0,194,0,0,0,0,2638,_history_tree_15_updates,1962,0,0,0,0,0,0,4977,2638,0,0,0,7615,0,0,0,0,0,2339,0,0,0,0,0,0,0
20,10018649925317144938,0,0,0,0,0,0,0,0,0,0,0,0,0,0,0,0,0,0,0,0,0,0,988,0,6,9054,0,0,0,9038,0,0,0,31,2535,1,0,0,0,0,16,0,0,0,0,2541,_history_tree_15_removes,2986,0,0,0,0,0,0,2547,2541,0,0,0,5088,0,0,0,0,0,6,0,0,0,0,0,0,0
20,10018649925317144938,0,0,0,0,0,0,0,0,0,0,0,0,0,0,0,0,0,0,0,0,0,0,339,0,2357,67286,0,0,0,67099,0,0,0,32,339,779,0,0,0,0,186,0,0,0,0,2698,_history_tree_16_updates,2036,0,0,0,0,0,0,5055,2698,0,0,0,7751,0,0,0,0,0,2358,0,0,0,0,0,0,0
20,10018649925317144938,0,0,0,0,0,0,0,0,0,0,0,0,0,0,0,0,0,0,0,0,0,0,996,0,5,9066,0,0,0,9055,0,0,0,33,2652,1,0,0,0,0,11,0,0,0,0,2657,_history_tree_16_removes,3084,0,0,0,0,0,0,2662,2657,0,0,0,5319,0,0,0,0,0,5,0,0,0,0,0,0,0
20,10018649925317144938,0,0,0,0,0,0,0,0,0,0,0,0,0,0,0,0,0,0,0,0,0,0,346,0,2376,144926,0,0,0,72275,0,0,0,34,10474,2721,0,0,0,0,188,0,0,0,0,6296,_history_tree_17_updates,3934,0,0,0,0,0,0,15230,12597,0,0,0,21518,0,0,0,0,0,2374,0,0,0,0,0,0,0
20,10018649925317144938,0,0,0,0,0,0,0,0,0,0,0,0,0,0,0,0,0,0,0,0,0,0,857,0,19,9264,0,0,0,9253,0,0,0,35,2435,13,0,0,0,0,11,0,0,0,0,2454,_history_tree_17_removes,2845,0,0,0,0,0,0,2473,2454,0,0,0,4927,0,0,0,0,0,19,0,0,0,0,0,0,0
20,10018649925317144938,0,0,0,0,0,0,0,0,0,0,0,0,0,0,0,0,0,0,0,0,0,0,344,0,2374,68215,0,0,0,68018,0,0,0,36,344,841,0,0,0,0,191,0,0,0,0,2716,_history_tree_18_updates,1990,0,0,0,0,0,0,5093,2716,0,0,0,7809,0,0,0,0,0,2375,0,0,0,0,0,0,0
20,10018649925317144938,0,0,0,0,0,0,0,0,0,0,0,0,0,0,0,0,0,0,0,0,0,0,1060,0,5,9434,0,0,0,9419,0,0,0,37,2619,1,0,0,0,0,15,0,0,0,0,2624,_history_tree_18_removes,3048,0,0,0,0,0,0,2629,2624,0,0,0,5253,0,0,0,0,0,5,0,0,0,0,0,0,0
20,10018649925317144938,0,0,0,0,0,0,0,0,0,0,0,0,0,0,0,0,0,0,0,0,0,0,349,0,2385,68204,0,0,0,67983,0,0,0,38,349,861,0,0,0,0,221,0,0,0,0,2679,_history_tree_19_updates,1996,0,0,0,0,0,0,5120,2679,0,0,0,7799,0,0,0,0,0,2386,0,0,0,0,0,0,0
20,10018649925317144938,0,0,0,0,0,0,0,0,0,0,0,0,0,0,0,0,0,0,0,0,0,0,987,0,6,9227,0,0,0,9212,0,0,0,39,2554,3,0,0,0,0,15,0,0,0,0,2560,_history_tree_19_removes,2996,0,0,0,0,0,0,2565,2559,0,0,0,5124,0,0,0,0,0,6,0,0,0,0,0,0,0
20,10018649925317144938,48926,0,0,0,0,0,45749,0,0,0,0,0,0,0,0,0,0,0,0,0,0,0,0,0,0,294809,0,0,0,96591,0,0,0,40,0,0,0,0,0,0,2033,0,0,94686,0,0,warehouse,0,0,0,0,0,0,0,0,0,0,0,0,0,195531,0,0,195531,0,0,0,0,0,94687,0,0,0
20,10018649925317144938,0,0,0,0,0,0,0,0,0,0,0,0,0,0,0,0,0,0,0,0,0,0,0,0,0,0,0,0,0,0,0,0,0,41,0,0,0,0,0,0,0,0,0,0,0,0,_warehouse_graveyard,0,0,0,0,0,0,0,0,0,0,0,0,0,0,0,0,0,0,0,0,0,0,0,0,0,0
20,10018649925317144938,97240,0,0,0,0,0,95309,0,0,0,0,0,0,0,0,0,0,0,0,0,0,0,0,0,0,299269,0,0,0,194626,0,0,0,42,0,0,0,0,0,0,923,0,0,192540,0,0,district,0,0,0,0,0,0,0,0,0,0,0,0,0,103632,0,0,103631,0,0,0,0,0,192527,0,0,0
20,10018649925317144938,0,0,0,0,0,0,0,0,0,0,0,0,0,0,0,0,0,0,0,0,0,0,0,0,0,0,0,0,0,0,0,0,0,43,0,0,0,0,0,0,0,0,0,0,0,0,_district_graveyard,0,0,0,0,0,0,0,0,0,0,0,0,0,0,0,0,0,0,0,0,0,0,0,0,0,0
20,10018649925317144938,63245,0,0,0,0,0,59696,0,0,0,0,0,0,0,0,0,0,0,0,0,0,0,0,0,0,791285,0,0,0,122944,0,0,0,44,0,0,0,0,0,0,11,0,0,122940,0,0,customer,0,0,0,0,0,0,0,0,0,0,0,0,0,140810,0,0,140810,0,0,0,0,0,122949,0,0,0
20,10018649925317144938,0,0,0,0,0,0,0,0,0,0,0,0,0,0,0,0,0,0,0,0,0,0,0,0,0,0,0,0,0,0,0,0,0,45,0,0,0,0,0,0,0,0,0,0,0,0,_customer_graveyard,0,0,0,0,0,0,0,0,0,0,0,0,0,0,0,0,0,0,0,0,0,0,0,0,0,0
20,10018649925317144938,0,0,0,0,0,0,0,0,0,0,0,0,0,0,0,0,0,0,0,0,0,0,0,0,0,185049,0,0,0,0,0,0,0,46,0,0,0,0,0,0,61684,0,0,0,0,0,customerwdl,0,0,0,0,0,0,0,0,0,0,0,61686,0,61686,0,0,61685,0,0,0,0,0,0,0,0,0
20,10018649925317144938,0,0,0,0,0,0,0,0,0,0,0,0,0,0,0,0,0,0,0,0,0,0,0,0,0,0,0,0,0,0,0,0,0,47,0,0,0,0,0,0,0,0,0,0,0,0,_customerwdl_graveyard,0,0,0,0,0,0,0,0,0,0,0,0,0,0,0,0,0,0,0,0,0,0,0,0,0,0
20,10018649925317144938,0,0,0,0,0,0,0,0,0,0,0,0,0,0,0,0,0,0,0,0,0,0,0,0,2229,119022,0,0,0,39674,0,0,0,48,0,0,0,0,0,0,0,0,0,0,0,0,history,0,0,0,0,0,0,0,2254,0,0,0,0,2254,0,0,0,0,0,0,0,0,0,0,0,0,0
20,10018649925317144938,0,0,0,0,0,0,0,0,0,0,0,0,0,0,0,0,0,0,0,0,0,0,0,0,0,0,0,0,0,0,0,0,0,49,0,0,0,0,0,0,0,0,0,0,0,0,_history_graveyard,0,0,0,0,0,0,0,0,0,0,0,0,0,0,0,0,0,0,0,0,0,0,0,0,0,0
20,10018649925317144938,42806,85500,0,85500,0,0,42714,0,0,0,0,0,0,0,0,0,0,0,0,0,0,0,63456,0,2086,1126194,0,0,0,272275,0,9846,0,50,80,0,0,0,0,0,103109,0,0,0,0,0,neworder,90564,9847,0,0,0,0,0,3968,10,0,0,85832,3969,95678,0,0,95679,0,1799,0,0,0,0,0,0,0
20,10018649925317144938,0,0,0,0,0,0,0,0,0,0,0,0,0,0,0,0,0,0,0,0,0,0,0,0,0,0,0,0,0,0,0,0,0,51,0,0,0,0,0,0,0,0,0,0,0,0,_neworder_graveyard,0,0,0,0,0,0,0,0,0,0,0,0,0,0,0,0,0,0,0,0,0,0,0,0,0,0
20,10018649925317144938,43043,0,0,0,0,0,42473,0,0,0,0,0,0,0,0,0,0,0,0,0,0,0,0,0,4309,833310,0,0,0,188680,0,0,0,52,0,0,0,0,0,0,0,0,0,85515,0,0,order,0,0,0,0,0,0,0,4312,0,0,0,0,4312,89090,0,0,89090,0,0,0,0,0,85517,0,0,0
20,10018649925317144938,0,0,0,0,0,0,0,0,0,0,0,0,0,0,0,0,0,0,0,0,0,0,0,0,0,0,0,0,0,0,0,0,0,53,0,0,0,0,0,0,0,0,0,0,0,0,_order_graveyard,0,0,0,0,0,0,0,0,0,0,0,0,0,0,0,0,0,0,0,0,0,0,0,0,0,0
20,10018649925317144938,0,0,0,0,0,0,0,0,0,0,0,0,0,0,0,0,3577,0,0,0,0,0,0,0,1346,311316,0,0,0,100194,0,0,0,54,0,0,0,0,0,0,3578,0,0,0,0,0,order_wdc,0,0,0,0,0,0,0,1347,0,0,0,0,1347,3578,0,0,3578,0,0,0,0,0,0,0,0,0
20,10018649925317144938,0,0,0,0,0,0,0,0,0,0,0,0,0,0,0,0,0,0,0,0,0,0,0,0,0,0,0,0,0,0,0,0,0,55,0,0,0,0,0,0,0,0,0,0,0,0,_order_wdc_graveyard,0,0,0,0,0,0,0,0,0,0,0,0,0,0,0,0,0,0,0,0,0,0,0,0,0,0
20,10018649925317144938,432011,0,0,0,0,0,421966,0,0,0,0,0,0,0,0,0,0,0,0,0,0,0,100625,0,58745,7643714,0,0,0,1898319,0,1004,0,56,0,0,0,0,0,0,12618,0,0,853966,0,0,orderline,1828156,1004,0,0,0,0,0,59524,0,0,0,12538,59525,1840743,0,0,1840757,0,0,0,0,0,853993,0,0,0
20,10018649925317144938,0,0,0,0,0,0,0,0,0,0,0,0,0,0,0,0,0,0,0,0,0,0,0,0,0,0,0,0,0,0,0,0,0,57,0,0,0,0,0,0,0,0,0,0,0,0,_orderline_graveyard,0,0,0,0,0,0,0,0,0,0,0,0,0,0,0,0,0,0,0,0,0,0,0,0,0,0
20,10018649925317144938,0,0,0,0,0,0,0,0,0,0,0,0,0,0,0,0,0,0,0,0,0,0,0,0,0,1971030,0,0,0,0,0,0,0,58,0,0,0,0,0,0,0,0,0,0,0,0,item,0,0,0,0,0,0,0,0,0,0,0,0,0,985455,0,0,985451,0,0,0,0,0,0,0,0,0
21,10018649925317144938,0,0,0,0,0,0,0,0,0,0,0,0,0,0,0,0,0,0,0,0,0,0,0,0,0,0,0,0,0,0,0,0,0,61,0,0,0,0,0,0,0,0,0,0,0,0,_stock_graveyard,0,0,0,0,0,0,0,0,0,0,0,0,0,0,0,0,0,0,0,0,0,0,0,0,0,0
21,10018649925317144938,503373,0,0,0,0,0,491113,0,0,0,0,0,0,0,0,0,0,0,0,0,0,0,0,0,0,15211826,0,0,0,995494,0,0,0,60,0,0,0,0,0,0,1217,0,0,994438,0,0,stock,0,0,0,0,0,0,0,0,0,0,0,0,0,2806062,0,0,2806047,0,0,0,0,0,994409,0,0,0
21,10018649925317144938,0,0,0,0,0,0,0,0,0,0,0,0,0,0,0,0,0,0,0,0,0,0,0,0,0,0,0,0,0,0,0,0,0,59,0,0,0,0,0,0,0,0,0,0,0,0,_item_graveyard,0,0,0,0,0,0,0,0,0,0,0,0,0,0,0,0,0,0,0,0,0,0,0,0,0,0
21,10018649925317144938,0,0,0,0,0,0,0,0,0,0,0,0,0,0,0,0,0,0,0,0,0,0,350,0,2357,67436,0,0,0,67229,0,0,0,28,350,829,0,0,0,0,209,0,0,0,0,2680,_history_tree_14_updates,1989,0,0,0,0,0,0,5065,2680,0,0,0,7745,0,0,0,0,0,2358,0,0,0,0,0,0,0
21,10018649925317144938,0,0,0,0,0,0,0,0,0,0,0,0,0,0,0,0,0,0,0,0,0,0,1021,0,6,9118,0,0,0,9106,0,0,0,27,2621,3,0,0,0,0,12,0,0,0,0,2627,_history_tree_13_removes,3061,0,0,0,0,0,0,2633,2627,0,0,0,5260,0,0,0,0,0,6,0,0,0,0,0,0,0
21,10018649925317144938,0,0,0,0,0,0,0,0,0,0,0,0,0,0,0,0,0,0,0,0,0,0,342,0,2365,67699,0,0,0,67465,0,0,0,26,342,821,0,0,0,0,233,0,0,0,0,2688,_history_tree_13_updates,2006,0,0,0,0,0,0,5072,2688,0,0,0,7760,0,0,0,0,0,2365,0,0,0,0,0,0,0
21,10018649925317144938,0,0,0,0,0,0,0,0,0,0,0,0,0,0,0,0,0,0,0,0,0,0,1030,0,8,9628,0,0,0,9613,0,0,0,25,2573,4,0,0,0,0,15,0,0,0,0,2581,_history_tree_12_removes,3024,0,0,0,0,0,0,2590,2582,0,0,0,5172,0,0,0,0,0,8,0,0,0,0,0,0,0
21,10018649925317144938,0,0,0,0,0,0,0,0,0,0,0,0,0,0,0,0,0,0,0,0,0,0,377,0,2386,68835,0,0,0,68647,0,0,0,24,377,857,0,0,0,0,186,0,0,0,0,2739,_history_tree_12_updates,2023,0,0,0,0,0,0,5147,2739,0,0,0,7886,0,0,0,0,0,2385,0,0,0,0,0,0,0
21,10018649925317144938,0,0,0,0,0,0,0,0,0,0,0,0,0,0,0,0,0,0,0,0,0,0,1017,0,6,9256,0,0,0,9241,0,0,0,23,2571,3,0,0,0,0,15,0,0,0,0,2577,_history_tree_11_removes,3031,0,0,0,0,0,0,2583,2577,0,0,0,5160,0,0,0,0,0,6,0,0,0,0,0,0,0
21,10018649925317144938,0,0,0,0,0,0,0,0,0,0,0,0,0,0,0,0,0,0,0,0,0,0,351,0,2373,68137,0,0,0,67925,0,0,0,22,351,850,0,0,0,0,209,0,0,0,0,2688,_history_tree_11_updates,1999,0,0,0,0,0,0,5095,2688,0,0,0,7783,0,0,0,0,0,2372,0,0,0,0,0,0,0
21,10018649925317144938,0,0,0,0,0,0,0,0,0,0,0,0,0,0,0,0,0,0,0,0,0,0,971,0,5,9092,0,0,0,9083,0,0,0,21,2660,1,0,0,0,0,9,0,0,0,0,2664,_history_tree_10_removes,3094,0,0,0,0,0,0,2669,2664,0,0,0,5333,0,0,0,0,0,5,0,0,0,0,0,0,0
21,10018649925317144938,0,0,0,0,0,0,0,0,0,0,0,0,0,0,0,0,0,0,0,0,0,0,352,0,2372,67864,0,0,0,67621,0,0,0,20,352,806,0,0,0,0,243,0,0,0,0,2722,_history_tree_10_updates,2040,0,0,0,0,0,0,5098,2722,0,0,0,7820,0,0,0,0,0,2374,0,0,0,0,0,0,0
21,10018649925317144938,0,0,0,0,0,0,0,0,0,0,0,0,0,0,0,0,0,0,0,0,0,0,993,0,5,9233,0,0,0,9217,0,0,0,19,2618,2,0,0,0,0,16,0,0,0,0,2623,_history_tree_9_removes,3051,0,0,0,0,0,0,2628,2623,0,0,0,5253,0,0,0,0,0,5,0,0,0,0,0,0,0
21,10018649925317144938,0,0,0,0,0,0,0,0,0,0,0,0,0,0,0,0,0,0,0,0,0,0,368,0,2365,67622,0,0,0,67396,0,0,0,18,368,810,0,0,0,0,225,0,0,0,0,2701,_history_tree_9_updates,2050,0,0,0,0,0,0,5100,2701,0,0,0,7801,0,0,0,0,0,2368,0,0,0,0,0,0,0
21,10018649925317144938,0,0,0,0,0,0,0,0,0,0,0,0,0,0,0,0,0,0,0,0,0,0,976,0,6,9100,0,0,0,9090,0,0,0,17,2558,2,0,0,0,0,10,0,0,0,0,2564,_history_tree_8_removes,3020,0,0,0,0,0,0,2570,2564,0,0,0,5132,0,0,0,0,0,6,0,0,0,0,0,0,0
21,10018649925317144938,0,0,0,0,0,0,0,0,0,0,0,0,0,0,0,0,0,0,0,0,0,0,327,0,2364,67634,0,0,0,67444,0,0,0,16,327,815,0,0,0,0,190,0,0,0,0,2661,_history_tree_8_updates,2002,0,0,0,0,0,0,5056,2661,0,0,0,7717,0,0,0,0,0,2365,0,0,0,0,0,0,0
21,10018649925317144938,0,0,0,0,0,0,0,0,0,0,0,0,0,0,0,0,0,0,0,0,0,0,1036,0,5,9228,0,0,0,9212,0,0,0,15,2633,1,0,0,0,0,16,0,0,0,0,2638,_history_tree_7_removes,3090,0,0,0,0,0,0,2643,2638,0,0,0,5281,0,0,0,0,0,5,0,0,0,0,0,0,0
21,10018649925317144938,0,0,0,0,0,0,0,0,0,0,0,0,0,0,0,0,0,0,0,0,0,0,345,0,2352,67419,0,0,0,67206,0,0,0,14,345,805,0,0,0,0,213,0,0,0,0,2678,_history_tree_7_updates,2014,0,0,0,0,0,0,5049,2678,0,0,0,7727,0,0,0,0,0,2352,0,0,0,0,0,0,0
21,10018649925317144938,0,0,0,0,0,0,0,0,0,0,0,0,0,0,0,0,0,0,0,0,0,0,997,0,9,9180,0,0,0,9165,0,0,0,13,2611,6,0,0,0,0,15,0,0,0,0,2619,_history_tree_6_removes,3047,0,0,0,0,0,0,2628,2619,0,0,0,5247,0,0,0,0,0,9,0,0,0,0,0,0,0
21,10018649925317144938,0,0,0,0,0,0,0,0,0,0,0,0,0,21432546,22263191,0,0,0,0,0,0,0,344,0,2408,69346,0,0,0,69123,0,0,0,0,344,899,0,0,0,0,223,0,0,0,0,2703,_history_tree_0_updates,1966,0,1479620,0,0,0,0,5158,2703,0,0,0,7861,0,0,0,0,0,2406,0,0,0,0,683358,0,0
21,10018649925317144938,0,0,0,0,0,0,0,0,0,0,0,0,0,0,0,0,0,0,0,0,0,0,1026,0,10,9589,0,0,0,9570,0,0,0,1,2526,4,0,0,0,0,19,0,0,0,0,2536,_history_tree_0_removes,2975,0,0,0,0,0,0,2546,2536,0,0,0,5082,0,0,0,0,0,10,0,0,0,0,0,0,0
21,10018649925317144938,0,0,0,0,0,0,0,0,0,0,0,0,0,0,0,0,0,0,0,0,0,0,318,0,2347,67169,0,0,0,66991,0,0,0,2,318,840,0,0,0,0,176,0,0,0,0,2627,_history_tree_1_updates,1934,0,0,0,0,0,0,5011,2627,0,0,0,7638,0,0,0,0,0,2346,0,0,0,0,0,0,0
21,10018649925317144938,0,0,0,0,0,0,0,0,0,0,0,0,0,0,0,0,0,0,0,0,0,0,980,0,6,9125,0,0,0,9105,0,0,0,3,2562,2,0,0,0,0,20,0,0,0,0,2568,_history_tree_1_removes,3003,0,0,0,0,0,0,2574,2568,0,0,0,5142,0,0,0,0,0,6,0,0,0,0,0,0,0
21,10018649925317144938,0,0,0,0,0,0,0,0,0,0,0,0,0,0,0,0,0,0,0,0,0,0,386,0,2351,66985,0,0,0,66761,0,0,0,4,386,806,0,0,0,0,222,0,0,0,0,2735,_history_tree_2_updates,2029,0,0,0,0,0,0,5086,2735,0,0,0,7821,0,0,0,0,0,2349,0,0,0,0,0,0,0
21,10018649925317144938,0,0,0,0,0,0,0,0,0,0,0,0,0,0,0,0,0,0,0,0,0,0,994,0,4,8940,0,0,0,8919,0,0,0,5,2640,1,0,0,0,0,21,0,0,0,0,2645,_history_tree_2_removes,3061,0,0,0,0,0,0,2649,2645,0,0,0,5294,0,0,0,0,0,4,0,0,0,0,0,0,0
21,10018649925317144938,0,0,0,0,0,0,0,0,0,0,0,0,0,0,0,0,0,0,0,0,0,0,348,0,2374,67790,0,0,0,67577,0,0,0,6,348,833,0,0,0,0,214,0,0,0,0,2676,_history_tree_3_updates,2022,0,0,0,0,0,0,5097,2676,0,0,0,7773,0,0,0,0,0,2375,0,0,0,0,0,0,0
21,10018649925317144938,0,0,0,0,0,0,0,0,0,0,0,0,0,0,0,0,0,0,0,0,0,0,976,0,6,9130,0,0,0,9114,0,0,0,7,2594,3,0,0,0,0,16,0,0,0,0,2599,_history_tree_3_removes,3044,0,0,0,0,0,0,2605,2599,0,0,0,5204,0,0,0,0,0,6,0,0,0,0,0,0,0
21,10018649925317144938,0,0,0,0,0,0,0,0,0,0,0,0,0,0,0,0,0,0,0,0,0,0,368,0,2353,67210,0,0,0,66987,0,0,0,8,368,836,0,0,0,0,223,0,0,0,0,2675,_history_tree_4_updates,1999,0,0,0,0,0,0,5073,2675,0,0,0,7748,0,0,0,0,0,2351,0,0,0,0,0,0,0
21,10018649925317144938,0,0,0,0,0,0,0,0,0,0,0,0,0,0,0,0,0,0,0,0,0,0,969,0,9,9006,0,0,0,8994,0,0,0,9,2606,3,0,0,0,0,12,0,0,0,0,2615,_history_tree_4_removes,3047,0,0,0,0,0,0,2624,2615,0,0,0,5239,0,0,0,0,0,9,0,0,0,0,0,0,0
21,10018649925317144938,0,0,0,0,0,0,0,0,0,0,0,0,0,0,0,0,0,0,0,0,0,0,359,0,2358,67988,0,0,0,67778,0,0,0,10,357,806,0,0,0,0,208,0,0,0,0,2699,_history_tree_5_updates,2013,0,0,0,0,0,0,5069,2699,0,0,0,7768,0,0,0,0,0,2354,0,0,0,0,0,0,0
21,10018649925317144938,0,0,0,0,0,0,0,0,0,0,0,0,0,0,0,0,0,0,0,0,0,0,1074,0,5,9478,0,0,0,9467,0,0,0,11,2594,1,0,0,0,0,11,0,0,0,0,2599,_history_tree_5_removes,3043,0,0,0,0,0,0,2604,2599,0,0,0,5203,0,0,0,0,0,5,0,0,0,0,0,0,0
21,10018649925317144938,0,0,0,0,0,0,0,0,0,0,0,0,0,0,0,0,0,0,0,0,0,0,343,0,2405,68717,0,0,0,68511,0,0,0,12,343,870,0,0,0,0,206,0,0,0,0,2637,_history_tree_6_updates,1983,0,0,0,0,0,0,5153,2637,0,0,0,7790,0,0,0,0,0,2405,0,0,0,0,0,0,0
21,10018649925317144938,0,0,0,0,0,0,0,0,0,0,0,0,0,0,0,0,0,0,0,0,0,0,1029,0,5,9153,0,0,0,9145,0,0,0,29,2592,2,0,0,0,0,8,0,0,0,0,2597,_history_tree_14_removes,3020,0,0,0,0,0,0,2602,2597,0,0,0,5199,0,0,0,0,0,5,0,0,0,0,0,0,0
21,10018649925317144938,0,0,0,0,0,0,0,0,0,0,0,0,0,0,0,0,0,0,0,0,0,0,343,0,2374,68125,0,0,0,67895,0,0,0,30,343,816,0,0,0,0,231,0,0,0,0,2691,_history_tree_15_updates,2035,0,0,0,0,0,0,5092,2691,0,0,0,7783,0,0,0,0,0,2375,0,0,0,0,0,0,0
21,10018649925317144938,0,0,0,0,0,0,0,0,0,0,0,0,0,0,0,0,0,0,0,0,0,0,1031,0,7,9276,0,0,0,9262,0,0,0,31,2607,2,0,0,0,0,14,0,0,0,0,2614,_history_tree_15_removes,3082,0,0,0,0,0,0,2621,2614,0,0,0,5235,0,0,0,0,0,7,0,0,0,0,0,0,0
21,10018649925317144938,0,0,0,0,0,0,0,0,0,0,0,0,0,0,0,0,0,0,0,0,0,0,358,0,2339,66801,0,0,0,66577,0,0,0,32,358,757,0,0,0,0,225,0,0,0,0,2696,_history_tree_16_updates,2051,0,0,0,0,0,0,5036,2696,0,0,0,7732,0,0,0,0,0,2339,0,0,0,0,0,0,0
21,10018649925317144938,0,0,0,0,0,0,0,0,0,0,0,0,0,0,0,0,0,0,0,0,0,0,964,0,4,8926,0,0,0,8910,0,0,0,33,2639,1,0,0,0,0,16,0,0,0,0,2643,_history_tree_16_removes,3073,0,0,0,0,0,0,2647,2643,0,0,0,5290,0,0,0,0,0,4,0,0,0,0,0,0,0
21,10018649925317144938,0,0,0,0,0,0,0,0,0,0,0,0,0,0,0,0,0,0,0,0,0,0,373,0,2375,144944,0,0,0,72275,0,0,0,34,10473,2751,0,0,0,0,196,0,0,0,0,6292,_history_tree_17_updates,3942,0,0,0,0,0,0,15222,12578,0,0,0,21510,0,0,0,0,0,2377,0,0,0,0,0,0,0
21,10018649925317144938,0,0,0,0,0,0,0,0,0,0,0,0,0,0,0,0,0,0,0,0,0,0,879,0,19,9177,0,0,0,9164,0,0,0,35,2429,14,0,0,0,0,13,0,0,0,0,2448,_history_tree_17_removes,2862,0,0,0,0,0,0,2467,2448,0,0,0,4915,0,0,0,0,0,19,0,0,0,0,0,0,0
21,10018649925317144938,0,0,0,0,0,0,0,0,0,0,0,0,0,0,0,0,0,0,0,0,0,0,326,0,2317,65846,0,0,0,65615,0,0,0,36,326,722,0,0,0,0,231,0,0,0,0,2639,_history_tree_18_updates,2056,0,0,0,0,0,0,4961,2639,0,0,0,7600,0,0,0,0,0,2318,0,0,0,0,0,0,0
21,10018649925317144938,0,0,0,0,0,0,0,0,0,0,0,0,0,0,0,0,0,0,0,0,0,0,937,0,5,8660,0,0,0,8648,0,0,0,37,2696,1,0,0,0,0,13,0,0,0,0,2701,_history_tree_18_removes,3146,0,0,0,0,0,0,2706,2701,0,0,0,5407,0,0,0,0,0,5,0,0,0,0,0,0,0
21,10018649925317144938,0,0,0,0,0,0,0,0,0,0,0,0,0,0,0,0,0,0,0,0,0,0,312,0,2319,66291,0,0,0,66080,0,0,0,38,312,747,0,0,0,0,211,0,0,0,0,2618,_history_tree_19_updates,2011,0,0,0,0,0,0,4950,2618,0,0,0,7568,0,0,0,0,0,2318,0,0,0,0,0,0,0
21,10018649925317144938,0,0,0,0,0,0,0,0,0,0,0,0,0,0,0,0,0,0,0,0,0,0,988,0,2,8926,0,0,0,8910,0,0,0,39,2638,0,0,0,0,0,16,0,0,0,0,2640,_history_tree_19_removes,3082,0,0,0,0,0,0,2642,2640,0,0,0,5282,0,0,0,0,0,2,0,0,0,0,0,0,0
21,10018649925317144938,49320,0,0,0,0,0,45212,0,0,0,0,0,0,0,0,0,0,0,0,0,0,0,0,0,1,295319,0,0,0,96481,0,0,0,40,0,0,0,0,0,0,2089,0,0,94526,0,0,warehouse,0,0,0,0,0,0,0,1,0,0,0,0,1,196103,0,0,196104,1,0,0,0,0,94524,0,0,0
21,10018649925317144938,0,0,0,0,0,0,0,0,0,0,0,0,0,0,0,0,0,0,0,0,0,0,0,0,0,0,0,0,0,0,0,0,0,41,0,0,0,0,0,0,0,0,0,0,0,0,_warehouse_graveyard,0,0,0,0,0,0,0,0,0,0,0,0,0,0,0,0,0,0,0,0,0,0,0,0,0,0
21,10018649925317144938,97257,0,0,0,0,0,95871,0,0,0,0,0,0,0,0,0,0,0,0,0,0,0,0,0,1,299808,0,0,0,195184,0,0,0,42,0,0,0,0,0,0,960,0,0,193132,0,0,district,0,0,0,0,0,0,0,1,0,0,0,0,1,103609,0,0,103609,1,0,0,0,0,193139,0,0,0
21,10018649925317144938,0,0,0,0,0,0,0,0,0,0,0,0,0,0,0,0,0,0,0,0,0,0,0,0,0,0,0,0,0,0,0,0,0,43,0,0,0,0,0,0,0,0,0,0,0,0,_district_graveyard,0,0,0,0,0,0,0,0,0,0,0,0,0,0,0,0,0,0,0,0,0,0,0,0,0,0
21,10018649925317144938,62968,0,0,0,0,0,59451,0,0,0,0,0,0,0,0,0,0,0,0,0,0,0,0,0,0,792269,0,0,0,122417,0,0,0,44,0,0,0,0,0,0,10,0,0,122415,0,0,customer,0,0,0,0,0,0,0,0,0,0,0,0,0,141660,0,0,141659,0,0,0,0,0,122408,0,0,0
21,10018649925317144938,0,0,0,0,0,0,0,0,0,0,0,0,0,0,0,0,0,0,0,0,0,0,0,0,0,0,0,0,0,0,0,0,0,45,0,0,0,0,0,0,0,0,0,0,0,0,_customer_graveyard,0,0,0,0,0,0,0,0,0,0,0,0,0,0,0,0,0,0,0,0,0,0,0,0,0,0
21,10018649925317144938,0,0,0,0,0,0,0,0,0,0,0,0,0,0,0,0,0,0,0,0,0,0,0,0,0,183896,0,0,0,0,0,0,0,46,0,0,0,0,0,0,61298,0,0,0,0,0,customerwdl,0,0,0,0,0,0,0,0,0,0,0,61296,0,61296,0,0,61297,0,0,0,0,0,0,0,0,0
21,10018649925317144938,0,0,0,0,0,0,0,0,0,0,0,0,0,0,0,0,0,0,0,0,0,0,0,0,0,0,0,0,0,0,0,0,0,47,0,0,0,0,0,0,0,0,0,0,0,0,_customerwdl_graveyard,0,0,0,0,0,0,0,0,0,0,0,0,0,0,0,0,0,0,0,0,0,0,0,0,0,0
21,10018649925317144938,0,0,0,0,0,0,0,0,0,0,0,0,0,0,0,0,0,0,0,0,0,0,0,0,2238,119613,0,0,0,39871,0,0,0,48,0,0,0,0,0,0,0,0,0,0,0,0,history,0,0,0,0,0,0,0,2263,0,0,0,0,2263,0,0,0,0,0,0,0,0,0,0,0,0,0
21,10018649925317144938,0,0,0,0,0,0,0,0,0,0,0,0,0,0,0,0,0,0,0,0,0,0,0,0,0,0,0,0,0,0,0,0,0,49,0,0,0,0,0,0,0,0,0,0,0,0,_history_graveyard,0,0,0,0,0,0,0,0,0,0,0,0,0,0,0,0,0,0,0,0,0,0,0,0,0,0
21,10018649925317144938,42418,84779,0,84780,0,0,42333,0,0,0,0,0,0,0,0,0,0,0,0,0,0,0,61956,0,2095,1122247,0,0,0,271557,0,10901,0,50,84,0,0,0,0,0,102511,0,0,0,0,0,neworder,90305,10900,0,0,0,0,0,3968,10,0,0,85042,3969,95941,0,0,95940,0,1783,0,0,0,0,0,0,0
21,10018649925317144938,0,0,0,0,0,0,0,0,0,0,0,0,0,0,0,0,0,0,0,0,0,0,0,0,0,0,0,0,0,0,0,0,0,51,0,0,0,0,0,0,0,0,0,0,0,0,_neworder_graveyard,0,0,0,0,0,0,0,0,0,0,0,0,0,0,0,0,0,0,0,0,0,0,0,0,0,0
21,10018649925317144938,42778,0,0,0,0,0,41978,0,0,0,0,0,0,0,0,0,0,0,0,0,0,0,0,0,4336,831045,0,0,0,188728,0,0,0,52,0,0,0,0,0,0,0,0,0,84765,0,0,order,0,0,0,0,0,0,0,4340,0,0,0,0,4340,88298,0,0,88298,0,0,0,0,0,84770,0,0,0
21,10018649925317144938,0,0,0,0,0,0,0,0,0,0,0,0,0,0,0,0,0,0,0,0,0,0,0,0,0,0,0,0,0,0,0,0,0,53,0,0,0,0,0,0,0,0,0,0,0,0,_order_graveyard,0,0,0,0,0,0,0,0,0,0,0,0,0,0,0,0,0,0,0,0,0,0,0,0,0,0
21,10018649925317144938,0,0,0,0,0,0,0,0,0,0,0,0,0,0,0,0,3525,0,0,0,0,0,0,0,1423,313710,0,0,0,101046,0,0,0,54,0,0,0,0,0,0,3524,0,0,0,0,0,order_wdc,0,0,0,0,0,0,0,1425,0,0,0,0,1425,3524,0,0,3524,0,0,0,0,0,0,0,0,0
21,10018649925317144938,0,0,0,0,0,0,0,0,0,0,0,0,0,0,0,0,0,0,0,0,0,0,0,0,0,0,0,0,0,0,0,0,0,55,0,0,0,0,0,0,0,0,0,0,0,0,_order_wdc_graveyard,0,0,0,0,0,0,0,0,0,0,0,0,0,0,0,0,0,0,0,0,0,0,0,0,0,0
21,10018649925317144938,428813,0,0,0,0,0,419001,0,0,0,0,0,0,0,0,0,0,0,0,0,0,0,101880,0,59221,7650662,0,0,0,1899967,0,1062,0,56,0,0,0,0,0,0,12689,0,0,847778,0,0,orderline,1851415,1062,0,0,0,0,0,60033,0,0,0,12616,60033,1864023,0,0,1864022,0,0,0,0,0,847748,0,0,0
21,10018649925317144938,0,0,0,0,0,0,0,0,0,0,0,0,0,0,0,0,0,0,0,0,0,0,0,0,0,0,0,0,0,0,0,0,0,57,0,0,0,0,0,0,0,0,0,0,0,0,_orderline_graveyard,0,0,0,0,0,0,0,0,0,0,0,0,0,0,0,0,0,0,0,0,0,0,0,0,0,0
21,10018649925317144938,0,0,0,0,0,0,0,0,0,0,0,0,0,0,0,0,0,0,0,0,0,0,0,0,0,1985927,0,0,0,0,0,0,0,58,0,0,0,0,0,0,0,0,0,0,0,0,item,0,0,0,0,0,0,0,0,0,0,0,0,0,992961,0,0,992963,0,0,0,0,0,0,0,0,0
22,10018649925317144938,0,0,0,0,0,0,0,0,0,0,0,0,0,0,0,0,0,0,0,0,0,0,0,0,0,0,0,0,0,0,0,0,0,61,0,0,0,0,0,0,0,0,0,0,0,0,_stock_graveyard,0,0,0,0,0,0,0,0,0,0,0,0,0,0,0,0,0,0,0,0,0,0,0,0,0,0
22,10018649925317144938,509749,0,0,0,0,0,497928,0,0,0,0,0,0,0,0,0,0,0,0,0,0,0,0,0,0,15485610,0,0,0,1008671,0,0,0,60,0,0,0,0,0,0,1100,0,0,1007601,0,0,stock,0,0,0,0,0,0,0,0,0,0,0,0,0,2861355,0,0,2861315,0,0,0,0,0,1007523,0,0,0
22,10018649925317144938,0,0,0,0,0,0,0,0,0,0,0,0,0,0,0,0,0,0,0,0,0,0,0,0,0,0,0,0,0,0,0,0,0,59,0,0,0,0,0,0,0,0,0,0,0,0,_item_graveyard,0,0,0,0,0,0,0,0,0,0,0,0,0,0,0,0,0,0,0,0,0,0,0,0,0,0
22,10018649925317144938,0,0,0,0,0,0,0,0,0,0,0,0,0,0,0,0,0,0,0,0,0,0,352,0,2415,69236,0,0,0,69041,0,0,0,28,352,821,0,0,0,0,192,0,0,0,0,2694,_history_tree_14_updates,2040,0,0,0,0,0,0,5134,2694,0,0,0,7828,0,0,0,0,0,2368,0,0,0,0,0,0,0
22,10018649925317144938,0,0,0,0,0,0,0,0,0,0,0,0,0,0,0,0,0,0,0,0,0,0,983,0,9,9013,0,0,0,9003,0,0,0,27,2599,3,0,0,0,0,10,0,0,0,0,2607,_history_tree_13_removes,3035,0,0,0,0,0,0,2616,2607,0,0,0,5223,0,0,0,0,0,8,0,0,0,0,0,0,0
22,10018649925317144938,0,0,0,0,0,0,0,0,0,0,0,0,0,0,0,0,0,0,0,0,0,0,408,0,2392,68333,0,0,0,68123,0,0,0,26,408,820,0,0,0,0,208,0,0,0,0,2748,_history_tree_13_updates,2063,0,0,0,0,0,0,5161,2748,0,0,0,7909,0,0,0,0,0,2361,0,0,0,0,0,0,0
22,10018649925317144938,0,0,0,0,0,0,0,0,0,0,0,0,0,0,0,0,0,0,0,0,0,0,1008,0,4,9217,0,0,0,9204,0,0,0,25,2750,1,0,0,0,0,13,0,0,0,0,2754,_history_tree_12_removes,3216,0,0,0,0,0,0,2757,2753,0,0,0,5510,0,0,0,0,0,4,0,0,0,0,0,0,0
22,10018649925317144938,0,0,0,0,0,0,0,0,0,0,0,0,0,0,0,0,0,0,0,0,0,0,335,0,2391,68424,0,0,0,68175,0,0,0,24,335,752,0,0,0,0,249,0,0,0,0,2698,_history_tree_12_updates,2075,0,0,0,0,0,0,5090,2698,0,0,0,7788,0,0,0,0,0,2364,0,0,0,0,0,0,0
22,10018649925317144938,0,0,0,0,0,0,0,0,0,0,0,0,0,0,0,0,0,0,0,0,0,0,994,0,4,8807,0,0,0,8792,0,0,0,23,2644,1,0,0,0,0,15,0,0,0,0,2648,_history_tree_11_removes,3104,0,0,0,0,0,0,2652,2648,0,0,0,5300,0,0,0,0,0,4,0,0,0,0,0,0,0
22,10018649925317144938,0,0,0,0,0,0,0,0,0,0,0,0,0,0,0,0,0,0,0,0,0,0,375,0,2367,67365,0,0,0,67133,0,0,0,22,375,790,0,0,0,0,232,0,0,0,0,2717,_history_tree_11_updates,2075,0,0,0,0,0,0,5097,2717,0,0,0,7814,0,0,0,0,0,2355,0,0,0,0,0,0,0
22,10018649925317144938,0,0,0,0,0,0,0,0,0,0,0,0,0,0,0,0,0,0,0,0,0,0,1124,0,3,9593,0,0,0,9571,0,0,0,21,2650,1,0,0,0,0,22,0,0,0,0,2652,_history_tree_10_removes,3129,0,0,0,0,0,0,2655,2652,0,0,0,5307,0,0,0,0,0,2,0,0,0,0,0,0,0
22,10018649925317144938,0,0,0,0,0,0,0,0,0,0,0,0,0,0,0,0,0,0,0,0,0,0,354,0,2405,69235,0,0,0,69038,0,0,0,20,354,793,0,0,0,0,197,0,0,0,0,2723,_history_tree_10_updates,2052,0,0,0,0,0,0,5128,2723,0,0,0,7851,0,0,0,0,0,2369,0,0,0,0,0,0,0
22,10018649925317144938,0,0,0,0,0,0,0,0,0,0,0,0,0,0,0,0,0,0,0,0,0,0,1070,0,6,9478,0,0,0,9470,0,0,0,19,2594,0,0,0,0,0,8,0,0,0,0,2600,_history_tree_9_removes,3064,0,0,0,0,0,0,2606,2600,0,0,0,5204,0,0,0,0,0,6,0,0,0,0,0,0,0
22,10018649925317144938,0,0,0,0,0,0,0,0,0,0,0,0,0,0,0,0,0,0,0,0,0,0,393,0,2400,69085,0,0,0,68825,0,0,0,18,393,826,0,0,0,0,259,0,0,0,0,2772,_history_tree_9_updates,2072,0,0,0,0,0,0,5173,2772,0,0,0,7945,0,0,0,0,0,2380,0,0,0,0,0,0,0
22,10018649925317144938,0,0,0,0,0,0,0,0,0,0,0,0,0,0,0,0,0,0,0,0,0,0,1055,0,7,9483,0,0,0,9466,0,0,0,17,2630,2,0,0,0,0,17,0,0,0,0,2636,_history_tree_8_removes,3136,0,0,0,0,0,0,2643,2636,0,0,0,5279,0,0,0,0,0,6,0,0,0,0,0,0,0
22,10018649925317144938,0,0,0,0,0,0,0,0,0,0,0,0,0,0,0,0,0,0,0,0,0,0,381,0,2408,69204,0,0,0,68997,0,0,0,16,381,800,0,0,0,0,207,0,0,0,0,2729,_history_tree_8_updates,2089,0,0,0,0,0,0,5149,2729,0,0,0,7878,0,0,0,0,0,2360,0,0,0,0,0,0,0
22,10018649925317144938,0,0,0,0,0,0,0,0,0,0,0,0,0,0,0,0,0,0,0,0,0,0,1062,0,3,9278,0,0,0,9263,0,0,0,15,2716,0,0,0,0,0,15,0,0,0,0,2718,_history_tree_7_removes,3176,0,0,0,0,0,0,2721,2718,0,0,0,5439,0,0,0,0,0,2,0,0,0,0,0,0,0
22,10018649925317144938,0,0,0,0,0,0,0,0,0,0,0,0,0,0,0,0,0,0,0,0,0,0,318,0,2415,68941,0,0,0,68720,0,0,0,14,318,771,0,0,0,0,221,0,0,0,0,2679,_history_tree_7_updates,2059,0,0,0,0,0,0,5115,2679,0,0,0,7794,0,0,0,0,0,2382,0,0,0,0,0,0,0
22,10018649925317144938,0,0,0,0,0,0,0,0,0,0,0,0,0,0,0,0,0,0,0,0,0,0,1059,0,5,9561,0,0,0,9542,0,0,0,13,2602,3,0,0,0,0,19,0,0,0,0,2607,_history_tree_6_removes,3060,0,0,0,0,0,0,2612,2607,0,0,0,5219,0,0,0,0,0,5,0,0,0,0,0,0,0
22,10018649925317144938,0,0,0,0,0,0,0,0,0,0,0,0,0,21830096,22600904,0,0,0,0,0,0,0,354,0,2396,68704,0,0,0,68515,0,0,0,0,354,793,0,0,0,0,188,0,0,0,0,2707,_history_tree_0_updates,2042,0,1504339,0,0,0,0,5115,2707,0,0,0,7822,0,0,0,0,0,2365,0,0,0,0,728379,0,0
22,10018649925317144938,0,0,0,0,0,0,0,0,0,0,0,0,0,0,0,0,0,0,0,0,0,0,1016,0,6,9392,0,0,0,9376,0,0,0,1,2633,1,0,0,0,0,16,0,0,0,0,2638,_history_tree_0_removes,3081,0,0,0,0,0,0,2644,2638,0,0,0,5282,0,0,0,0,0,5,0,0,0,0,0,0,0
22,10018649925317144938,0,0,0,0,0,0,0,0,0,0,0,0,0,0,0,0,0,0,0,0,0,0,372,0,2397,68430,0,0,0,68183,0,0,0,2,372,811,0,0,0,0,246,0,0,0,0,2695,_history_tree_1_updates,2055,0,0,0,0,0,0,5124,2695,0,0,0,7819,0,0,0,0,0,2355,0,0,0,0,0,0,0
22,10018649925317144938,0,0,0,0,0,0,0,0,0,0,0,0,0,0,0,0,0,0,0,0,0,0,982,0,9,9134,0,0,0,9118,0,0,0,3,2670,2,0,0,0,0,16,0,0,0,0,2678,_history_tree_1_removes,3145,0,0,0,0,0,0,2687,2678,0,0,0,5365,0,0,0,0,0,8,0,0,0,0,0,0,0
22,10018649925317144938,0,0,0,0,0,0,0,0,0,0,0,0,0,0,0,0,0,0,0,0,0,0,352,0,2392,68131,0,0,0,67889,0,0,0,4,352,781,0,0,0,0,240,0,0,0,0,2695,_history_tree_2_updates,2026,0,0,0,0,0,0,5091,2695,0,0,0,7786,0,0,0,0,0,2347,0,0,0,0,0,0,0
22,10018649925317144938,0,0,0,0,0,0,0,0,0,0,0,0,0,0,0,0,0,0,0,0,0,0,984,0,8,9037,0,0,0,9014,0,0,0,5,2617,2,0,0,0,0,23,0,0,0,0,2623,_history_tree_2_removes,3059,0,0,0,0,0,0,2631,2623,0,0,0,5254,0,0,0,0,0,7,0,0,0,0,0,0,0
22,10018649925317144938,0,0,0,0,0,0,0,0,0,0,0,0,0,0,0,0,0,0,0,0,0,0,357,0,2381,68212,0,0,0,68009,0,0,0,6,357,787,0,0,0,0,202,0,0,0,0,2712,_history_tree_3_updates,2084,0,0,0,0,0,0,5117,2712,0,0,0,7829,0,0,0,0,0,2379,0,0,0,0,0,0,0
22,10018649925317144938,0,0,0,0,0,0,0,0,0,0,0,0,0,0,0,0,0,0,0,0,0,0,1009,0,5,9263,0,0,0,9246,0,0,0,7,2668,2,0,0,0,0,17,0,0,0,0,2673,_history_tree_3_removes,3134,0,0,0,0,0,0,2678,2673,0,0,0,5351,0,0,0,0,0,5,0,0,0,0,0,0,0
22,10018649925317144938,0,0,0,0,0,0,0,0,0,0,0,0,0,0,0,0,0,0,0,0,0,0,289,0,2429,69755,0,0,0,69513,0,0,0,8,289,767,0,0,0,0,241,0,0,0,0,2659,_history_tree_4_updates,2022,0,0,0,0,0,0,5095,2659,0,0,0,7754,0,0,0,0,0,2378,0,0,0,0,0,0,0
22,10018649925317144938,0,0,0,0,0,0,0,0,0,0,0,0,0,0,0,0,0,0,0,0,0,0,1051,0,6,9539,0,0,0,9520,0,0,0,9,2667,1,0,0,0,0,19,0,0,0,0,2671,_history_tree_4_removes,3136,0,0,0,0,0,0,2677,2671,0,0,0,5348,0,0,0,0,0,4,0,0,0,0,0,0,0
22,10018649925317144938,0,0,0,0,0,0,0,0,0,0,0,0,0,0,0,0,0,0,0,0,0,0,376,0,2401,68647,0,0,0,68419,0,0,0,10,376,800,0,0,0,0,227,0,0,0,0,2737,_history_tree_5_updates,2068,0,0,0,0,0,0,5147,2737,0,0,0,7884,0,0,0,0,0,2370,0,0,0,0,0,0,0
22,10018649925317144938,0,0,0,0,0,0,0,0,0,0,0,0,0,0,0,0,0,0,0,0,0,0,1006,0,7,9165,0,0,0,9149,0,0,0,11,2648,0,0,0,0,0,16,0,0,0,0,2654,_history_tree_5_removes,3109,0,0,0,0,0,0,2661,2654,0,0,0,5315,0,0,0,0,0,6,0,0,0,0,0,0,0
22,10018649925317144938,0,0,0,0,0,0,0,0,0,0,0,0,0,0,0,0,0,0,0,0,0,0,325,0,2380,68630,0,0,0,68400,0,0,0,12,325,813,0,0,0,0,230,0,0,0,0,2651,_history_tree_6_updates,2029,0,0,0,0,0,0,5085,2651,0,0,0,7736,0,0,0,0,0,2380,0,0,0,0,0,0,0
22,10018649925317144938,0,0,0,0,0,0,0,0,0,0,0,0,0,0,0,0,0,0,0,0,0,0,993,0,7,9308,0,0,0,9296,0,0,0,29,2595,1,0,0,0,0,12,0,0,0,0,2600,_history_tree_14_removes,3055,0,0,0,0,0,0,2607,2600,0,0,0,5207,0,0,0,0,0,5,0,0,0,0,0,0,0
22,10018649925317144938,0,0,0,0,0,0,0,0,0,0,0,0,0,0,0,0,0,0,0,0,0,0,333,0,2416,69761,0,0,0,69582,0,0,0,30,333,831,0,0,0,0,178,0,0,0,0,2675,_history_tree_15_updates,1981,0,0,0,0,0,0,5110,2675,0,0,0,7785,0,0,0,0,0,2361,0,0,0,0,0,0,0
22,10018649925317144938,0,0,0,0,0,0,0,0,0,0,0,0,0,0,0,0,0,0,0,0,0,0,1061,0,7,9685,0,0,0,9668,0,0,0,31,2568,2,0,0,0,0,17,0,0,0,0,2573,_history_tree_15_removes,3033,0,0,0,0,0,0,2580,2573,0,0,0,5153,0,0,0,0,0,5,0,0,0,0,0,0,0
22,10018649925317144938,0,0,0,0,0,0,0,0,0,0,0,0,0,0,0,0,0,0,0,0,0,0,389,0,2394,68439,0,0,0,68226,0,0,0,32,389,814,0,0,0,0,211,0,0,0,0,2762,_history_tree_16_updates,2101,0,0,0,0,0,0,5156,2762,0,0,0,7918,0,0,0,0,0,2373,0,0,0,0,0,0,0
22,10018649925317144938,0,0,0,0,0,0,0,0,0,0,0,0,0,0,0,0,0,0,0,0,0,0,1008,0,5,9283,0,0,0,9261,0,0,0,33,2638,1,0,0,0,0,22,0,0,0,0,2643,_history_tree_16_removes,3122,0,0,0,0,0,0,2648,2643,0,0,0,5291,0,0,0,0,0,5,0,0,0,0,0,0,0
22,10018649925317144938,0,0,0,0,0,0,0,0,0,0,0,0,0,0,0,0,0,0,0,0,0,0,343,0,2394,145720,0,0,0,72653,0,0,0,34,10728,2652,0,0,0,0,206,0,0,0,0,6418,_history_tree_17_updates,4088,0,0,0,0,0,0,15430,12836,0,0,0,21848,0,0,0,0,0,2309,0,0,0,0,0,0,0
22,10018649925317144938,0,0,0,0,0,0,0,0,0,0,0,0,0,0,0,0,0,0,0,0,0,0,835,0,18,9014,0,0,0,9004,0,0,0,35,2524,9,0,0,0,0,10,0,0,0,0,2539,_history_tree_17_removes,2946,0,0,0,0,0,0,2557,2539,0,0,0,5096,0,0,0,0,0,15,0,0,0,0,0,0,0
22,10018649925317144938,0,0,0,0,0,0,0,0,0,0,0,0,0,0,0,0,0,0,0,0,0,0,336,0,2399,68629,0,0,0,68424,0,0,0,36,336,767,0,0,0,0,205,0,0,0,0,2674,_history_tree_18_updates,2006,0,0,0,0,0,0,5073,2674,0,0,0,7747,0,0,0,0,0,2338,0,0,0,0,0,0,0
22,10018649925317144938,0,0,0,0,0,0,0,0,0,0,0,0,0,0,0,0,0,0,0,0,0,0,980,0,7,9128,0,0,0,9108,0,0,0,37,2615,1,0,0,0,0,19,0,0,0,0,2620,_history_tree_18_removes,3033,0,0,0,0,0,0,2627,2620,0,0,0,5247,0,0,0,0,0,5,0,0,0,0,0,0,0
22,10018649925317144938,0,0,0,0,0,0,0,0,0,0,0,0,0,0,0,0,0,0,0,0,0,0,319,0,2435,69975,0,0,0,69759,0,0,0,38,319,798,0,0,0,0,215,0,0,0,0,2645,_history_tree_19_updates,2012,0,0,0,0,0,0,5111,2645,0,0,0,7756,0,0,0,0,0,2358,0,0,0,0,0,0,0
22,10018649925317144938,0,0,0,0,0,0,0,0,0,0,0,0,0,0,0,0,0,0,0,0,0,0,1072,0,9,9597,0,0,0,9588,0,0,0,39,2613,4,0,0,0,0,9,0,0,0,0,2619,_history_tree_19_removes,3076,0,0,0,0,0,0,2628,2619,0,0,0,5247,0,0,0,0,0,6,0,0,0,0,0,0,0
22,10018649925317144938,49734,0,0,0,0,0,45844,0,0,0,0,0,0,0,0,0,0,0,0,0,0,0,0,0,1,298519,0,0,0,97649,0,0,0,40,0,0,0,0,0,0,2192,0,0,95573,0,0,warehouse,0,0,0,0,0,0,0,1,0,0,0,0,1,198060,0,0,198058,1,0,0,0,0,95572,0,0,0
22,10018649925317144938,0,0,0,0,0,0,0,0,0,0,0,0,0,0,0,0,0,0,0,0,0,0,0,0,0,0,0,0,0,0,0,0,0,41,0,0,0,0,0,0,0,0,0,0,0,0,_warehouse_graveyard,0,0,0,0,0,0,0,0,0,0,0,0,0,0,0,0,0,0,0,0,0,0,0,0,0,0
22,10018649925317144938,98409,0,0,0,0,0,96455,0,0,0,0,0,0,0,0,0,0,0,0,0,0,0,0,0,2,302960,0,0,0,197081,0,0,0,42,0,0,0,0,0,0,1042,0,0,194842,0,0,district,0,0,0,0,0,0,0,2,0,0,0,0,2,104757,0,0,104757,2,0,0,0,0,194826,0,0,0
22,10018649925317144938,0,0,0,0,0,0,0,0,0,0,0,0,0,0,0,0,0,0,0,0,0,0,0,0,0,0,0,0,0,0,0,0,0,43,0,0,0,0,0,0,0,0,0,0,0,0,_district_graveyard,0,0,0,0,0,0,0,0,0,0,0,0,0,0,0,0,0,0,0,0,0,0,0,0,0,0
22,10018649925317144938,63750,0,0,0,0,0,60493,0,0,0,0,0,0,0,0,0,0,0,0,0,0,0,0,0,0,800692,0,0,0,124267,0,0,0,44,0,0,0,0,0,0,7,0,0,124240,0,0,customer,0,0,0,0,0,0,0,0,0,0,0,0,0,142614,0,0,142614,0,0,0,0,0,124233,0,0,0
22,10018649925317144938,0,0,0,0,0,0,0,0,0,0,0,0,0,0,0,0,0,0,0,0,0,0,0,0,0,0,0,0,0,0,0,0,0,45,0,0,0,0,0,0,0,0,0,0,0,0,_customer_graveyard,0,0,0,0,0,0,0,0,0,0,0,0,0,0,0,0,0,0,0,0,0,0,0,0,0,0
22,10018649925317144938,0,0,0,0,0,0,0,0,0,0,0,0,0,0,0,0,0,0,0,0,0,0,0,0,0,187075,0,0,0,0,0,0,0,46,0,0,0,0,0,0,62356,0,0,0,0,0,customerwdl,0,0,0,0,0,0,0,0,0,0,0,62356,0,62356,0,0,62355,0,0,0,0,0,0,0,0,0
22,10018649925317144938,0,0,0,0,0,0,0,0,0,0,0,0,0,0,0,0,0,0,0,0,0,0,0,0,0,0,0,0,0,0,0,0,0,47,0,0,0,0,0,0,0,0,0,0,0,0,_customerwdl_graveyard,0,0,0,0,0,0,0,0,0,0,0,0,0,0,0,0,0,0,0,0,0,0,0,0,0,0
22,10018649925317144938,0,0,0,0,0,0,0,0,0,0,0,0,0,0,0,0,0,0,0,0,0,0,0,0,2241,119676,0,0,0,39892,0,0,0,48,0,0,0,0,0,0,0,0,0,0,0,0,history,0,0,0,0,0,0,0,2266,0,0,0,0,2266,0,0,0,0,0,0,0,0,0,0,0,0,0
22,10018649925317144938,0,0,0,0,0,0,0,0,0,0,0,0,0,0,0,0,0,0,0,0,0,0,0,0,0,0,0,0,0,0,0,0,0,49,0,0,0,0,0,0,0,0,0,0,0,0,_history_graveyard,0,0,0,0,0,0,0,0,0,0,0,0,0,0,0,0,0,0,0,0,0,0,0,0,0,0
22,10018649925317144938,43301,85101,0,85100,0,0,43213,0,0,0,0,0,0,0,0,0,0,0,0,0,0,0,62815,0,2121,1138885,0,0,0,274359,0,10777,0,50,117,0,0,0,0,0,105250,0,0,0,0,0,neworder,92004,10777,0,0,0,0,0,4031,17,0,0,86813,4032,97590,0,0,97589,0,1788,0,0,0,0,0,0,0
22,10018649925317144938,0,0,0,0,0,0,0,0,0,0,0,0,0,0,0,0,0,0,0,0,0,0,0,0,0,0,0,0,0,0,0,0,0,51,0,0,0,0,0,0,0,0,0,0,0,0,_neworder_graveyard,0,0,0,0,0,0,0,0,0,0,0,0,0,0,0,0,0,0,0,0,0,0,0,0,0,0
22,10018649925317144938,43883,0,0,0,0,0,42597,0,0,0,0,0,0,0,0,0,0,0,0,0,0,0,0,0,4436,843887,0,0,0,191198,0,0,0,52,0,0,0,0,0,0,0,0,0,86470,0,0,order,0,0,0,0,0,0,0,4512,0,0,0,0,4512,90084,0,0,90084,0,0,0,0,0,86463,0,0,0
22,10018649925317144938,0,0,0,0,0,0,0,0,0,0,0,0,0,0,0,0,0,0,0,0,0,0,0,0,0,0,0,0,0,0,0,0,0,53,0,0,0,0,0,0,0,0,0,0,0,0,_order_graveyard,0,0,0,0,0,0,0,0,0,0,0,0,0,0,0,0,0,0,0,0,0,0,0,0,0,0
22,10018649925317144938,0,0,0,0,0,0,0,0,0,0,0,0,0,0,0,0,3620,0,0,0,0,0,0,0,1374,315714,0,0,0,101616,0,0,0,54,0,0,0,0,0,0,3620,0,0,0,0,0,order_wdc,0,0,0,0,0,0,0,1375,0,0,0,0,1375,3620,0,0,3620,0,0,0,0,0,0,0,0,0
22,10018649925317144938,0,0,0,0,0,0,0,0,0,0,0,0,0,0,0,0,0,0,0,0,0,0,0,0,0,0,0,0,0,0,0,0,0,55,0,0,0,0,0,0,0,0,0,0,0,0,_order_wdc_graveyard,0,0,0,0,0,0,0,0,0,0,0,0,0,0,0,0,0,0,0,0,0,0,0,0,0,0
22,10018649925317144938,436937,0,0,0,0,0,427089,0,0,0,0,0,0,0,0,0,0,0,0,0,0,0,102996,0,59543,7740727,0,0,0,1922301,0,984,0,56,0,0,0,0,0,0,12864,0,0,864005,0,0,orderline,1872817,984,0,0,0,0,0,60350,0,0,0,12800,60349,1885551,0,0,1885538,0,0,0,0,0,863995,0,0,0
22,10018649925317144938,0,0,0,0,0,0,0,0,0,0,0,0,0,0,0,0,0,0,0,0,0,0,0,0,0,0,0,0,0,0,0,0,0,57,0,0,0,0,0,0,0,0,0,0,0,0,_orderline_graveyard,0,0,0,0,0,0,0,0,0,0,0,0,0,0,0,0,0,0,0,0,0,0,0,0,0,0
22,10018649925317144938,0,0,0,0,0,0,0,0,0,0,0,0,0,0,0,0,0,0,0,0,0,0,0,0,0,1996469,0,0,0,0,0,0,0,58,0,0,0,0,0,0,0,0,0,0,0,0,item,0,0,0,0,0,0,0,0,0,0,0,0,0,998156,0,0,998146,0,0,0,0,0,0,0,0,0
23,10018649925317144938,0,0,0,0,0,0,0,0,0,0,0,0,0,0,0,0,0,0,0,0,0,0,0,0,0,0,0,0,0,0,0,0,0,61,0,0,0,0,0,0,0,0,0,0,0,0,_stock_graveyard,0,0,0,0,0,0,0,0,0,0,0,0,0,0,0,0,0,0,0,0,0,0,0,0,0,0
23,10018649925317144938,509962,0,0,0,0,0,497127,0,0,0,0,0,0,0,0,0,0,0,0,0,0,0,0,0,0,15318957,0,0,0,1008164,0,0,0,60,0,0,0,0,0,0,1144,0,0,1007127,0,0,stock,0,0,0,0,0,0,0,0,0,0,0,0,0,2820679,0,0,2820694,0,0,0,0,0,1007178,0,0,0
23,10018649925317144938,0,0,0,0,0,0,0,0,0,0,0,0,0,0,0,0,0,0,0,0,0,0,0,0,0,0,0,0,0,0,0,0,0,59,0,0,0,0,0,0,0,0,0,0,0,0,_item_graveyard,0,0,0,0,0,0,0,0,0,0,0,0,0,0,0,0,0,0,0,0,0,0,0,0,0,0
23,10018649925317144938,0,0,0,0,0,0,0,0,0,0,0,0,0,0,0,0,0,0,0,0,0,0,384,0,2415,69469,0,0,0,69232,0,0,0,28,384,868,0,0,0,0,239,0,0,0,0,2819,_history_tree_14_updates,2096,0,0,0,0,0,0,5244,2819,0,0,0,8064,0,0,0,0,0,2445,0,0,0,0,0,0,0
23,10018649925317144938,0,0,0,0,0,0,0,0,0,0,0,0,0,0,0,0,0,0,0,0,0,0,1003,0,6,9438,0,0,0,9422,0,0,0,27,2673,3,0,0,0,0,17,0,0,0,0,2680,_history_tree_13_removes,3115,0,0,0,0,0,0,2686,2680,0,0,0,5366,0,0,0,0,0,7,0,0,0,0,0,0,0
23,10018649925317144938,0,0,0,0,0,0,0,0,0,0,0,0,0,0,0,0,0,0,0,0,0,0,383,0,2425,69451,0,0,0,69230,0,0,0,26,383,827,0,0,0,0,221,0,0,0,0,2810,_history_tree_13_updates,2106,0,0,0,0,0,0,5249,2810,0,0,0,8059,0,0,0,0,0,2441,0,0,0,0,0,0,0
23,10018649925317144938,0,0,0,0,0,0,0,0,0,0,0,0,0,0,0,0,0,0,0,0,0,0,1055,0,3,9407,0,0,0,9396,0,0,0,25,2693,1,0,0,0,0,11,0,0,0,0,2696,_history_tree_12_removes,3168,0,0,0,0,0,0,2699,2696,0,0,0,5395,0,0,0,0,0,3,0,0,0,0,0,0,0
23,10018649925317144938,0,0,0,0,0,0,0,0,0,0,0,0,0,0,0,0,0,0,0,0,0,0,363,0,2403,69005,0,0,0,68769,0,0,0,24,363,825,0,0,0,0,236,0,0,0,0,2759,_history_tree_12_updates,2085,0,0,0,0,0,0,5179,2759,0,0,0,7938,0,0,0,0,0,2413,0,0,0,0,0,0,0
23,10018649925317144938,0,0,0,0,0,0,0,0,0,0,0,0,0,0,0,0,0,0,0,0,0,0,1050,0,5,9510,0,0,0,9495,0,0,0,23,2709,1,0,0,0,0,15,0,0,0,0,2714,_history_tree_11_removes,3182,0,0,0,0,0,0,2719,2714,0,0,0,5433,0,0,0,0,0,5,0,0,0,0,0,0,0
23,10018649925317144938,0,0,0,0,0,0,0,0,0,0,0,0,0,0,0,0,0,0,0,0,0,0,334,0,2428,69602,0,0,0,69360,0,0,0,22,334,782,0,0,0,0,242,0,0,0,0,2746,_history_tree_11_updates,2111,0,0,0,0,0,0,5184,2746,0,0,0,7930,0,0,0,0,0,2422,0,0,0,0,0,0,0
23,10018649925317144938,0,0,0,0,0,0,0,0,0,0,0,0,0,0,0,0,0,0,0,0,0,0,1049,0,3,9380,0,0,0,9365,0,0,0,21,2766,0,0,0,0,0,15,0,0,0,0,2770,_history_tree_10_removes,3240,0,0,0,0,0,0,2773,2770,0,0,0,5543,0,0,0,0,0,4,0,0,0,0,0,0,0
23,10018649925317144938,0,0,0,0,0,0,0,0,0,0,0,0,0,0,0,0,0,0,0,0,0,0,373,0,2410,69050,0,0,0,68814,0,0,0,20,373,793,0,0,0,0,237,0,0,0,0,2799,_history_tree_10_updates,2131,0,0,0,0,0,0,5212,2799,0,0,0,8011,0,0,0,0,0,2428,0,0,0,0,0,0,0
23,10018649925317144938,0,0,0,0,0,0,0,0,0,0,0,0,0,0,0,0,0,0,0,0,0,0,975,0,5,9121,0,0,0,9110,0,0,0,19,2716,2,0,0,0,0,11,0,0,0,0,2721,_history_tree_9_removes,3172,0,0,0,0,0,0,2726,2721,0,0,0,5447,0,0,0,0,0,5,0,0,0,0,0,0,0
23,10018649925317144938,0,0,0,0,0,0,0,0,0,0,0,0,0,0,0,0,0,0,0,0,0,0,351,0,2397,68272,0,0,0,68069,0,0,0,18,351,802,0,0,0,0,204,0,0,0,0,2743,_history_tree_9_updates,2079,0,0,0,0,0,0,5148,2743,0,0,0,7891,0,0,0,0,0,2400,0,0,0,0,0,0,0
23,10018649925317144938,0,0,0,0,0,0,0,0,0,0,0,0,0,0,0,0,0,0,0,0,0,0,1022,0,4,9322,0,0,0,9310,0,0,0,17,2657,1,0,0,0,0,12,0,0,0,0,2662,_history_tree_8_removes,3125,0,0,0,0,0,0,2666,2662,0,0,0,5328,0,0,0,0,0,5,0,0,0,0,0,0,0
23,10018649925317144938,0,0,0,0,0,0,0,0,0,0,0,0,0,0,0,0,0,0,0,0,0,0,307,0,2399,68795,0,0,0,68556,0,0,0,16,307,836,0,0,0,0,233,0,0,0,0,2731,_history_tree_8_updates,2028,0,0,0,0,0,0,5134,2731,0,0,0,7865,0,0,0,0,0,2428,0,0,0,0,0,0,0
23,10018649925317144938,0,0,0,0,0,0,0,0,0,0,0,0,0,0,0,0,0,0,0,0,0,0,1080,0,6,9787,0,0,0,9773,0,0,0,15,2689,3,0,0,0,0,14,0,0,0,0,2696,_history_tree_7_removes,3179,0,0,0,0,0,0,2702,2696,0,0,0,5398,0,0,0,0,0,7,0,0,0,0,0,0,0
23,10018649925317144938,0,0,0,0,0,0,0,0,0,0,0,0,0,0,0,0,0,0,0,0,0,0,338,0,2419,69871,0,0,0,69670,0,0,0,14,338,826,0,0,0,0,200,0,0,0,0,2778,_history_tree_7_updates,2106,0,0,0,0,0,0,5209,2778,0,0,0,7987,0,0,0,0,0,2452,0,0,0,0,0,0,0
23,10018649925317144938,0,0,0,0,0,0,0,0,0,0,0,0,0,0,0,0,0,0,0,0,0,0,1024,0,7,9435,0,0,0,9421,0,0,0,13,2649,2,0,0,0,0,14,0,0,0,0,2655,_history_tree_6_removes,3114,0,0,0,0,0,0,2662,2655,0,0,0,5317,0,0,0,0,0,6,0,0,0,0,0,0,0
23,10018649925317144938,0,0,0,0,0,0,0,0,0,0,0,0,0,21811216,22571335,0,0,0,0,0,0,0,388,0,2379,67879,0,0,0,67651,0,0,0,0,388,845,0,0,0,0,227,0,0,0,0,2756,_history_tree_0_updates,2066,0,1512950,0,0,0,0,5163,2756,0,0,0,7919,0,0,0,0,0,2396,0,0,0,0,692266,0,0
23,10018649925317144938,0,0,0,0,0,0,0,0,0,0,0,0,0,0,0,0,0,0,0,0,0,0,988,0,7,9104,0,0,0,9090,0,0,0,1,2578,2,0,0,0,0,14,0,0,0,0,2586,_history_tree_0_removes,3037,0,0,0,0,0,0,2593,2586,0,0,0,5179,0,0,0,0,0,8,0,0,0,0,0,0,0
23,10018649925317144938,0,0,0,0,0,0,0,0,0,0,0,0,0,0,0,0,0,0,0,0,0,0,328,0,2445,70636,0,0,0,70420,0,0,0,2,329,876,0,0,0,0,214,0,0,0,0,2792,_history_tree_1_updates,2060,0,0,0,0,0,0,5239,2792,0,0,0,8031,0,0,0,0,0,2465,0,0,0,0,0,0,0
23,10018649925317144938,0,0,0,0,0,0,0,0,0,0,0,0,0,0,0,0,0,0,0,0,0,0,1096,0,8,9989,0,0,0,9978,0,0,0,3,2667,3,0,0,0,0,11,0,0,0,0,2675,_history_tree_1_removes,3162,0,0,0,0,0,0,2683,2675,0,0,0,5358,0,0,0,0,0,8,0,0,0,0,0,0,0
23,10018649925317144938,0,0,0,0,0,0,0,0,0,0,0,0,0,0,0,0,0,0,0,0,0,0,392,0,2414,69143,0,0,0,68935,0,0,0,4,392,884,0,0,0,0,208,0,0,0,0,2820,_history_tree_2_updates,2093,0,0,0,0,0,0,5248,2820,0,0,0,8068,0,0,0,0,0,2442,0,0,0,0,0,0,0
23,10018649925317144938,0,0,0,0,0,0,0,0,0,0,0,0,0,0,0,0,0,0,0,0,0,0,1033,0,6,9399,0,0,0,9385,0,0,0,5,2637,2,0,0,0,0,14,0,0,0,0,2644,_history_tree_2_removes,3142,0,0,0,0,0,0,2650,2644,0,0,0,5294,0,0,0,0,0,7,0,0,0,0,0,0,0
23,10018649925317144938,0,0,0,0,0,0,0,0,0,0,0,0,0,0,0,0,0,0,0,0,0,0,399,0,2422,69597,0,0,0,69395,0,0,0,6,399,815,0,0,0,0,202,0,0,0,0,2781,_history_tree_3_updates,2103,0,0,0,0,0,0,5221,2781,0,0,0,8002,0,0,0,0,0,2400,0,0,0,0,0,0,0
23,10018649925317144938,0,0,0,0,0,0,0,0,0,0,0,0,0,0,0,0,0,0,0,0,0,0,1065,0,5,9536,0,0,0,9517,0,0,0,7,2666,1,0,0,0,0,19,0,0,0,0,2670,_history_tree_3_removes,3144,0,0,0,0,0,0,2675,2670,0,0,0,5345,0,0,0,0,0,4,0,0,0,0,0,0,0
23,10018649925317144938,0,0,0,0,0,0,0,0,0,0,0,0,0,0,0,0,0,0,0,0,0,0,341,0,2412,69159,0,0,0,68971,0,0,0,8,341,862,0,0,0,0,187,0,0,0,0,2777,_history_tree_4_updates,2066,0,0,0,0,0,0,5201,2777,0,0,0,7978,0,0,0,0,0,2448,0,0,0,0,0,0,0
23,10018649925317144938,0,0,0,0,0,0,0,0,0,0,0,0,0,0,0,0,0,0,0,0,0,0,1075,0,4,9583,0,0,0,9570,0,0,0,9,2704,1,0,0,0,0,13,0,0,0,0,2710,_history_tree_4_removes,3184,0,0,0,0,0,0,2714,2710,0,0,0,5424,0,0,0,0,0,6,0,0,0,0,0,0,0
23,10018649925317144938,0,0,0,0,0,0,0,0,0,0,0,0,0,0,0,0,0,0,0,0,0,0,316,0,2413,69265,0,0,0,69043,0,0,0,10,316,802,0,0,0,0,218,0,0,0,0,2750,_history_tree_5_updates,2100,0,0,0,0,0,0,5165,2750,0,0,0,7915,0,0,0,0,0,2436,0,0,0,0,0,0,0
23,10018649925317144938,0,0,0,0,0,0,0,0,0,0,0,0,0,0,0,0,0,0,0,0,0,0,1016,0,5,9421,0,0,0,9407,0,0,0,11,2707,1,0,0,0,0,14,0,0,0,0,2713,_history_tree_5_removes,3187,0,0,0,0,0,0,2718,2713,0,0,0,5431,0,0,0,0,0,6,0,0,0,0,0,0,0
23,10018649925317144938,0,0,0,0,0,0,0,0,0,0,0,0,0,0,0,0,0,0,0,0,0,0,319,0,2422,69663,0,0,0,69448,0,0,0,12,319,784,0,0,0,0,215,0,0,0,0,2645,_history_tree_6_updates,2050,0,0,0,0,0,0,5134,2645,0,0,0,7779,0,0,0,0,0,2393,0,0,0,0,0,0,0
23,10018649925317144938,0,0,0,0,0,0,0,0,0,0,0,0,0,0,0,0,0,0,0,0,0,0,1016,0,7,9600,0,0,0,9586,0,0,0,29,2655,4,0,0,0,0,14,0,0,0,0,2663,_history_tree_14_removes,3124,0,0,0,0,0,0,2670,2663,0,0,0,5333,0,0,0,0,0,8,0,0,0,0,0,0,0
23,10018649925317144938,0,0,0,0,0,0,0,0,0,0,0,0,0,0,0,0,0,0,0,0,0,0,371,0,2396,68131,0,0,0,67900,0,0,0,30,371,874,0,0,0,0,232,0,0,0,0,2771,_history_tree_15_updates,2027,0,0,0,0,0,0,5187,2771,0,0,0,7958,0,0,0,0,0,2419,0,0,0,0,0,0,0
23,10018649925317144938,0,0,0,0,0,0,0,0,0,0,0,0,0,0,0,0,0,0,0,0,0,0,942,0,6,9057,0,0,0,9044,0,0,0,31,2672,3,0,0,0,0,13,0,0,0,0,2679,_history_tree_15_removes,3104,0,0,0,0,0,0,2685,2679,0,0,0,5364,0,0,0,0,0,7,0,0,0,0,0,0,0
23,10018649925317144938,0,0,0,0,0,0,0,0,0,0,0,0,0,0,0,0,0,0,0,0,0,0,343,0,2417,69228,0,0,0,69023,0,0,0,32,343,806,0,0,0,0,205,0,0,0,0,2738,_history_tree_16_updates,2075,0,0,0,0,0,0,5168,2738,0,0,0,7906,0,0,0,0,0,2408,0,0,0,0,0,0,0
23,10018649925317144938,0,0,0,0,0,0,0,0,0,0,0,0,0,0,0,0,0,0,0,0,0,0,1073,0,5,9425,0,0,0,9404,0,0,0,33,2676,1,0,0,0,0,21,0,0,0,0,2680,_history_tree_16_removes,3137,0,0,0,0,0,0,2685,2680,0,0,0,5365,0,0,0,0,0,4,0,0,0,0,0,0,0
23,10018649925317144938,0,0,0,0,0,0,0,0,0,0,0,0,0,0,0,0,0,0,0,0,0,0,330,0,2350,144174,0,0,0,71880,0,0,0,34,10792,2735,0,0,0,0,208,0,0,0,0,6489,_history_tree_17_updates,4088,0,0,0,0,0,0,15547,12978,0,0,0,22036,0,0,0,0,0,2405,0,0,0,0,0,0,0
23,10018649925317144938,0,0,0,0,0,0,0,0,0,0,0,0,0,0,0,0,0,0,0,0,0,0,947,0,14,9351,0,0,0,9334,0,0,0,35,2526,10,0,0,0,0,17,0,0,0,0,2542,_history_tree_17_removes,2968,0,0,0,0,0,0,2556,2542,0,0,0,5098,0,0,0,0,0,16,0,0,0,0,0,0,0
23,10018649925317144938,0,0,0,0,0,0,0,0,0,0,0,0,0,0,0,0,0,0,0,0,0,0,363,0,2418,69640,0,0,0,69413,0,0,0,36,363,878,0,0,0,0,227,0,0,0,0,2795,_history_tree_18_updates,2079,0,0,0,0,0,0,5236,2795,0,0,0,8031,0,0,0,0,0,2454,0,0,0,0,0,0,0
23,10018649925317144938,0,0,0,0,0,0,0,0,0,0,0,0,0,0,0,0,0,0,0,0,0,0,1058,0,5,9718,0,0,0,9701,0,0,0,37,2662,3,0,0,0,0,17,0,0,0,0,2669,_history_tree_18_removes,3144,0,0,0,0,0,0,2674,2669,0,0,0,5343,0,0,0,0,0,7,0,0,0,0,0,0,0
23,10018649925317144938,0,0,0,0,0,0,0,0,0,0,0,0,0,0,0,0,0,0,0,0,0,0,312,0,2406,69277,0,0,0,69050,0,0,0,38,312,812,0,0,0,0,226,0,0,0,0,2760,_history_tree_19_updates,2104,0,0,0,0,0,0,5195,2760,0,0,0,7955,0,0,0,0,0,2477,0,0,0,0,0,0,0
23,10018649925317144938,0,0,0,0,0,0,0,0,0,0,0,0,0,0,0,0,0,0,0,0,0,0,1083,0,3,9613,0,0,0,9604,0,0,0,39,2745,3,0,0,0,0,9,0,0,0,0,2751,_history_tree_19_removes,3238,0,0,0,0,0,0,2754,2751,0,0,0,5505,0,0,0,0,0,6,0,0,0,0,0,0,0
23,10018649925317144938,50430,0,0,0,0,0,46484,0,0,0,0,0,0,0,0,0,0,0,0,0,0,0,0,0,0,302182,0,0,0,99029,0,0,0,40,0,0,0,0,0,0,2161,0,0,96920,0,0,warehouse,0,0,0,0,0,0,0,0,0,0,0,0,0,200366,0,0,200365,0,0,0,0,0,96921,0,0,0
23,10018649925317144938,0,0,0,0,0,0,0,0,0,0,0,0,0,0,0,0,0,0,0,0,0,0,0,0,0,0,0,0,0,0,0,0,0,41,0,0,0,0,0,0,0,0,0,0,0,0,_warehouse_graveyard,0,0,0,0,0,0,0,0,0,0,0,0,0,0,0,0,0,0,0,0,0,0,0,0,0,0
23,10018649925317144938,99185,0,0,0,0,0,97935,0,0,0,0,0,0,0,0,0,0,0,0,0,0,0,0,0,1,306585,0,0,0,199416,0,0,0,42,0,0,0,0,0,0,1052,0,0,197136,0,0,district,0,0,0,0,0,0,0,1,0,0,0,0,1,106057,0,0,106058,1,0,0,0,0,197149,0,0,0
23,10018649925317144938,0,0,0,0,0,0,0,0,0,0,0,0,0,0,0,0,0,0,0,0,0,0,0,0,0,0,0,0,0,0,0,0,0,43,0,0,0,0,0,0,0,0,0,0,0,0,_district_graveyard,0,0,0,0,0,0,0,0,0,0,0,0,0,0,0,0,0,0,0,0,0,0,0,0,0,0
23,10018649925317144938,64374,0,0,0,0,0,61254,0,0,0,0,0,0,0,0,0,0,0,0,0,0,0,0,0,0,809808,0,0,0,125656,0,0,0,44,0,0,0,0,0,0,8,0,0,125629,0,0,customer,0,0,0,0,0,0,0,0,0,0,0,0,0,144277,0,0,144279,0,0,0,0,0,125631,0,0,0
23,10018649925317144938,0,0,0,0,0,0,0,0,0,0,0,0,0,0,0,0,0,0,0,0,0,0,0,0,0,0,0,0,0,0,0,0,0,45,0,0,0,0,0,0,0,0,0,0,0,0,_customer_graveyard,0,0,0,0,0,0,0,0,0,0,0,0,0,0,0,0,0,0,0,0,0,0,0,0,0,0
23,10018649925317144938,0,0,0,0,0,0,0,0,0,0,0,0,0,0,0,0,0,0,0,0,0,0,0,0,0,189146,0,0,0,0,0,0,0,46,0,0,0,0,0,0,63050,0,0,0,0,0,customerwdl,0,0,0,0,0,0,0,0,0,0,0,63050,0,63050,0,0,63050,0,0,0,0,0,0,0,0,0
23,10018649925317144938,0,0,0,0,0,0,0,0,0,0,0,0,0,0,0,0,0,0,0,0,0,0,0,0,0,0,0,0,0,0,0,0,0,47,0,0,0,0,0,0,0,0,0,0,0,0,_customerwdl_graveyard,0,0,0,0,0,0,0,0,0,0,0,0,0,0,0,0,0,0,0,0,0,0,0,0,0,0
23,10018649925317144938,0,0,0,0,0,0,0,0,0,0,0,0,0,0,0,0,0,0,0,0,0,0,0,0,2279,121851,0,0,0,40618,0,0,0,48,0,0,0,0,0,0,0,0,0,0,0,0,history,0,0,0,0,0,0,0,2307,0,0,0,0,2307,0,0,0,0,0,0,0,0,0,0,0,0,0
23,10018649925317144938,0,0,0,0,0,0,0,0,0,0,0,0,0,0,0,0,0,0,0,0,0,0,0,0,0,0,0,0,0,0,0,0,0,49,0,0,0,0,0,0,0,0,0,0,0,0,_history_graveyard,0,0,0,0,0,0,0,0,0,0,0,0,0,0,0,0,0,0,0,0,0,0,0,0,0,0
23,10018649925317144938,43710,87770,0,87770,0,0,43627,0,0,0,0,0,0,0,0,0,0,0,0,0,0,0,62193,0,2118,1156644,0,0,0,278940,0,9894,0,50,87,0,0,0,0,0,106604,0,0,0,0,0,neworder,91044,9895,0,0,0,0,0,4078,4,1,0,87634,4079,97530,0,0,97531,0,1859,0,0,0,0,0,0,0
23,10018649925317144938,0,0,0,0,0,0,0,0,0,0,0,0,0,0,0,0,0,0,0,0,0,0,0,0,0,0,0,0,0,0,0,0,0,51,0,0,0,0,0,0,0,0,0,0,0,0,_neworder_graveyard,0,0,0,0,0,0,0,0,0,0,0,0,0,0,0,0,0,0,0,0,0,0,0,0,0,0
23,10018649925317144938,44295,0,0,0,0,0,43061,0,0,0,0,0,0,0,0,0,0,0,0,0,0,0,0,0,4998,854320,0,0,0,193800,0,0,0,52,0,0,0,0,0,0,1,0,0,87358,0,0,order,0,0,0,0,0,0,0,5578,0,0,0,0,5578,90973,0,0,90973,0,0,0,0,0,87360,0,0,0
23,10018649925317144938,0,0,0,0,0,0,0,0,0,0,0,0,0,0,0,0,0,0,0,0,0,0,0,0,0,0,0,0,0,0,0,0,0,53,0,0,0,0,0,0,0,0,0,0,0,0,_order_graveyard,0,0,0,0,0,0,0,0,0,0,0,0,0,0,0,0,0,0,0,0,0,0,0,0,0,0
23,10018649925317144938,0,0,0,0,0,0,0,0,0,0,0,0,0,0,0,0,3613,0,0,0,0,0,0,0,1403,319347,0,0,0,102837,0,0,0,54,0,0,0,0,0,0,3614,0,0,0,0,0,order_wdc,0,0,0,0,0,0,0,1405,0,0,0,0,1405,3614,0,0,3614,0,0,0,0,0,0,0,0,0
23,10018649925317144938,0,0,0,0,0,0,0,0,0,0,0,0,0,0,0,0,0,0,0,0,0,0,0,0,0,0,0,0,0,0,0,0,0,55,0,0,0,0,0,0,0,0,0,0,0,0,_order_wdc_graveyard,0,0,0,0,0,0,0,0,0,0,0,0,0,0,0,0,0,0,0,0,0,0,0,0,0,0
23,10018649925317144938,441568,0,0,0,0,0,431380,0,0,0,0,0,0,0,0,0,0,0,0,0,0,0,102479,0,60367,7834846,0,0,0,1945910,0,1078,0,56,0,0,0,0,0,0,12812,0,0,873005,0,0,orderline,1862682,1078,0,0,0,0,0,61181,0,0,0,12741,61183,1875418,0,0,1875418,0,0,0,0,0,873043,0,0,0
23,10018649925317144938,0,0,0,0,0,0,0,0,0,0,0,0,0,0,0,0,0,0,0,0,0,0,0,0,0,0,0,0,0,0,0,0,0,57,0,0,0,0,0,0,0,0,0,0,0,0,_orderline_graveyard,0,0,0,0,0,0,0,0,0,0,0,0,0,0,0,0,0,0,0,0,0,0,0,0,0,0
23,10018649925317144938,0,0,0,0,0,0,0,0,0,0,0,0,0,0,0,0,0,0,0,0,0,0,0,0,0,2024936,0,0,0,0,0,0,0,58,0,0,0,0,0,0,0,0,0,0,0,0,item,0,0,0,0,0,0,0,0,0,0,0,0,0,1012523,0,0,1012528,0,0,0,0,0,0,0,0,0
24,10018649925317144938,0,0,0,0,0,0,0,0,0,0,0,0,0,0,0,0,0,0,0,0,0,0,0,0,0,0,0,0,0,0,0,0,0,61,0,0,0,0,0,0,0,0,0,0,0,0,_stock_graveyard,0,0,0,0,0,0,0,0,0,0,0,0,0,0,0,0,0,0,0,0,0,0,0,0,0,0
24,10018649925317144938,501369,0,0,0,0,0,489047,0,0,0,0,0,0,0,0,0,0,0,0,0,0,0,0,0,0,15043059,0,0,0,991680,0,0,0,60,0,0,0,0,0,0,1142,0,0,990462,0,0,stock,0,0,0,0,0,0,0,0,0,0,0,0,0,2767848,0,0,2767845,0,0,0,0,0,990466,0,0,0
24,10018649925317144938,0,0,0,0,0,0,0,0,0,0,0,0,0,0,0,0,0,0,0,0,0,0,0,0,0,0,0,0,0,0,0,0,0,59,0,0,0,0,0,0,0,0,0,0,0,0,_item_graveyard,0,0,0,0,0,0,0,0,0,0,0,0,0,0,0,0,0,0,0,0,0,0,0,0,0,0
24,10018649925317144938,0,0,0,0,0,0,0,0,0,0,0,0,0,0,0,0,0,0,0,0,0,0,347,0,2345,67289,0,0,0,67035,0,0,0,28,347,839,0,0,0,0,255,0,0,0,0,2691,_history_tree_14_updates,1985,0,0,0,0,0,0,5056,2691,0,0,0,7746,0,0,0,0,0,2363,0,0,0,0,0,0,0
24,10018649925317144938,0,0,0,0,0,0,0,0,0,0,0,0,0,0,0,0,0,0,0,0,0,0,1100,0,3,9628,0,0,0,9615,0,0,0,27,2664,0,0,0,0,0,12,0,0,0,0,2667,_history_tree_13_removes,3124,0,0,0,0,0,0,2670,2667,0,0,0,5337,0,0,0,0,0,3,0,0,0,0,0,0,0
24,10018649925317144938,0,0,0,0,0,0,0,0,0,0,0,0,0,0,0,0,0,0,0,0,0,0,315,0,2391,68861,0,0,0,68659,0,0,0,26,315,829,0,0,0,0,198,0,0,0,0,2720,_history_tree_13_updates,2001,0,0,0,0,0,0,5111,2720,0,0,0,7831,0,0,0,0,0,2405,0,0,0,0,0,0,0
24,10018649925317144938,0,0,0,0,0,0,0,0,0,0,0,0,0,0,0,0,0,0,0,0,0,0,1060,0,7,9579,0,0,0,9568,0,0,0,25,2573,1,0,0,0,0,11,0,0,0,0,2580,_history_tree_12_removes,3027,0,0,0,0,0,0,2587,2580,0,0,0,5167,0,0,0,0,0,7,0,0,0,0,0,0,0
24,10018649925317144938,0,0,0,0,0,0,0,0,0,0,0,0,0,0,0,0,0,0,0,0,0,0,346,0,2388,68742,0,0,0,68541,0,0,0,24,346,850,0,0,0,0,202,0,0,0,0,2752,_history_tree_12_updates,2017,0,0,0,0,0,0,5140,2752,0,0,0,7892,0,0,0,0,0,2406,0,0,0,0,0,0,0
24,10018649925317144938,0,0,0,0,0,0,0,0,0,0,0,0,0,0,0,0,0,0,0,0,0,0,1042,0,4,9278,0,0,0,9266,0,0,0,23,2677,1,0,0,0,0,12,0,0,0,0,2681,_history_tree_11_removes,3132,0,0,0,0,0,0,2685,2681,0,0,0,5366,0,0,0,0,0,4,0,0,0,0,0,0,0
24,10018649925317144938,0,0,0,0,0,0,0,0,0,0,0,0,0,0,0,0,0,0,0,0,0,0,348,0,2374,68078,0,0,0,67875,0,0,0,22,348,795,0,0,0,0,204,0,0,0,0,2731,_history_tree_11_updates,2054,0,0,0,0,0,0,5116,2731,0,0,0,7847,0,0,0,0,0,2393,0,0,0,0,0,0,0
24,10018649925317144938,0,0,0,0,0,0,0,0,0,0,0,0,0,0,0,0,0,0,0,0,0,0,1035,0,4,9199,0,0,0,9187,0,0,0,21,2617,0,0,0,0,0,12,0,0,0,0,2621,_history_tree_10_removes,3062,0,0,0,0,0,0,2625,2621,0,0,0,5246,0,0,0,0,0,4,0,0,0,0,0,0,0
24,10018649925317144938,0,0,0,0,0,0,0,0,0,0,0,0,0,0,0,0,0,0,0,0,0,0,347,0,2366,67764,0,0,0,67547,0,0,0,20,347,823,0,0,0,0,216,0,0,0,0,2730,_history_tree_10_updates,2017,0,0,0,0,0,0,5095,2730,0,0,0,7825,0,0,0,0,0,2383,0,0,0,0,0,0,0
24,10018649925317144938,0,0,0,0,0,0,0,0,0,0,0,0,0,0,0,0,0,0,0,0,0,0,1060,0,4,9364,0,0,0,9345,0,0,0,19,2614,1,0,0,0,0,19,0,0,0,0,2618,_history_tree_9_removes,3077,0,0,0,0,0,0,2622,2618,0,0,0,5240,0,0,0,0,0,4,0,0,0,0,0,0,0
24,10018649925317144938,0,0,0,0,0,0,0,0,0,0,0,0,0,0,0,0,0,0,0,0,0,0,356,0,2379,68282,0,0,0,68085,0,0,0,18,356,810,0,0,0,0,195,0,0,0,0,2745,_history_tree_9_updates,2064,0,0,0,0,0,0,5131,2745,0,0,0,7876,0,0,0,0,0,2396,0,0,0,0,0,0,0
24,10018649925317144938,0,0,0,0,0,0,0,0,0,0,0,0,0,0,0,0,0,0,0,0,0,0,1094,0,6,9690,0,0,0,9672,0,0,0,17,2678,1,0,0,0,0,18,0,0,0,0,2684,_history_tree_8_removes,3142,0,0,0,0,0,0,2691,2685,0,0,0,5376,0,0,0,0,0,6,0,0,0,0,0,0,0
24,10018649925317144938,0,0,0,0,0,0,0,0,0,0,0,0,0,0,0,0,0,0,0,0,0,0,336,0,2391,68968,0,0,0,68768,0,0,0,16,336,812,0,0,0,0,199,0,0,0,0,2746,_history_tree_8_updates,2049,0,0,0,0,0,0,5137,2746,0,0,0,7883,0,0,0,0,0,2410,0,0,0,0,0,0,0
24,10018649925317144938,0,0,0,0,0,0,0,0,0,0,0,0,0,0,0,0,0,0,0,0,0,0,1014,0,8,9233,0,0,0,9223,0,0,0,15,2624,5,0,0,0,0,10,0,0,0,0,2632,_history_tree_7_removes,3084,0,0,0,0,0,0,2640,2632,0,0,0,5272,0,0,0,0,0,8,0,0,0,0,0,0,0
24,10018649925317144938,0,0,0,0,0,0,0,0,0,0,0,0,0,0,0,0,0,0,0,0,0,0,357,0,2362,67739,0,0,0,67523,0,0,0,14,357,807,0,0,0,0,217,0,0,0,0,2644,_history_tree_7_updates,2036,0,0,0,0,0,0,5078,2644,0,0,0,7722,0,0,0,0,0,2359,0,0,0,0,0,0,0
24,10018649925317144938,0,0,0,0,0,0,0,0,0,0,0,0,0,0,0,0,0,0,0,0,0,0,965,0,11,9253,0,0,0,9241,0,0,0,13,2640,8,0,0,0,0,12,0,0,0,0,2652,_history_tree_6_removes,3111,0,0,0,0,0,0,2663,2652,0,0,0,5315,0,0,0,0,0,12,0,0,0,0,0,0,0
24,10018649925317144938,0,0,0,0,0,0,0,0,0,0,0,0,0,21446513,22210943,0,0,0,0,0,0,0,332,0,2390,68318,0,0,0,68107,0,0,0,0,332,864,0,0,0,0,211,0,0,0,0,2698,_history_tree_0_updates,1979,0,1494902,0,0,0,0,5127,2698,0,0,0,7825,0,0,0,0,0,2405,0,0,0,0,713185,0,0
24,10018649925317144938,0,0,0,0,0,0,0,0,0,0,0,0,0,0,0,0,0,0,0,0,0,0,950,0,7,9154,0,0,0,9140,0,0,0,1,2560,2,0,0,0,0,14,0,0,0,0,2567,_history_tree_0_removes,3001,0,0,0,0,0,0,2574,2567,0,0,0,5141,0,0,0,0,0,7,0,0,0,0,0,0,0
24,10018649925317144938,0,0,0,0,0,0,0,0,0,0,0,0,0,0,0,0,0,0,0,0,0,0,327,0,2349,67234,0,0,0,67022,0,0,0,2,327,797,0,0,0,0,211,0,0,0,0,2689,_history_tree_1_updates,2027,0,0,0,0,0,0,5046,2689,0,0,0,7735,0,0,0,0,0,2370,0,0,0,0,0,0,0
24,10018649925317144938,0,0,0,0,0,0,0,0,0,0,0,0,0,0,0,0,0,0,0,0,0,0,1020,0,4,9137,0,0,0,9122,0,0,0,3,2652,0,0,0,0,0,15,0,0,0,0,2657,_history_tree_1_removes,3110,0,0,0,0,0,0,2661,2657,0,0,0,5318,0,0,0,0,0,5,0,0,0,0,0,0,0
24,10018649925317144938,0,0,0,0,0,0,0,0,0,0,0,0,0,0,0,0,0,0,0,0,0,0,327,0,2394,68927,0,0,0,68719,0,0,0,4,327,852,0,0,0,0,209,0,0,0,0,2738,_history_tree_2_updates,2004,0,0,0,0,0,0,5132,2738,0,0,0,7870,0,0,0,0,0,2411,0,0,0,0,0,0,0
24,10018649925317144938,0,0,0,0,0,0,0,0,0,0,0,0,0,0,0,0,0,0,0,0,0,0,1074,0,5,9579,0,0,0,9563,0,0,0,5,2597,0,0,0,0,0,16,0,0,0,0,2602,_history_tree_2_removes,3057,0,0,0,0,0,0,2607,2602,0,0,0,5209,0,0,0,0,0,5,0,0,0,0,0,0,0
24,10018649925317144938,0,0,0,0,0,0,0,0,0,0,0,0,0,0,0,0,0,0,0,0,0,0,350,0,2428,70069,0,0,0,69852,0,0,0,6,350,892,0,0,0,0,217,0,0,0,0,2787,_history_tree_3_updates,2026,0,0,0,0,0,0,5229,2787,0,0,0,8016,0,0,0,0,0,2451,0,0,0,0,0,0,0
24,10018649925317144938,0,0,0,0,0,0,0,0,0,0,0,0,0,0,0,0,0,0,0,0,0,0,1057,0,7,9797,0,0,0,9774,0,0,0,7,2634,4,0,0,0,0,23,0,0,0,0,2642,_history_tree_3_removes,3092,0,0,0,0,0,0,2649,2642,0,0,0,5291,0,0,0,0,0,8,0,0,0,0,0,0,0
24,10018649925317144938,0,0,0,0,0,0,0,0,0,0,0,0,0,0,0,0,0,0,0,0,0,0,361,0,2368,68021,0,0,0,67824,0,0,0,8,361,833,0,0,0,0,198,0,0,0,0,2717,_history_tree_4_updates,2016,0,0,0,0,0,0,5112,2719,0,0,0,7831,0,0,0,0,0,2383,0,0,0,0,0,0,0
24,10018649925317144938,0,0,0,0,0,0,0,0,0,0,0,0,0,0,0,0,0,0,0,0,0,0,1011,0,6,9266,0,0,0,9252,0,0,0,9,2583,2,0,0,0,0,14,0,0,0,0,2589,_history_tree_4_removes,3023,0,0,0,0,0,0,2595,2589,0,0,0,5184,0,0,0,0,0,6,0,0,0,0,0,0,0
24,10018649925317144938,0,0,0,0,0,0,0,0,0,0,0,0,0,0,0,0,0,0,0,0,0,0,371,0,2376,68695,0,0,0,68469,0,0,0,10,371,812,0,0,0,0,225,0,0,0,0,2752,_history_tree_5_updates,2067,0,0,0,0,0,0,5135,2752,0,0,0,7887,0,0,0,0,0,2388,0,0,0,0,0,0,0
24,10018649925317144938,0,0,0,0,0,0,0,0,0,0,0,0,0,0,0,0,0,0,0,0,0,0,1093,0,6,9710,0,0,0,9697,0,0,0,11,2646,2,0,0,0,0,13,0,0,0,0,2652,_history_tree_5_removes,3117,0,0,0,0,0,0,2658,2652,0,0,0,5310,0,0,0,0,0,6,0,0,0,0,0,0,0
24,10018649925317144938,0,0,0,0,0,0,0,0,0,0,0,0,0,0,0,0,0,0,0,0,0,0,360,0,2407,68725,0,0,0,68489,0,0,0,12,360,884,0,0,0,0,237,0,0,0,0,2670,_history_tree_6_updates,2059,0,0,0,0,0,0,5201,2670,0,0,0,7871,0,0,0,0,0,2434,0,0,0,0,0,0,0
24,10018649925317144938,0,0,0,0,0,0,0,0,0,0,0,0,0,0,0,0,0,0,0,0,0,0,978,0,6,9190,0,0,0,9181,0,0,0,29,2565,2,0,0,0,0,9,0,0,0,0,2572,_history_tree_14_removes,3006,0,0,0,0,0,0,2578,2572,0,0,0,5150,0,0,0,0,0,7,0,0,0,0,0,0,0
24,10018649925317144938,0,0,0,0,0,0,0,0,0,0,0,0,0,0,0,0,0,0,0,0,0,0,344,0,2377,68071,0,0,0,67872,0,0,0,30,344,812,0,0,0,0,198,0,0,0,0,2736,_history_tree_15_updates,2090,0,0,0,0,0,0,5129,2736,0,0,0,7865,0,0,0,0,0,2409,0,0,0,0,0,0,0
24,10018649925317144938,0,0,0,0,0,0,0,0,0,0,0,0,0,0,0,0,0,0,0,0,0,0,1009,0,7,9278,0,0,0,9269,0,0,0,31,2664,3,0,0,0,0,9,0,0,0,0,2672,_history_tree_15_removes,3139,0,0,0,0,0,0,2679,2672,0,0,0,5351,0,0,0,0,0,8,0,0,0,0,0,0,0
24,10018649925317144938,0,0,0,0,0,0,0,0,0,0,0,0,0,0,0,0,0,0,0,0,0,0,333,0,2356,67314,0,0,0,67090,0,0,0,32,333,799,0,0,0,0,225,0,0,0,0,2718,_history_tree_16_updates,2036,0,0,0,0,0,0,5074,2718,0,0,0,7792,0,0,0,0,0,2385,0,0,0,0,0,0,0
24,10018649925317144938,0,0,0,0,0,0,0,0,0,0,0,0,0,0,0,0,0,0,0,0,0,0,1019,0,5,9151,0,0,0,9135,0,0,0,33,2677,1,0,0,0,0,16,0,0,0,0,2683,_history_tree_16_removes,3124,0,0,0,0,0,0,2688,2683,0,0,0,5371,0,0,0,0,0,6,0,0,0,0,0,0,0
24,10018649925317144938,0,0,0,0,0,0,0,0,0,0,0,0,0,0,0,0,0,0,0,0,0,0,322,0,2412,148107,0,0,0,73866,0,0,0,34,10936,2764,0,0,0,0,188,0,0,0,0,6571,_history_tree_17_updates,4169,0,0,0,0,0,0,15790,13142,0,0,0,22361,0,0,0,0,0,2442,0,0,0,0,0,0,0
24,10018649925317144938,0,0,0,0,0,0,0,0,0,0,0,0,0,0,0,0,0,0,0,0,0,0,910,0,18,9658,0,0,0,9648,0,0,0,35,2576,12,0,0,0,0,10,0,0,0,0,2595,_history_tree_17_removes,3017,0,0,0,0,0,0,2613,2595,0,0,0,5208,0,0,0,0,0,19,0,0,0,0,0,0,0
24,10018649925317144938,0,0,0,0,0,0,0,0,0,0,0,0,0,0,0,0,0,0,0,0,0,0,341,0,2364,67974,0,0,0,67751,0,0,0,36,341,821,0,0,0,0,221,0,0,0,0,2728,_history_tree_18_updates,2024,0,0,0,0,0,0,5092,2728,0,0,0,7820,0,0,0,0,0,2388,0,0,0,0,0,0,0
24,10018649925317144938,0,0,0,0,0,0,0,0,0,0,0,0,0,0,0,0,0,0,0,0,0,0,1024,0,6,9365,0,0,0,9351,0,0,0,37,2604,0,0,0,0,0,14,0,0,0,0,2610,_history_tree_18_removes,3064,0,0,0,0,0,0,2616,2610,0,0,0,5226,0,0,0,0,0,6,0,0,0,0,0,0,0
24,10018649925317144938,0,0,0,0,0,0,0,0,0,0,0,0,0,0,0,0,0,0,0,0,0,0,334,0,2365,67993,0,0,0,67769,0,0,0,38,334,754,0,0,0,0,224,0,0,0,0,2695,_history_tree_19_updates,2064,0,0,0,0,0,0,5069,2695,0,0,0,7764,0,0,0,0,0,2370,0,0,0,0,0,0,0
24,10018649925317144938,0,0,0,0,0,0,0,0,0,0,0,0,0,0,0,0,0,0,0,0,0,0,1053,0,4,9391,0,0,0,9373,0,0,0,39,2703,1,0,0,0,0,18,0,0,0,0,2707,_history_tree_19_removes,3170,0,0,0,0,0,0,2712,2708,0,0,0,5420,0,0,0,0,0,4,0,0,0,0,0,0,0
24,10018649925317144938,48927,0,0,0,0,0,45020,0,0,0,0,0,0,0,0,0,0,0,0,0,0,0,0,0,1,293921,0,0,0,95925,0,0,0,40,0,0,0,0,0,0,2091,0,0,93945,0,0,warehouse,0,0,0,0,0,0,0,1,0,0,0,0,1,195323,0,0,195324,1,0,0,0,0,93946,0,0,0
24,10018649925317144938,0,0,0,0,0,0,0,0,0,0,0,0,0,0,0,0,0,0,0,0,0,0,0,0,0,0,0,0,0,0,0,0,0,41,0,0,0,0,0,0,0,0,0,0,0,0,_warehouse_graveyard,0,0,0,0,0,0,0,0,0,0,0,0,0,0,0,0,0,0,0,0,0,0,0,0,0,0
24,10018649925317144938,96972,0,0,0,0,0,95332,0,0,0,0,0,0,0,0,0,0,0,0,0,0,0,0,0,2,298458,0,0,0,194489,0,0,0,42,0,0,0,0,0,0,1022,0,0,192315,0,0,district,0,0,0,0,0,0,0,2,0,0,0,0,2,102884,0,0,102885,2,0,0,0,0,192316,0,0,0
24,10018649925317144938,0,0,0,0,0,0,0,0,0,0,0,0,0,0,0,0,0,0,0,0,0,0,0,0,0,0,0,0,0,0,0,0,0,43,0,0,0,0,0,0,0,0,0,0,0,0,_district_graveyard,0,0,0,0,0,0,0,0,0,0,0,0,0,0,0,0,0,0,0,0,0,0,0,0,0,0
24,10018649925317144938,63577,0,0,0,0,0,60761,0,0,0,0,0,0,0,0,0,0,0,0,0,0,0,0,0,0,796745,0,0,0,124366,0,0,0,44,0,0,0,0,0,0,7,0,0,124341,0,0,customer,0,0,0,0,0,0,0,0,0,0,0,0,0,141216,0,0,141215,0,0,0,0,0,124344,0,0,0
24,10018649925317144938,0,0,0,0,0,0,0,0,0,0,0,0,0,0,0,0,0,0,0,0,0,0,0,0,0,0,0,0,0,0,0,0,0,45,0,0,0,0,0,0,0,0,0,0,0,0,_customer_graveyard,0,0,0,0,0,0,0,0,0,0,0,0,0,0,0,0,0,0,0,0,0,0,0,0,0,0
24,10018649925317144938,0,0,0,0,0,0,0,0,0,0,0,0,0,0,0,0,0,0,0,0,0,0,0,0,0,183271,0,0,0,0,0,0,0,46,0,0,0,0,0,0,61093,0,0,0,0,0,customerwdl,0,0,0,0,0,0,0,0,0,0,0,61094,0,61094,0,0,61095,0,0,0,0,0,0,0,0,0
24,10018649925317144938,0,0,0,0,0,0,0,0,0,0,0,0,0,0,0,0,0,0,0,0,0,0,0,0,0,0,0,0,0,0,0,0,0,47,0,0,0,0,0,0,0,0,0,0,0,0,_customerwdl_graveyard,0,0,0,0,0,0,0,0,0,0,0,0,0,0,0,0,0,0,0,0,0,0,0,0,0,0
24,10018649925317144938,0,0,0,0,0,0,0,0,0,0,0,0,0,0,0,0,0,0,0,0,0,0,0,0,2215,118365,0,0,0,39454,0,0,0,48,0,0,0,0,0,0,0,0,0,0,0,0,history,0,0,0,0,0,0,0,2241,0,0,0,0,2241,0,0,0,0,0,0,0,0,0,0,0,0,0
24,10018649925317144938,0,0,0,0,0,0,0,0,0,0,0,0,0,0,0,0,0,0,0,0,0,0,0,0,0,0,0,0,0,0,0,0,0,49,0,0,0,0,0,0,0,0,0,0,0,0,_history_graveyard,0,0,0,0,0,0,0,0,0,0,0,0,0,0,0,0,0,0,0,0,0,0,0,0,0,0
24,10018649925317144938,43623,88020,0,88020,0,0,43542,0,0,0,0,0,0,0,0,0,0,0,0,0,0,0,62801,0,2106,1152287,0,0,0,277107,0,10030,0,50,103,0,0,0,0,0,106981,0,0,0,0,0,neworder,92354,10029,0,0,0,0,0,4082,5,0,0,87464,4083,97493,0,0,97493,0,1868,0,0,0,0,0,0,0
24,10018649925317144938,0,0,0,0,0,0,0,0,0,0,0,0,0,0,0,0,0,0,0,0,0,0,0,0,0,0,0,0,0,0,0,0,0,51,0,0,0,0,0,0,0,0,0,0,0,0,_neworder_graveyard,0,0,0,0,0,0,0,0,0,0,0,0,0,0,0,0,0,0,0,0,0,0,0,0,0,0
24,10018649925317144938,44207,0,0,0,0,0,42988,0,0,0,0,0,0,0,0,0,0,0,0,0,0,0,0,0,4542,846297,0,0,0,191272,0,0,0,52,0,0,0,0,0,0,0,0,0,87200,0,0,order,0,0,0,0,0,0,0,4767,0,0,0,0,4767,90831,0,0,90831,0,0,0,0,0,87201,0,0,0
24,10018649925317144938,0,0,0,0,0,0,0,0,0,0,0,0,0,0,0,0,0,0,0,0,0,0,0,0,0,0,0,0,0,0,0,0,0,53,0,0,0,0,0,0,0,0,0,0,0,0,_order_graveyard,0,0,0,0,0,0,0,0,0,0,0,0,0,0,0,0,0,0,0,0,0,0,0,0,0,0
24,10018649925317144938,0,0,0,0,0,0,0,0,0,0,0,0,0,0,0,0,3631,0,0,0,0,0,0,0,1348,313494,0,0,0,100866,1,1,0,54,0,0,0,0,0,0,3631,0,0,0,0,0,order_wdc,0,1,0,0,0,0,0,1349,0,0,0,0,1349,3632,0,0,3632,0,0,0,0,0,0,0,0,0
24,10018649925317144938,0,0,0,0,0,0,0,0,0,0,0,0,0,0,0,0,0,0,0,0,0,0,0,0,0,0,0,0,0,0,0,0,0,55,0,0,0,0,0,0,0,0,0,0,0,0,_order_wdc_graveyard,0,0,0,0,0,0,0,0,0,0,0,0,0,0,0,0,0,0,0,0,0,0,0,0,0,0
24,10018649925317144938,441235,0,0,0,0,0,431154,0,0,0,0,0,0,0,0,0,0,0,0,0,0,0,100163,0,59164,7745746,0,0,0,1923818,0,1057,0,56,0,0,0,0,0,0,12621,0,0,872394,0,0,orderline,1820333,1057,0,0,0,0,0,59962,0,0,0,12558,59962,1833002,0,0,1833015,0,0,0,0,0,872392,0,0,0
24,10018649925317144938,0,0,0,0,0,0,0,0,0,0,0,0,0,0,0,0,0,0,0,0,0,0,0,0,0,0,0,0,0,0,0,0,0,57,0,0,0,0,0,0,0,0,0,0,0,0,_orderline_graveyard,0,0,0,0,0,0,0,0,0,0,0,0,0,0,0,0,0,0,0,0,0,0,0,0,0,0
24,10018649925317144938,0,0,0,0,0,0,0,0,0,0,0,0,0,0,0,0,0,0,0,0,0,0,0,0,0,1984270,0,0,0,0,0,0,0,58,0,0,0,0,0,0,0,0,0,0,0,0,item,0,0,0,0,0,0,0,0,0,0,0,0,0,992177,0,0,992184,0,0,0,0,0,0,0,0,0
25,10018649925317144938,0,0,0,0,0,0,0,0,0,0,0,0,0,0,0,0,0,0,0,0,0,0,0,0,0,0,0,0,0,0,0,0,0,61,0,0,0,0,0,0,0,0,0,0,0,0,_stock_graveyard,0,0,0,0,0,0,0,0,0,0,0,0,0,0,0,0,0,0,0,0,0,0,0,0,0,0
25,10018649925317144938,496415,0,0,0,0,0,484477,0,0,0,0,0,0,0,0,0,0,0,0,0,0,0,0,0,0,15028000,0,0,0,981924,0,0,0,60,0,0,0,0,0,0,1080,0,0,980893,0,0,stock,0,0,0,0,0,0,0,0,0,0,0,0,0,2774002,0,0,2773996,0,0,0,0,0,980897,0,0,0
25,10018649925317144938,0,0,0,0,0,0,0,0,0,0,0,0,0,0,0,0,0,0,0,0,0,0,0,0,0,0,0,0,0,0,0,0,0,59,0,0,0,0,0,0,0,0,0,0,0,0,_item_graveyard,0,0,0,0,0,0,0,0,0,0,0,0,0,0,0,0,0,0,0,0,0,0,0,0,0,0
25,10018649925317144938,0,0,0,0,0,0,0,0,0,0,0,0,0,0,0,0,0,0,0,0,0,0,372,0,2390,68504,0,0,0,68297,0,0,0,28,372,836,0,0,0,0,206,0,0,0,0,2731,_history_tree_14_updates,2045,0,0,0,0,0,0,5150,2731,0,0,0,7881,0,0,0,0,0,2389,0,0,0,0,0,0,0
25,10018649925317144938,0,0,0,0,0,0,0,0,0,0,0,0,0,0,0,0,0,0,0,0,0,0,1136,0,4,9737,0,0,0,9721,0,0,0,27,2575,1,0,0,0,0,16,0,0,0,0,2579,_history_tree_13_removes,3067,0,0,0,0,0,0,2583,2579,0,0,0,5162,0,0,0,0,0,4,0,0,0,0,0,0,0
25,10018649925317144938,0,0,0,0,0,0,0,0,0,0,0,0,0,0,0,0,0,0,0,0,0,0,321,0,2370,68620,0,0,0,68407,0,0,0,26,321,809,0,0,0,0,212,0,0,0,0,2692,_history_tree_13_updates,2010,0,0,0,0,0,0,5063,2692,0,0,0,7755,0,0,0,0,0,2371,0,0,0,0,0,0,0
25,10018649925317144938,0,0,0,0,0,0,0,0,0,0,0,0,0,0,0,0,0,0,0,0,0,0,996,0,5,9390,0,0,0,9380,0,0,0,25,2550,1,0,0,0,0,10,0,0,0,0,2555,_history_tree_12_removes,2983,0,0,0,0,0,0,2560,2555,0,0,0,5115,0,0,0,0,0,5,0,0,0,0,0,0,0
25,10018649925317144938,0,0,0,0,0,0,0,0,0,0,0,0,0,0,0,0,0,0,0,0,0,0,358,0,2370,68186,0,0,0,68003,0,0,0,24,358,834,0,0,0,0,182,0,0,0,0,2726,_history_tree_12_updates,2010,0,0,0,0,0,0,5096,2726,0,0,0,7822,0,0,0,0,0,2368,0,0,0,0,0,0,0
25,10018649925317144938,0,0,0,0,0,0,0,0,0,0,0,0,0,0,0,0,0,0,0,0,0,0,1132,0,2,9785,0,0,0,9765,0,0,0,23,2605,0,0,0,0,0,20,0,0,0,0,2608,_history_tree_11_removes,3071,0,0,0,0,0,0,2610,2608,0,0,0,5218,0,0,0,0,0,2,0,0,0,0,0,0,0
25,10018649925317144938,0,0,0,0,0,0,0,0,0,0,0,0,0,0,0,0,0,0,0,0,0,0,331,0,2369,68673,0,0,0,68475,0,0,0,22,331,791,0,0,0,0,196,0,0,0,0,2700,_history_tree_11_updates,2038,0,0,0,0,0,0,5068,2700,0,0,0,7768,0,0,0,0,0,2369,0,0,0,0,0,0,0
25,10018649925317144938,0,0,0,0,0,0,0,0,0,0,0,0,0,0,0,0,0,0,0,0,0,0,1039,0,2,9342,0,0,0,9330,0,0,0,21,2598,1,0,0,0,0,12,0,0,0,0,2600,_history_tree_10_removes,3033,0,0,0,0,0,0,2602,2600,0,0,0,5202,0,0,0,0,0,2,0,0,0,0,0,0,0
25,10018649925317144938,0,0,0,0,0,0,0,0,0,0,0,0,0,0,0,0,0,0,0,0,0,0,338,0,2366,67991,0,0,0,67746,0,0,0,20,338,820,0,0,0,0,243,0,0,0,0,2703,_history_tree_10_updates,1983,0,0,0,0,0,0,5069,2703,0,0,0,7772,0,0,0,0,0,2365,0,0,0,0,0,0,0
25,10018649925317144938,0,0,0,0,0,0,0,0,0,0,0,0,0,0,0,0,0,0,0,0,0,0,1009,0,7,9325,0,0,0,9307,0,0,0,19,2606,3,0,0,0,0,18,0,0,0,0,2613,_history_tree_9_removes,3055,0,0,0,0,0,0,2620,2613,0,0,0,5233,0,0,0,0,0,7,0,0,0,0,0,0,0
25,10018649925317144938,0,0,0,0,0,0,0,0,0,0,0,0,0,0,0,0,0,0,0,0,0,0,362,0,2365,67914,0,0,0,67706,0,0,0,18,362,807,0,0,0,0,208,0,0,0,0,2725,_history_tree_9_updates,2035,0,0,0,0,0,0,5092,2725,0,0,0,7817,0,0,0,0,0,2365,0,0,0,0,0,0,0
25,10018649925317144938,0,0,0,0,0,0,0,0,0,0,0,0,0,0,0,0,0,0,0,0,0,0,1021,0,4,9255,0,0,0,9243,0,0,0,17,2566,1,0,0,0,0,12,0,0,0,0,2570,_history_tree_8_removes,3013,0,0,0,0,0,0,2573,2569,0,0,0,5142,0,0,0,0,0,4,0,0,0,0,0,0,0
25,10018649925317144938,0,0,0,0,0,0,0,0,0,0,0,0,0,0,0,0,0,0,0,0,0,0,389,0,2353,67638,0,0,0,67454,0,0,0,16,389,824,0,0,0,0,185,0,0,0,0,2740,_history_tree_8_updates,2033,0,0,0,0,0,0,5093,2740,0,0,0,7833,0,0,0,0,0,2351,0,0,0,0,0,0,0
25,10018649925317144938,0,0,0,0,0,0,0,0,0,0,0,0,0,0,0,0,0,0,0,0,0,0,989,0,8,9185,0,0,0,9172,0,0,0,15,2650,4,0,0,0,0,13,0,0,0,0,2658,_history_tree_7_removes,3096,0,0,0,0,0,0,2666,2658,0,0,0,5324,0,0,0,0,0,8,0,0,0,0,0,0,0
25,10018649925317144938,0,0,0,0,0,0,0,0,0,0,0,0,0,0,0,0,0,0,0,0,0,0,335,0,2350,67399,0,0,0,67156,0,0,0,14,335,781,0,0,0,0,242,0,0,0,0,2646,_history_tree_7_updates,2031,0,0,0,0,0,0,5037,2646,0,0,0,7683,0,0,0,0,0,2352,0,0,0,0,0,0,0
25,10018649925317144938,0,0,0,0,0,0,0,0,0,0,0,0,0,0,0,0,0,0,0,0,0,0,1041,0,4,9261,0,0,0,9245,0,0,0,13,2602,2,0,0,0,0,16,0,0,0,0,2606,_history_tree_6_removes,3036,0,0,0,0,0,0,2610,2606,0,0,0,5216,0,0,0,0,0,4,0,0,0,0,0,0,0
25,10018649925317144938,0,0,0,0,0,0,0,0,0,0,0,0,0,21379583,22072843,0,0,0,0,0,0,0,333,0,2336,66806,0,0,0,66588,0,0,0,0,333,810,0,0,0,0,217,0,0,0,0,2668,_history_tree_0_updates,2019,0,1478061,0,0,0,0,5007,2668,0,0,0,7675,0,0,0,0,0,2337,0,0,0,0,699383,0,0
25,10018649925317144938,0,0,0,0,0,0,0,0,0,0,0,0,0,0,0,0,0,0,0,0,0,0,987,0,5,9070,0,0,0,9049,0,0,0,1,2597,2,0,0,0,0,21,0,0,0,0,2602,_history_tree_0_removes,3081,0,0,0,0,0,0,2607,2602,0,0,0,5209,0,0,0,0,0,5,0,0,0,0,0,0,0
25,10018649925317144938,0,0,0,0,0,0,0,0,0,0,0,0,0,0,0,0,0,0,0,0,0,0,364,0,2390,69082,0,0,0,68835,0,0,0,2,364,850,0,0,0,0,247,0,0,0,0,2733,_history_tree_1_updates,2004,0,0,0,0,0,0,5145,2733,0,0,0,7878,0,0,0,0,0,2391,0,0,0,0,0,0,0
25,10018649925317144938,0,0,0,0,0,0,0,0,0,0,0,0,0,0,0,0,0,0,0,0,0,0,1040,0,10,9726,0,0,0,9717,0,0,0,3,2601,4,0,0,0,0,9,0,0,0,0,2612,_history_tree_1_removes,3036,0,0,0,0,0,0,2622,2612,0,0,0,5234,0,0,0,0,0,10,0,0,0,0,0,0,0
25,10018649925317144938,0,0,0,0,0,0,0,0,0,0,0,0,0,0,0,0,0,0,0,0,0,0,326,0,2339,66996,0,0,0,66798,0,0,0,4,326,774,0,0,0,0,197,0,0,0,0,2655,_history_tree_2_updates,1997,0,0,0,0,0,0,5006,2655,0,0,0,7661,0,0,0,0,0,2341,0,0,0,0,0,0,0
25,10018649925317144938,0,0,0,0,0,0,0,0,0,0,0,0,0,0,0,0,0,0,0,0,0,0,998,0,6,9080,0,0,0,9069,0,0,0,5,2615,2,0,0,0,0,11,0,0,0,0,2621,_history_tree_2_removes,3046,0,0,0,0,0,0,2627,2621,0,0,0,5248,0,0,0,0,0,6,0,0,0,0,0,0,0
25,10018649925317144938,0,0,0,0,0,0,0,0,0,0,0,0,0,0,0,0,0,0,0,0,0,0,331,0,2305,66037,0,0,0,65830,0,0,0,6,331,772,0,0,0,0,207,0,0,0,0,2620,_history_tree_3_updates,1985,0,0,0,0,0,0,4941,2620,0,0,0,7561,0,0,0,0,0,2305,0,0,0,0,0,0,0
25,10018649925317144938,0,0,0,0,0,0,0,0,0,0,0,0,0,0,0,0,0,0,0,0,0,0,1024,0,2,9012,0,0,0,9000,0,0,0,7,2628,1,0,0,0,0,12,0,0,0,0,2630,_history_tree_3_removes,3072,0,0,0,0,0,0,2633,2631,0,0,0,5264,0,0,0,0,0,2,0,0,0,0,0,0,0
25,10018649925317144938,0,0,0,0,0,0,0,0,0,0,0,0,0,0,0,0,0,0,0,0,0,0,350,0,2391,68647,0,0,0,68439,0,0,0,8,350,852,0,0,0,0,207,0,0,0,0,2708,_history_tree_4_updates,1995,0,0,0,0,0,0,5133,2706,0,0,0,7839,0,0,0,0,0,2392,0,0,0,0,0,0,0
25,10018649925317144938,0,0,0,0,0,0,0,0,0,0,0,0,0,0,0,0,0,0,0,0,0,0,1039,0,7,9470,0,0,0,9453,0,0,0,9,2563,2,0,0,0,0,17,0,0,0,0,2570,_history_tree_4_removes,3007,0,0,0,0,0,0,2577,2570,0,0,0,5147,0,0,0,0,0,7,0,0,0,0,0,0,0
25,10018649925317144938,0,0,0,0,0,0,0,0,0,0,0,0,0,0,0,0,0,0,0,0,0,0,365,0,2346,66913,0,0,0,66671,0,0,0,10,365,789,0,0,0,0,241,0,0,0,0,2699,_history_tree_5_updates,2042,0,0,0,0,0,0,5056,2699,0,0,0,7756,0,0,0,0,0,2345,0,0,0,0,0,0,0
25,10018649925317144938,0,0,0,0,0,0,0,0,0,0,0,0,0,0,0,0,0,0,0,0,0,0,937,0,6,8831,0,0,0,8818,0,0,0,11,2645,1,0,0,0,0,13,0,0,0,0,2651,_history_tree_5_removes,3081,0,0,0,0,0,0,2657,2651,0,0,0,5308,0,0,0,0,0,6,0,0,0,0,0,0,0
25,10018649925317144938,0,0,0,0,0,0,0,0,0,0,0,0,0,0,0,0,0,0,0,0,0,0,338,0,2315,66543,0,0,0,66354,0,0,0,12,338,785,0,0,0,0,188,0,0,0,0,2621,_history_tree_6_updates,1983,0,0,0,0,0,0,4970,2621,0,0,0,7591,0,0,0,0,0,2317,0,0,0,0,0,0,0
25,10018649925317144938,0,0,0,0,0,0,0,0,0,0,0,0,0,0,0,0,0,0,0,0,0,0,1026,0,6,9341,0,0,0,9328,0,0,0,29,2599,1,0,0,0,0,13,0,0,0,0,2605,_history_tree_14_removes,3054,0,0,0,0,0,0,2611,2605,0,0,0,5216,0,0,0,0,0,6,0,0,0,0,0,0,0
25,10018649925317144938,0,0,0,0,0,0,0,0,0,0,0,0,0,0,0,0,0,0,0,0,0,0,378,0,2334,66718,0,0,0,66501,0,0,0,30,378,827,0,0,0,0,216,0,0,0,0,2707,_history_tree_15_updates,1998,0,0,0,0,0,0,5045,2707,0,0,0,7752,0,0,0,0,0,2333,0,0,0,0,0,0,0
25,10018649925317144938,0,0,0,0,0,0,0,0,0,0,0,0,0,0,0,0,0,0,0,0,0,0,967,0,7,8938,0,0,0,8928,0,0,0,31,2524,1,0,0,0,0,10,0,0,0,0,2531,_history_tree_15_removes,2969,0,0,0,0,0,0,2538,2531,0,0,0,5069,0,0,0,0,0,7,0,0,0,0,0,0,0
25,10018649925317144938,0,0,0,0,0,0,0,0,0,0,0,0,0,0,0,0,0,0,0,0,0,0,338,0,2354,67500,0,0,0,67295,0,0,0,32,338,791,0,0,0,0,203,0,0,0,0,2688,_history_tree_16_updates,2022,0,0,0,0,0,0,5045,2688,0,0,0,7733,0,0,0,0,0,2353,0,0,0,0,0,0,0
25,10018649925317144938,0,0,0,0,0,0,0,0,0,0,0,0,0,0,0,0,0,0,0,0,0,0,1062,0,5,9217,0,0,0,9199,0,0,0,33,2629,2,0,0,0,0,18,0,0,0,0,2634,_history_tree_16_removes,3083,0,0,0,0,0,0,2639,2634,0,0,0,5273,0,0,0,0,0,5,0,0,0,0,0,0,0
25,10018649925317144938,0,0,0,0,0,0,0,0,0,0,0,0,0,0,0,0,0,0,0,0,0,0,401,0,2301,139583,0,0,0,69574,0,0,0,34,10416,2699,0,0,0,0,219,0,0,0,0,6223,_history_tree_17_updates,3914,0,0,0,0,0,0,15019,12445,1,0,0,21242,0,0,0,0,0,2300,0,0,0,0,0,0,0
25,10018649925317144938,0,0,0,0,0,0,0,0,0,0,0,0,0,0,0,0,0,0,0,0,0,0,758,0,18,8433,0,0,0,8418,0,0,0,35,2428,11,0,0,0,0,15,0,0,0,0,2447,_history_tree_17_removes,2833,0,0,0,0,0,0,2465,2447,0,0,0,4912,0,0,0,0,0,18,0,0,0,0,0,0,0
25,10018649925317144938,0,0,0,0,0,0,0,0,0,0,0,0,0,0,0,0,0,0,0,0,0,0,354,0,2377,68221,0,0,0,68015,0,0,0,36,354,845,0,0,0,0,208,0,0,0,0,2684,_history_tree_18_updates,2005,0,0,0,0,0,0,5106,2684,0,0,0,7790,0,0,0,0,0,2375,0,0,0,0,0,0,0
25,10018649925317144938,0,0,0,0,0,0,0,0,0,0,0,0,0,0,0,0,0,0,0,0,0,0,1025,0,9,9384,0,0,0,9370,0,0,0,37,2590,3,0,0,0,0,14,0,0,0,0,2599,_history_tree_18_removes,3043,0,0,0,0,0,0,2608,2599,0,0,0,5207,0,0,0,0,0,9,0,0,0,0,0,0,0
25,10018649925317144938,0,0,0,0,0,0,0,0,0,0,0,0,0,0,0,0,0,0,0,0,0,0,372,0,2360,67257,0,0,0,67051,0,0,0,38,373,820,0,0,0,0,205,0,0,0,0,2695,_history_tree_19_updates,2046,0,0,0,0,0,0,5093,2695,0,0,0,7788,0,0,0,0,0,2360,0,0,0,0,0,0,0
25,10018649925317144938,0,0,0,0,0,0,0,0,0,0,0,0,0,0,0,0,0,0,0,0,0,0,970,0,6,8939,0,0,0,8933,0,0,0,39,2639,1,0,0,0,0,6,0,0,0,0,2645,_history_tree_19_removes,3075,0,0,0,0,0,0,2650,2644,0,0,0,5294,0,0,0,0,0,6,0,0,0,0,0,0,0
25,10018649925317144938,49063,0,0,0,0,0,44783,0,0,0,0,0,0,0,0,0,0,0,0,0,0,0,0,0,0,292643,0,0,0,95834,0,0,0,40,0,0,0,0,0,0,2139,0,0,93852,0,0,warehouse,0,0,0,0,0,0,0,0,0,0,0,0,0,194148,0,0,194147,0,0,0,0,0,93857,0,0,0
25,10018649925317144938,0,0,0,0,0,0,0,0,0,0,0,0,0,0,0,0,0,0,0,0,0,0,0,0,0,0,0,0,0,0,0,0,0,41,0,0,0,0,0,0,0,0,0,0,0,0,_warehouse_graveyard,0,0,0,0,0,0,0,0,0,0,0,0,0,0,0,0,0,0,0,0,0,0,0,0,0,0
25,10018649925317144938,96053,0,0,0,0,0,95101,0,0,0,0,0,0,0,0,0,0,0,0,0,0,0,0,0,0,297087,0,0,0,193211,0,0,0,42,0,0,0,0,0,0,992,0,0,191147,0,0,district,0,0,0,0,0,0,0,0,0,0,0,0,0,102812,0,0,102811,0,0,0,0,0,191149,0,0,0
25,10018649925317144938,0,0,0,0,0,0,0,0,0,0,0,0,0,0,0,0,0,0,0,0,0,0,0,0,0,0,0,0,0,0,0,0,0,43,0,0,0,0,0,0,0,0,0,0,0,0,_district_graveyard,0,0,0,0,0,0,0,0,0,0,0,0,0,0,0,0,0,0,0,0,0,0,0,0,0,0
25,10018649925317144938,63144,0,0,0,0,0,59614,0,0,0,0,0,0,0,0,0,0,0,0,0,0,0,0,0,0,787018,0,0,0,122783,0,0,0,44,0,0,0,0,0,0,8,0,0,122760,0,0,customer,0,0,0,0,0,0,0,0,0,0,0,0,0,139546,0,0,139546,0,0,0,0,0,122758,0,0,0
25,10018649925317144938,0,0,0,0,0,0,0,0,0,0,0,0,0,0,0,0,0,0,0,0,0,0,0,0,0,0,0,0,0,0,0,0,0,45,0,0,0,0,0,0,0,0,0,0,0,0,_customer_graveyard,0,0,0,0,0,0,0,0,0,0,0,0,0,0,0,0,0,0,0,0,0,0,0,0,0,0
25,10018649925317144938,0,0,0,0,0,0,0,0,0,0,0,0,0,0,0,0,0,0,0,0,0,0,0,0,0,184053,0,0,0,0,0,0,0,46,0,0,0,0,0,0,61348,0,0,0,0,0,customerwdl,0,0,0,0,0,0,0,0,0,0,0,61349,0,61350,0,0,61350,0,0,0,0,0,0,0,0,0
25,10018649925317144938,0,0,0,0,0,0,0,0,0,0,0,0,0,0,0,0,0,0,0,0,0,0,0,0,0,0,0,0,0,0,0,0,0,47,0,0,0,0,0,0,0,0,0,0,0,0,_customerwdl_graveyard,0,0,0,0,0,0,0,0,0,0,0,0,0,0,0,0,0,0,0,0,0,0,0,0,0,0
25,10018649925317144938,0,0,0,0,0,0,0,0,0,0,0,0,0,0,0,0,0,0,0,0,0,0,0,0,2191,117246,0,0,0,39082,0,0,0,48,0,0,0,0,0,0,0,0,0,0,0,0,history,0,0,0,0,0,0,0,2213,0,0,0,0,2213,0,0,0,0,0,0,0,0,0,0,0,0,0
25,10018649925317144938,0,0,0,0,0,0,0,0,0,0,0,0,0,0,0,0,0,0,0,0,0,0,0,0,0,0,0,0,0,0,0,0,0,49,0,0,0,0,0,0,0,0,0,0,0,0,_history_graveyard,0,0,0,0,0,0,0,0,0,0,0,0,0,0,0,0,0,0,0,0,0,0,0,0,0,0
25,10018649925317144938,42981,85860,0,85860,0,0,42893,0,0,0,0,0,0,0,0,0,0,0,0,0,0,0,60007,0,2069,1135164,0,0,0,272451,0,10100,0,50,52,0,0,0,0,0,105922,0,0,0,0,0,neworder,89869,10100,0,0,0,0,0,3922,2,0,0,86137,3922,96236,0,0,96236,0,1791,0,0,0,0,0,0,0
25,10018649925317144938,0,0,0,0,0,0,0,0,0,0,0,0,0,0,0,0,0,0,0,0,0,0,0,0,0,0,0,0,0,0,0,0,0,51,0,0,0,0,0,0,0,0,0,0,0,0,_neworder_graveyard,0,0,0,0,0,0,0,0,0,0,0,0,0,0,0,0,0,0,0,0,0,0,0,0,0,0
25,10018649925317144938,43481,0,0,0,0,0,42376,0,0,0,0,0,0,0,0,0,0,0,0,0,0,0,0,0,4315,833570,0,0,0,188558,0,0,0,52,0,0,0,0,0,0,0,0,0,85863,0,0,order,0,0,0,0,0,0,0,4362,0,0,0,0,4362,89300,0,0,89301,0,0,0,0,0,85868,0,0,0
25,10018649925317144938,0,0,0,0,0,0,0,0,0,0,0,0,0,0,0,0,0,0,0,0,0,0,0,0,0,0,0,0,0,0,0,0,0,53,0,0,0,0,0,0,0,0,0,0,0,0,_order_graveyard,0,0,0,0,0,0,0,0,0,0,0,0,0,0,0,0,0,0,0,0,0,0,0,0,0,0
25,10018649925317144938,0,0,0,0,0,0,0,0,0,0,0,0,0,0,0,0,3434,0,0,0,0,0,0,0,1299,309282,0,0,0,99662,0,0,0,54,0,0,0,0,0,0,3433,0,0,0,0,0,order_wdc,0,0,0,0,0,0,0,1301,0,0,0,0,1301,3433,0,0,3433,0,0,0,0,0,0,0,0,0
25,10018649925317144938,0,0,0,0,0,0,0,0,0,0,0,0,0,0,0,0,0,0,0,0,0,0,0,0,0,0,0,0,0,0,0,0,0,55,0,0,0,0,0,0,0,0,0,0,0,0,_order_wdc_graveyard,0,0,0,0,0,0,0,0,0,0,0,0,0,0,0,0,0,0,0,0,0,0,0,0,0,0
25,10018649925317144938,434496,0,0,0,0,0,424765,0,0,0,0,0,0,0,0,0,0,0,0,0,0,0,100541,0,58418,7641559,0,0,0,1897912,0,1201,0,56,0,0,0,0,0,0,12473,0,0,859326,0,0,orderline,1827517,1201,0,0,0,0,0,59208,0,0,0,12397,59208,1839846,0,0,1839848,0,0,0,0,0,859388,0,0,0
25,10018649925317144938,0,0,0,0,0,0,0,0,0,0,0,0,0,0,0,0,0,0,0,0,0,0,0,0,0,0,0,0,0,0,0,0,0,57,0,0,0,0,0,0,0,0,0,0,0,0,_orderline_graveyard,0,0,0,0,0,0,0,0,0,0,0,0,0,0,0,0,0,0,0,0,0,0,0,0,0,0
25,10018649925317144938,0,0,0,0,0,0,0,0,0,0,0,0,0,0,0,0,0,0,0,0,0,0,0,0,0,1959858,0,0,0,0,0,0,0,58,0,0,0,0,0,0,0,0,0,0,0,0,item,0,0,0,0,0,0,0,0,0,0,0,0,0,979935,0,0,979924,0,0,0,0,0,0,0,0,0
26,10018649925317144938,0,0,0,0,0,0,0,0,0,0,0,0,0,0,0,0,0,0,0,0,0,0,0,0,0,0,0,0,0,0,0,0,0,61,0,0,0,0,0,0,0,0,0,0,0,0,_stock_graveyard,0,0,0,0,0,0,0,0,0,0,0,0,0,0,0,0,0,0,0,0,0,0,0,0,0,0
26,10018649925317144938,502270,0,0,0,0,0,490035,0,0,0,0,0,0,0,0,0,0,0,0,0,0,0,0,0,0,15089029,0,0,0,993238,0,0,0,60,0,0,0,0,0,0,1078,0,0,992286,0,0,stock,0,0,0,0,0,0,0,0,0,0,0,0,0,2778052,0,0,2778062,0,0,0,0,0,992265,0,0,0
26,10018649925317144938,0,0,0,0,0,0,0,0,0,0,0,0,0,0,0,0,0,0,0,0,0,0,0,0,0,0,0,0,0,0,0,0,0,59,0,0,0,0,0,0,0,0,0,0,0,0,_item_graveyard,0,0,0,0,0,0,0,0,0,0,0,0,0,0,0,0,0,0,0,0,0,0,0,0,0,0
26,10018649925317144938,0,0,0,0,0,0,0,0,0,0,0,0,0,0,0,0,0,0,0,0,0,0,330,0,2341,67245,0,0,0,67027,0,0,0,28,330,740,0,0,0,0,217,0,0,0,0,2666,_history_tree_14_updates,2046,0,0,0,0,0,0,5011,2666,0,0,0,7677,0,0,0,0,0,2340,0,0,0,0,0,0,0
26,10018649925317144938,0,0,0,0,0,0,0,0,0,0,0,0,0,0,0,0,0,0,0,0,0,0,1011,0,6,9034,0,0,0,9020,0,0,0,27,2681,3,0,0,0,0,15,0,0,0,0,2687,_history_tree_13_removes,3135,0,0,0,0,0,0,2693,2687,0,0,0,5380,0,0,0,0,0,6,0,0,0,0,0,0,0
26,10018649925317144938,0,0,0,0,0,0,0,0,0,0,0,0,0,0,0,0,0,0,0,0,0,0,328,0,2345,67047,0,0,0,66825,0,0,0,26,328,750,0,0,0,0,221,0,0,0,0,2647,_history_tree_13_updates,2043,0,0,0,0,0,0,5017,2647,0,0,0,7664,0,0,0,0,0,2345,0,0,0,0,0,0,0
26,10018649925317144938,0,0,0,0,0,0,0,0,0,0,0,0,0,0,0,0,0,0,0,0,0,0,1048,0,6,9608,0,0,0,9593,0,0,0,25,2575,2,0,0,0,0,15,0,0,0,0,2581,_history_tree_12_removes,3045,0,0,0,0,0,0,2587,2581,0,0,0,5168,0,0,0,0,0,6,0,0,0,0,0,0,0
26,10018649925317144938,0,0,0,0,0,0,0,0,0,0,0,0,0,0,0,0,0,0,0,0,0,0,348,0,2389,68921,0,0,0,68739,0,0,0,24,348,846,0,0,0,0,181,0,0,0,0,2734,_history_tree_12_updates,2029,0,0,0,0,0,0,5127,2734,0,0,0,7861,0,0,0,0,0,2390,0,0,0,0,0,0,0
26,10018649925317144938,0,0,0,0,0,0,0,0,0,0,0,0,0,0,0,0,0,0,0,0,0,0,1059,0,5,9387,0,0,0,9369,0,0,0,23,2640,2,0,0,0,0,18,0,0,0,0,2644,_history_tree_11_removes,3104,0,0,0,0,0,0,2649,2644,0,0,0,5293,0,0,0,0,0,5,0,0,0,0,0,0,0
26,10018649925317144938,0,0,0,0,0,0,0,0,0,0,0,0,0,0,0,0,0,0,0,0,0,0,364,0,2387,68581,0,0,0,68348,0,0,0,22,364,837,0,0,0,0,230,0,0,0,0,2730,_history_tree_11_updates,2029,0,0,0,0,0,0,5137,2730,0,0,0,7867,0,0,0,0,0,2386,0,0,0,0,0,0,0
26,10018649925317144938,0,0,0,0,0,0,0,0,0,0,0,0,0,0,0,0,0,0,0,0,0,0,1033,0,3,9279,0,0,0,9270,0,0,0,21,2733,1,0,0,0,0,9,0,0,0,0,2736,_history_tree_10_removes,3191,0,0,0,0,0,0,2739,2736,0,0,0,5475,0,0,0,0,0,3,0,0,0,0,0,0,0
26,10018649925317144938,0,0,0,0,0,0,0,0,0,0,0,0,0,0,0,0,0,0,0,0,0,0,358,0,2373,67927,0,0,0,67735,0,0,0,20,358,749,0,0,0,0,192,0,0,0,0,2732,_history_tree_10_updates,2128,0,0,0,0,0,0,5105,2732,0,0,0,7837,0,0,0,0,0,2374,0,0,0,0,0,0,0
26,10018649925317144938,0,0,0,0,0,0,0,0,0,0,0,0,0,0,0,0,0,0,0,0,0,0,1009,0,3,9017,0,0,0,9005,0,0,0,19,2619,1,0,0,0,0,12,0,0,0,0,2622,_history_tree_9_removes,3084,0,0,0,0,0,0,2625,2622,0,0,0,5247,0,0,0,0,0,3,0,0,0,0,0,0,0
26,10018649925317144938,0,0,0,0,0,0,0,0,0,0,0,0,0,0,0,0,0,0,0,0,0,0,354,0,2348,67092,0,0,0,66883,0,0,0,18,354,784,0,0,0,0,209,0,0,0,0,2701,_history_tree_9_updates,2045,0,0,0,0,0,0,5051,2701,0,0,0,7752,0,0,0,0,0,2349,0,0,0,0,0,0,0
26,10018649925317144938,0,0,0,0,0,0,0,0,0,0,0,0,0,0,0,0,0,0,0,0,0,0,1082,0,4,9574,0,0,0,9556,0,0,0,17,2648,1,0,0,0,0,18,0,0,0,0,2652,_history_tree_8_removes,3117,0,0,0,0,0,0,2656,2652,0,0,0,5308,0,0,0,0,0,4,0,0,0,0,0,0,0
26,10018649925317144938,0,0,0,0,0,0,0,0,0,0,0,0,0,0,0,0,0,0,0,0,0,0,321,0,2397,69062,0,0,0,68837,0,0,0,16,321,812,0,0,0,0,224,0,0,0,0,2719,_history_tree_8_updates,2034,0,0,0,0,0,0,5116,2719,0,0,0,7835,0,0,0,0,0,2398,0,0,0,0,0,0,0
26,10018649925317144938,0,0,0,0,0,0,0,0,0,0,0,0,0,0,0,0,0,0,0,0,0,0,983,0,7,9114,0,0,0,9100,0,0,0,15,2607,2,0,0,0,0,14,0,0,0,0,2614,_history_tree_7_removes,3041,0,0,0,0,0,0,2621,2614,0,0,0,5235,0,0,0,0,0,7,0,0,0,0,0,0,0
26,10018649925317144938,0,0,0,0,0,0,0,0,0,0,0,0,0,0,0,0,0,0,0,0,0,0,374,0,2354,67568,0,0,0,67363,0,0,0,14,374,824,0,0,0,0,203,0,0,0,0,2704,_history_tree_7_updates,2023,0,0,0,0,0,0,5081,2704,0,0,0,7785,0,0,0,0,0,2353,0,0,0,0,0,0,0
26,10018649925317144938,0,0,0,0,0,0,0,0,0,0,0,0,0,0,0,0,0,0,0,0,0,0,954,0,9,9111,0,0,0,9094,0,0,0,13,2660,6,0,0,0,0,18,0,0,0,0,2669,_history_tree_6_removes,3121,0,0,0,0,0,0,2678,2669,0,0,0,5347,0,0,0,0,0,9,0,0,0,0,0,0,0
26,10018649925317144938,0,0,0,0,0,0,0,0,0,0,0,0,0,21441499,22209715,0,0,0,0,0,0,0,372,0,2408,69324,0,0,0,69117,0,0,0,0,372,839,0,0,0,0,208,0,0,0,0,2751,_history_tree_0_updates,2069,0,1491248,0,0,0,0,5186,2751,0,0,0,7937,0,0,0,0,0,2406,0,0,0,0,686342,0,0
26,10018649925317144938,0,0,0,0,0,0,0,0,0,0,0,0,0,0,0,0,0,0,0,0,0,0,1004,0,10,9607,0,0,0,9586,0,0,0,1,2618,3,0,0,0,0,21,0,0,0,0,2629,_history_tree_0_removes,3075,0,0,0,0,0,0,2639,2629,0,0,0,5268,0,0,0,0,0,10,0,0,0,0,0,0,0
26,10018649925317144938,0,0,0,0,0,0,0,0,0,0,0,0,0,0,0,0,0,0,0,0,0,0,349,0,2356,67246,0,0,0,67053,0,0,0,2,349,794,0,0,0,0,192,0,0,0,0,2691,_history_tree_1_updates,2051,0,0,0,0,0,0,5062,2691,0,0,0,7753,0,0,0,0,0,2357,0,0,0,0,0,0,0
26,10018649925317144938,0,0,0,0,0,0,0,0,0,0,0,0,0,0,0,0,0,0,0,0,0,0,971,0,6,9037,0,0,0,9016,0,0,0,3,2656,2,0,0,0,0,21,0,0,0,0,2661,_history_tree_1_removes,3115,0,0,0,0,0,0,2668,2662,0,0,0,5330,0,0,0,0,0,6,0,0,0,0,0,0,0
26,10018649925317144938,0,0,0,0,0,0,0,0,0,0,0,0,0,0,0,0,0,0,0,0,0,0,349,0,2363,67457,0,0,0,67233,0,0,0,4,349,762,0,0,0,0,224,0,0,0,0,2710,_history_tree_2_updates,2057,0,0,0,0,0,0,5073,2710,0,0,0,7783,0,0,0,0,0,2361,0,0,0,0,0,0,0
26,10018649925317144938,0,0,0,0,0,0,0,0,0,0,0,0,0,0,0,0,0,0,0,0,0,0,1010,0,4,9076,0,0,0,9065,0,0,0,5,2751,1,0,0,0,0,11,0,0,0,0,2755,_history_tree_2_removes,3186,0,0,0,0,0,0,2760,2756,0,0,0,5516,0,0,0,0,0,4,0,0,0,0,0,0,0
26,10018649925317144938,0,0,0,0,0,0,0,0,0,0,0,0,0,0,0,0,0,0,0,0,0,0,360,0,2404,69143,0,0,0,68950,0,0,0,6,360,833,0,0,0,0,192,0,0,0,0,2751,_history_tree_3_updates,2039,0,0,0,0,0,0,5168,2751,0,0,0,7919,0,0,0,0,0,2404,0,0,0,0,0,0,0
26,10018649925317144938,0,0,0,0,0,0,0,0,0,0,0,0,0,0,0,0,0,0,0,0,0,0,1050,0,5,9562,0,0,0,9541,0,0,0,7,2636,1,0,0,0,0,21,0,0,0,0,2641,_history_tree_3_removes,3095,0,0,0,0,0,0,2645,2640,0,0,0,5285,0,0,0,0,0,5,0,0,0,0,0,0,0
26,10018649925317144938,0,0,0,0,0,0,0,0,0,0,0,0,0,0,0,0,0,0,0,0,0,0,342,0,2371,68605,0,0,0,68388,0,0,0,8,342,806,0,0,0,0,217,0,0,0,0,2714,_history_tree_4_updates,2038,0,0,0,0,0,0,5085,2714,0,0,0,7799,0,0,0,0,0,2372,0,0,0,0,0,0,0
26,10018649925317144938,0,0,0,0,0,0,0,0,0,0,0,0,0,0,0,0,0,0,0,0,0,0,1076,0,3,9684,0,0,0,9671,0,0,0,9,2618,1,0,0,0,0,13,0,0,0,0,2621,_history_tree_4_removes,3077,0,0,0,0,0,0,2624,2621,0,0,0,5245,0,0,0,0,0,3,0,0,0,0,0,0,0
26,10018649925317144938,0,0,0,0,0,0,0,0,0,0,0,0,0,0,0,0,0,0,0,0,0,0,356,0,2363,67712,0,0,0,67519,0,0,0,10,356,781,0,0,0,0,192,0,0,0,0,2718,_history_tree_5_updates,2056,0,0,0,0,0,0,5081,2718,0,0,0,7798,0,0,0,0,0,2362,0,0,0,0,0,0,0
26,10018649925317144938,0,0,0,0,0,0,0,0,0,0,0,0,0,0,0,0,0,0,0,0,0,0,1032,0,3,9257,0,0,0,9239,0,0,0,11,2721,1,0,0,0,0,18,0,0,0,0,2724,_history_tree_5_removes,3179,0,0,0,0,0,0,2727,2724,0,0,0,5451,0,0,0,0,0,3,0,0,0,0,0,0,0
26,10018649925317144938,0,0,0,0,0,0,0,0,0,0,0,0,0,0,0,0,0,0,0,0,0,0,379,0,2396,68415,0,0,0,68201,0,0,0,12,379,850,0,0,0,0,216,0,0,0,0,2687,_history_tree_6_updates,2054,0,0,0,0,0,0,5172,2687,0,0,0,7859,0,0,0,0,0,2397,0,0,0,0,0,0,0
26,10018649925317144938,0,0,0,0,0,0,0,0,0,0,0,0,0,0,0,0,0,0,0,0,0,0,1005,0,3,9153,0,0,0,9137,0,0,0,29,2683,1,0,0,0,0,16,0,0,0,0,2686,_history_tree_14_removes,3127,0,0,0,0,0,0,2689,2686,0,0,0,5375,0,0,0,0,0,3,0,0,0,0,0,0,0
26,10018649925317144938,0,0,0,0,0,0,0,0,0,0,0,0,0,0,0,0,0,0,0,0,0,0,321,0,2386,68331,0,0,0,68105,0,0,0,30,321,795,0,0,0,0,226,0,0,0,0,2705,_history_tree_15_updates,2043,0,0,0,0,0,0,5093,2705,0,0,0,7798,0,0,0,0,0,2386,0,0,0,0,0,0,0
26,10018649925317144938,0,0,0,0,0,0,0,0,0,0,0,0,0,0,0,0,0,0,0,0,0,0,1034,0,8,9349,0,0,0,9335,0,0,0,31,2668,2,0,0,0,0,14,0,0,0,0,2676,_history_tree_15_removes,3121,0,0,0,0,0,0,2684,2676,0,0,0,5360,0,0,0,0,0,8,0,0,0,0,0,0,0
26,10018649925317144938,0,0,0,0,0,0,0,0,0,0,0,0,0,0,0,0,0,0,0,0,0,0,373,0,2372,68231,0,0,0,68010,0,0,0,32,373,808,0,0,0,0,220,0,0,0,0,2725,_history_tree_16_updates,2068,0,0,0,0,0,0,5116,2725,0,0,0,7841,0,0,0,0,0,2371,0,0,0,0,0,0,0
26,10018649925317144938,0,0,0,0,0,0,0,0,0,0,0,0,0,0,0,0,0,0,0,0,0,0,1010,0,5,9291,0,0,0,9280,0,0,0,33,2599,2,0,0,0,0,11,0,0,0,0,2604,_history_tree_16_removes,3042,0,0,0,0,0,0,2609,2604,0,0,0,5213,0,0,0,0,0,5,0,0,0,0,0,0,0
26,10018649925317144938,0,0,0,0,0,0,0,0,0,0,0,0,0,0,0,0,0,0,0,0,0,0,395,0,2375,145332,0,0,0,72458,0,0,0,34,10733,2771,0,0,0,0,206,0,0,0,0,6421,_history_tree_17_updates,4041,0,0,0,0,0,0,15485,12844,0,0,0,21907,0,0,0,0,0,2376,0,0,0,0,0,0,0
26,10018649925317144938,0,0,0,0,0,0,0,0,0,0,0,0,0,0,0,0,0,0,0,0,0,0,855,0,21,9207,0,0,0,9197,0,0,0,35,2498,15,0,0,0,0,10,0,0,0,0,2518,_history_tree_17_removes,2942,0,0,0,0,0,0,2539,2518,0,0,0,5057,0,0,0,0,0,21,0,0,0,0,0,0,0
26,10018649925317144938,0,0,0,0,0,0,0,0,0,0,0,0,0,0,0,0,0,0,0,0,0,0,329,0,2361,67810,0,0,0,67630,0,0,0,36,329,764,0,0,0,0,178,0,0,0,0,2692,_history_tree_18_updates,2047,0,0,0,0,0,0,5053,2692,0,0,0,7745,0,0,0,0,0,2363,0,0,0,0,0,0,0
26,10018649925317144938,0,0,0,0,0,0,0,0,0,0,0,0,0,0,0,0,0,0,0,0,0,0,1043,0,5,9312,0,0,0,9294,0,0,0,37,2711,1,0,0,0,0,18,0,0,0,0,2716,_history_tree_18_removes,3174,0,0,0,0,0,0,2721,2716,0,0,0,5437,0,0,0,0,0,5,0,0,0,0,0,0,0
26,10018649925317144938,0,0,0,0,0,0,0,0,0,0,0,0,0,0,0,0,0,0,0,0,0,0,338,0,2349,67769,0,0,0,67528,0,0,0,38,338,785,0,0,0,0,241,0,0,0,0,2647,_history_tree_19_updates,2024,0,0,0,0,0,0,5039,2647,0,0,0,7686,0,0,0,0,0,2351,0,0,0,0,0,0,0
26,10018649925317144938,0,0,0,0,0,0,0,0,0,0,0,0,0,0,0,0,0,0,0,0,0,0,1085,0,4,9436,0,0,0,9420,0,0,0,39,2630,2,0,0,0,0,16,0,0,0,0,2634,_history_tree_19_removes,3080,0,0,0,0,0,0,2638,2634,0,0,0,5272,0,0,0,0,0,4,0,0,0,0,0,0,0
26,10018649925317144938,49616,0,0,0,0,0,45610,0,0,0,0,0,0,0,0,0,0,0,0,0,0,0,0,0,1,296597,0,0,0,97252,0,0,0,40,0,0,0,0,0,0,2105,0,0,95225,0,0,warehouse,0,0,0,0,0,0,0,1,0,0,0,0,1,196748,0,0,196751,1,0,0,0,0,95229,0,0,0
26,10018649925317144938,0,0,0,0,0,0,0,0,0,0,0,0,0,0,0,0,0,0,0,0,0,0,0,0,0,0,0,0,0,0,0,0,0,41,0,0,0,0,0,0,0,0,0,0,0,0,_warehouse_graveyard,0,0,0,0,0,0,0,0,0,0,0,0,0,0,0,0,0,0,0,0,0,0,0,0,0,0
26,10018649925317144938,97595,0,0,0,0,0,96051,0,0,0,0,0,0,0,0,0,0,0,0,0,0,0,0,0,0,301002,0,0,0,195799,0,0,0,42,0,0,0,0,0,0,1003,0,0,193651,0,0,district,0,0,0,0,0,0,0,0,0,0,0,0,0,104166,0,0,104168,0,0,0,0,0,193669,0,0,0
26,10018649925317144938,0,0,0,0,0,0,0,0,0,0,0,0,0,0,0,0,0,0,0,0,0,0,0,0,0,0,0,0,0,0,0,0,0,43,0,0,0,0,0,0,0,0,0,0,0,0,_district_graveyard,0,0,0,0,0,0,0,0,0,0,0,0,0,0,0,0,0,0,0,0,0,0,0,0,0,0
26,10018649925317144938,63287,0,0,0,0,0,60303,0,0,0,0,0,0,0,0,0,0,0,0,0,0,0,0,0,0,795642,0,0,0,123619,0,0,0,44,0,0,0,0,0,0,6,0,0,123594,0,0,customer,0,0,0,0,0,0,0,0,0,0,0,0,0,141592,0,0,141592,0,0,0,0,0,123599,0,0,0
26,10018649925317144938,0,0,0,0,0,0,0,0,0,0,0,0,0,0,0,0,0,0,0,0,0,0,0,0,0,0,0,0,0,0,0,0,0,45,0,0,0,0,0,0,0,0,0,0,0,0,_customer_graveyard,0,0,0,0,0,0,0,0,0,0,0,0,0,0,0,0,0,0,0,0,0,0,0,0,0,0
26,10018649925317144938,0,0,0,0,0,0,0,0,0,0,0,0,0,0,0,0,0,0,0,0,0,0,0,0,0,186216,0,0,0,0,0,0,0,46,0,0,0,0,0,0,62072,0,0,0,0,0,customerwdl,0,0,0,0,0,0,0,0,0,0,0,62074,0,62073,0,0,62072,0,0,0,0,0,0,0,0,0
26,10018649925317144938,0,0,0,0,0,0,0,0,0,0,0,0,0,0,0,0,0,0,0,0,0,0,0,0,0,0,0,0,0,0,0,0,0,47,0,0,0,0,0,0,0,0,0,0,0,0,_customerwdl_graveyard,0,0,0,0,0,0,0,0,0,0,0,0,0,0,0,0,0,0,0,0,0,0,0,0,0,0
26,10018649925317144938,0,0,0,0,0,0,0,0,0,0,0,0,0,0,0,0,0,0,0,0,0,0,0,0,2244,119628,0,0,0,39877,0,0,0,48,0,0,0,0,0,0,0,0,0,0,0,0,history,0,0,0,0,0,0,0,2274,0,0,0,0,2274,0,0,0,0,0,0,0,0,0,0,0,0,0
26,10018649925317144938,0,0,0,0,0,0,0,0,0,0,0,0,0,0,0,0,0,0,0,0,0,0,0,0,0,0,0,0,0,0,0,0,0,49,0,0,0,0,0,0,0,0,0,0,0,0,_history_graveyard,0,0,0,0,0,0,0,0,0,0,0,0,0,0,0,0,0,0,0,0,0,0,0,0,0,0
26,10018649925317144938,43038,85927,0,85929,0,0,42945,0,0,0,0,0,0,0,0,0,0,0,0,0,0,0,60222,0,2119,1141417,0,0,0,273882,0,9054,0,50,124,0,0,0,0,0,106587,0,0,0,0,0,neworder,89551,9055,0,0,0,0,0,4060,0,1,0,86298,4060,95355,0,0,95354,0,1810,0,0,0,0,0,0,0
26,10018649925317144938,0,0,0,0,0,0,0,0,0,0,0,0,0,0,0,0,0,0,0,0,0,0,0,0,0,0,0,0,0,0,0,0,0,51,0,0,0,0,0,0,0,0,0,0,0,0,_neworder_graveyard,0,0,0,0,0,0,0,0,0,0,0,0,0,0,0,0,0,0,0,0,0,0,0,0,0,0
26,10018649925317144938,43484,0,0,0,0,0,42499,0,0,0,0,0,0,0,0,0,0,0,0,0,0,0,0,0,4385,838203,0,0,0,189893,0,0,0,52,0,0,0,0,0,0,0,0,0,85971,0,0,order,0,0,0,0,0,0,0,4410,0,0,0,0,4410,89499,0,0,89498,0,0,0,0,0,85964,0,0,0
26,10018649925317144938,0,0,0,0,0,0,0,0,0,0,0,0,0,0,0,0,0,0,0,0,0,0,0,0,0,0,0,0,0,0,0,0,0,53,0,0,0,0,0,0,0,0,0,0,0,0,_order_graveyard,0,0,0,0,0,0,0,0,0,0,0,0,0,0,0,0,0,0,0,0,0,0,0,0,0,0
26,10018649925317144938,0,0,0,0,0,0,0,0,0,0,0,0,0,0,0,0,3533,0,0,0,0,0,0,0,1355,313185,0,0,0,100861,0,0,0,54,0,0,0,0,0,0,3533,0,0,0,0,0,order_wdc,0,0,0,0,0,0,0,1355,0,0,0,0,1355,3533,0,0,3533,0,0,0,0,0,0,0,0,0
26,10018649925317144938,0,0,0,0,0,0,0,0,0,0,0,0,0,0,0,0,0,0,0,0,0,0,0,0,0,0,0,0,0,0,0,0,0,55,0,0,0,0,0,0,0,0,0,0,0,0,_order_wdc_graveyard,0,0,0,0,0,0,0,0,0,0,0,0,0,0,0,0,0,0,0,0,0,0,0,0,0,0
26,10018649925317144938,434726,0,0,0,0,0,424621,0,0,0,0,0,0,0,0,0,0,0,0,0,0,0,100135,0,59145,7692828,0,0,0,1910678,0,881,0,56,0,0,0,0,0,0,12527,0,0,859253,0,0,orderline,1820611,881,0,0,0,0,0,59928,0,0,0,12457,59930,1833070,0,0,1833082,0,0,0,0,0,859186,0,0,0
26,10018649925317144938,0,0,0,0,0,0,0,0,0,0,0,0,0,0,0,0,0,0,0,0,0,0,0,0,0,0,0,0,0,0,0,0,0,57,0,0,0,0,0,0,0,0,0,0,0,0,_orderline_graveyard,0,0,0,0,0,0,0,0,0,0,0,0,0,0,0,0,0,0,0,0,0,0,0,0,0,0
26,10018649925317144938,0,0,0,0,0,0,0,0,0,0,0,0,0,0,0,0,0,0,0,0,0,0,0,0,0,1984182,0,0,0,0,0,0,0,58,0,0,0,0,0,0,0,0,0,0,0,0,item,0,0,0,0,0,0,0,0,0,0,0,0,0,992093,0,0,992098,0,0,0,0,0,0,0,0,0
27,10018649925317144938,0,0,0,0,0,0,0,0,0,0,0,0,0,0,0,0,0,0,0,0,0,0,0,0,0,0,0,0,0,0,0,0,0,61,0,0,0,0,0,0,0,0,0,0,0,0,_stock_graveyard,0,0,0,0,0,0,0,0,0,0,0,0,0,0,0,0,0,0,0,0,0,0,0,0,0,0
27,10018649925317144938,500201,0,0,0,0,0,488356,0,0,0,0,0,0,0,0,0,0,0,0,0,0,0,0,0,0,14996848,0,0,0,989648,0,0,0,60,0,0,0,0,0,0,1105,0,0,988560,0,0,stock,0,0,0,0,0,0,0,0,0,0,0,0,0,2758399,0,0,2758380,0,0,0,0,0,988573,0,0,0
27,10018649925317144938,0,0,0,0,0,0,0,0,0,0,0,0,0,0,0,0,0,0,0,0,0,0,0,0,0,0,0,0,0,0,0,0,0,59,0,0,0,0,0,0,0,0,0,0,0,0,_item_graveyard,0,0,0,0,0,0,0,0,0,0,0,0,0,0,0,0,0,0,0,0,0,0,0,0,0,0
27,10018649925317144938,0,0,0,0,0,0,0,0,0,0,0,0,0,0,0,0,0,0,0,0,0,0,337,0,2375,68279,0,0,0,68067,0,0,0,28,337,831,0,0,0,0,214,0,0,0,0,2685,_history_tree_14_updates,1995,0,0,0,0,0,0,5088,2685,0,0,0,7773,0,0,0,0,0,2376,0,0,0,0,0,0,0
27,10018649925317144938,0,0,0,0,0,0,0,0,0,0,0,0,0,0,0,0,0,0,0,0,0,0,976,0,5,8811,0,0,0,8791,0,0,0,27,2600,1,0,0,0,0,19,0,0,0,0,2605,_history_tree_13_removes,3049,0,0,0,0,0,0,2610,2605,0,0,0,5215,0,0,0,0,0,5,0,0,0,0,0,0,0
27,10018649925317144938,0,0,0,0,0,0,0,0,0,0,0,0,0,0,0,0,0,0,0,0,0,0,336,0,2326,66363,0,0,0,66152,0,0,0,26,336,775,0,0,0,0,212,0,0,0,0,2660,_history_tree_13_updates,2006,0,0,0,0,0,0,4987,2660,0,0,0,7647,0,0,0,0,0,2325,0,0,0,0,0,0,0
27,10018649925317144938,0,0,0,0,0,0,0,0,0,0,0,0,0,0,0,0,0,0,0,0,0,0,984,0,6,8997,0,0,0,8980,0,0,0,25,2582,2,0,0,0,0,17,0,0,0,0,2588,_history_tree_12_removes,3035,0,0,0,0,0,0,2594,2588,0,0,0,5182,0,0,0,0,0,6,0,0,0,0,0,0,0
27,10018649925317144938,0,0,0,0,0,0,0,0,0,0,0,0,0,0,0,0,0,0,0,0,0,0,344,0,2345,67018,0,0,0,66815,0,0,0,24,344,816,0,0,0,0,203,0,0,0,0,2679,_history_tree_12_updates,2000,0,0,0,0,0,0,5032,2679,0,0,0,7712,0,0,0,0,0,2343,0,0,0,0,0,0,0
27,10018649925317144938,0,0,0,0,0,0,0,0,0,0,0,0,0,0,0,0,0,0,0,0,0,0,1003,0,4,9031,0,0,0,9020,0,0,0,23,2570,1,0,0,0,0,11,0,0,0,0,2574,_history_tree_11_removes,2996,0,0,0,0,0,0,2579,2575,0,0,0,5154,0,0,0,0,0,4,0,0,0,0,0,0,0
27,10018649925317144938,0,0,0,0,0,0,0,0,0,0,0,0,0,0,0,0,0,0,0,0,0,0,329,0,2335,66957,0,0,0,66733,0,0,0,22,329,779,0,0,0,0,225,0,0,0,0,2665,_history_tree_11_updates,1997,0,0,0,0,0,0,5000,2665,0,0,0,7666,0,0,0,0,0,2336,0,0,0,0,0,0,0
27,10018649925317144938,0,0,0,0,0,0,0,0,0,0,0,0,0,0,0,0,0,0,0,0,0,0,994,0,4,9090,0,0,0,9073,0,0,0,21,2601,1,0,0,0,0,17,0,0,0,0,2605,_history_tree_10_removes,3048,0,0,0,0,0,0,2610,2606,0,0,0,5216,0,0,0,0,0,4,0,0,0,0,0,0,0
27,10018649925317144938,0,0,0,0,0,0,0,0,0,0,0,0,0,0,0,0,0,0,0,0,0,0,354,0,2339,67045,0,0,0,66818,0,0,0,20,354,765,0,0,0,0,224,0,0,0,0,2679,_history_tree_10_updates,2051,0,0,0,0,0,0,5031,2679,0,0,0,7710,0,0,0,0,0,2338,0,0,0,0,0,0,0
27,10018649925317144938,0,0,0,0,0,0,0,0,0,0,0,0,0,0,0,0,0,0,0,0,0,0,996,0,4,9014,0,0,0,8999,0,0,0,19,2588,2,0,0,0,0,15,0,0,0,0,2592,_history_tree_9_removes,3020,0,0,0,0,0,0,2596,2592,0,0,0,5188,0,0,0,0,0,4,0,0,0,0,0,0,0
27,10018649925317144938,0,0,0,0,0,0,0,0,0,0,0,0,0,0,0,0,0,0,0,0,0,0,322,0,2329,66705,0,0,0,66488,0,0,0,18,322,787,0,0,0,0,215,0,0,0,0,2615,_history_tree_9_updates,1987,0,0,0,0,0,0,4978,2615,0,0,0,7593,0,0,0,0,0,2329,0,0,0,0,0,0,0
27,10018649925317144938,0,0,0,0,0,0,0,0,0,0,0,0,0,0,0,0,0,0,0,0,0,0,975,0,5,9107,0,0,0,9091,0,0,0,17,2602,1,0,0,0,0,16,0,0,0,0,2607,_history_tree_8_removes,3043,0,0,0,0,0,0,2612,2607,0,0,0,5219,0,0,0,0,0,5,0,0,0,0,0,0,0
27,10018649925317144938,0,0,0,0,0,0,0,0,0,0,0,0,0,0,0,0,0,0,0,0,0,0,341,0,2340,67123,0,0,0,66939,0,0,0,16,341,802,0,0,0,0,183,0,0,0,0,2680,_history_tree_8_updates,2005,0,0,0,0,0,0,5021,2680,0,0,0,7701,0,0,0,0,0,2340,0,0,0,0,0,0,0
27,10018649925317144938,0,0,0,0,0,0,0,0,0,0,0,0,0,0,0,0,0,0,0,0,0,0,989,0,9,9254,0,0,0,9239,0,0,0,15,2553,3,0,0,0,0,15,0,0,0,0,2562,_history_tree_7_removes,3032,0,0,0,0,0,0,2571,2562,0,0,0,5133,0,0,0,0,0,9,0,0,0,0,0,0,0
27,10018649925317144938,0,0,0,0,0,0,0,0,0,0,0,0,0,0,0,0,0,0,0,0,0,0,338,0,2379,68140,0,0,0,67944,0,0,0,14,338,850,0,0,0,0,197,0,0,0,0,2640,_history_tree_7_updates,2012,0,0,0,0,0,0,5097,2640,0,0,0,7737,0,0,0,0,0,2380,0,0,0,0,0,0,0
27,10018649925317144938,0,0,0,0,0,0,0,0,0,0,0,0,0,0,0,0,0,0,0,0,0,0,964,0,6,9143,0,0,0,9130,0,0,0,13,2639,4,0,0,0,0,12,0,0,0,0,2645,_history_tree_6_removes,3055,0,0,0,0,0,0,2651,2645,0,0,0,5296,0,0,0,0,0,6,0,0,0,0,0,0,0
27,10018649925317144938,0,0,0,0,0,0,0,0,0,0,0,0,0,21312225,22042871,0,0,0,0,0,0,0,335,0,2324,66346,0,0,0,66139,0,0,0,0,335,797,0,0,0,0,203,0,0,0,0,2650,_history_tree_0_updates,1963,0,1475353,0,0,0,0,4983,2650,0,0,0,7633,0,0,0,0,0,2325,0,0,0,0,716344,0,0
27,10018649925317144938,0,0,0,0,0,0,0,0,0,0,0,0,0,0,0,0,0,0,0,0,0,0,910,0,6,8863,0,0,0,8851,0,0,0,1,2578,1,0,0,0,0,12,0,0,0,0,2583,_history_tree_0_removes,2995,0,0,0,0,0,0,2589,2583,0,0,0,5172,0,0,0,0,0,6,0,0,0,0,0,0,0
27,10018649925317144938,0,0,0,0,0,0,0,0,0,0,0,0,0,0,0,0,0,0,0,0,0,0,333,0,2370,68199,0,0,0,67997,0,0,0,2,333,853,0,0,0,0,202,0,0,0,0,2662,_history_tree_1_updates,1966,0,0,0,0,0,0,5074,2662,0,0,0,7736,0,0,0,0,0,2371,0,0,0,0,0,0,0
27,10018649925317144938,0,0,0,0,0,0,0,0,0,0,0,0,0,0,0,0,0,0,0,0,0,0,1020,0,8,9385,0,0,0,9374,0,0,0,3,2509,4,0,0,0,0,11,0,0,0,0,2517,_history_tree_1_removes,2952,0,0,0,0,0,0,2524,2516,0,0,0,5040,0,0,0,0,0,8,0,0,0,0,0,0,0
27,10018649925317144938,0,0,0,0,0,0,0,0,0,0,0,0,0,0,0,0,0,0,0,0,0,0,355,0,2330,66524,0,0,0,66295,0,0,0,4,355,798,0,0,0,0,228,0,0,0,0,2674,_history_tree_2_updates,2000,0,0,0,0,0,0,5015,2674,0,0,0,7689,0,0,0,0,0,2330,0,0,0,0,0,0,0
27,10018649925317144938,0,0,0,0,0,0,0,0,0,0,0,0,0,0,0,0,0,0,0,0,0,0,960,0,5,8949,0,0,0,8937,0,0,0,5,2591,1,0,0,0,0,12,0,0,0,0,2596,_history_tree_2_removes,3027,0,0,0,0,0,0,2600,2595,0,0,0,5195,0,0,0,0,0,5,0,0,0,0,0,0,0
27,10018649925317144938,0,0,0,0,0,0,0,0,0,0,0,0,0,0,0,0,0,0,0,0,0,0,336,0,2319,66276,0,0,0,66055,0,0,0,6,336,778,0,0,0,0,220,0,0,0,0,2646,_history_tree_3_updates,2000,0,0,0,0,0,0,4976,2646,0,0,0,7622,0,0,0,0,0,2321,0,0,0,0,0,0,0
27,10018649925317144938,0,0,0,0,0,0,0,0,0,0,0,0,0,0,0,0,0,0,0,0,0,0,959,0,5,8839,0,0,0,8824,0,0,0,7,2565,2,0,0,0,0,15,0,0,0,0,2570,_history_tree_3_removes,3001,0,0,0,0,0,0,2575,2570,0,0,0,5145,0,0,0,0,0,5,0,0,0,0,0,0,0
27,10018649925317144938,0,0,0,0,0,0,0,0,0,0,0,0,0,0,0,0,0,0,0,0,0,0,328,0,2368,67827,0,0,0,67620,0,0,0,8,328,837,0,0,0,0,207,0,0,0,0,2667,_history_tree_4_updates,1974,0,0,0,0,0,0,5061,2667,0,0,0,7728,0,0,0,0,0,2365,0,0,0,0,0,0,0
27,10018649925317144938,0,0,0,0,0,0,0,0,0,0,0,0,0,0,0,0,0,0,0,0,0,0,1015,0,5,9111,0,0,0,9095,0,0,0,9,2569,2,0,0,0,0,16,0,0,0,0,2574,_history_tree_4_removes,3032,0,0,0,0,0,0,2579,2574,0,0,0,5153,0,0,0,0,0,5,0,0,0,0,0,0,0
27,10018649925317144938,0,0,0,0,0,0,0,0,0,0,0,0,0,0,0,0,0,0,0,0,0,0,356,0,2340,67107,0,0,0,66911,0,0,0,10,356,781,0,0,0,0,193,0,0,0,0,2679,_history_tree_5_updates,2036,0,0,0,0,0,0,5038,2679,0,0,0,7717,0,0,0,0,0,2342,0,0,0,0,0,0,0
27,10018649925317144938,0,0,0,0,0,0,0,0,0,0,0,0,0,0,0,0,0,0,0,0,0,0,960,0,7,9083,0,0,0,9064,0,0,0,11,2624,2,0,0,0,0,19,0,0,0,0,2632,_history_tree_5_removes,3069,0,0,0,0,0,0,2639,2632,0,0,0,5271,0,0,0,0,0,7,0,0,0,0,0,0,0
27,10018649925317144938,0,0,0,0,0,0,0,0,0,0,0,0,0,0,0,0,0,0,0,0,0,0,306,0,2324,66589,0,0,0,66377,0,0,0,12,306,763,0,0,0,0,208,0,0,0,0,2566,_history_tree_6_updates,1971,0,0,0,0,0,0,4953,2566,0,0,0,7519,0,0,0,0,0,2323,0,0,0,0,0,0,0
27,10018649925317144938,0,0,0,0,0,0,0,0,0,0,0,0,0,0,0,0,0,0,0,0,0,0,1044,0,9,9389,0,0,0,9374,0,0,0,29,2584,4,0,0,0,0,15,0,0,0,0,2593,_history_tree_14_removes,3045,0,0,0,0,0,0,2602,2593,0,0,0,5195,0,0,0,0,0,9,0,0,0,0,0,0,0
27,10018649925317144938,0,0,0,0,0,0,0,0,0,0,0,0,0,0,0,0,0,0,0,0,0,0,317,0,2351,67517,0,0,0,67303,0,0,0,30,317,820,0,0,0,0,213,0,0,0,0,2655,_history_tree_15_updates,1974,0,0,0,0,0,0,5018,2655,0,0,0,7673,0,0,0,0,0,2350,0,0,0,0,0,0,0
27,10018649925317144938,0,0,0,0,0,0,0,0,0,0,0,0,0,0,0,0,0,0,0,0,0,0,1001,0,5,9291,0,0,0,9267,0,0,0,31,2581,0,0,0,0,0,24,0,0,0,0,2586,_history_tree_15_removes,3030,0,0,0,0,0,0,2591,2586,0,0,0,5177,0,0,0,0,0,5,0,0,0,0,0,0,0
27,10018649925317144938,0,0,0,0,0,0,0,0,0,0,0,0,0,0,0,0,0,0,0,0,0,0,299,0,2350,67357,0,0,0,67165,0,0,0,32,299,803,0,0,0,0,190,0,0,0,0,2644,_history_tree_16_updates,1961,0,0,0,0,0,0,5002,2644,0,0,0,7646,0,0,0,0,0,2353,0,0,0,0,0,0,0
27,10018649925317144938,0,0,0,0,0,0,0,0,0,0,0,0,0,0,0,0,0,0,0,0,0,0,1031,0,6,9236,0,0,0,9224,0,0,0,33,2599,1,0,0,0,0,12,0,0,0,0,2605,_history_tree_16_removes,3039,0,0,0,0,0,0,2612,2606,0,0,0,5218,0,0,0,0,0,6,0,0,0,0,0,0,0
27,10018649925317144938,0,0,0,0,0,0,0,0,0,0,0,0,0,0,0,0,0,0,0,0,0,0,361,0,2361,143796,0,0,0,71708,0,0,0,34,10456,2721,0,0,0,0,190,0,0,0,0,6265,_history_tree_17_updates,3983,0,0,0,0,0,0,15175,12528,0,0,0,21439,0,0,0,0,0,2360,0,0,0,0,0,0,0
27,10018649925317144938,0,0,0,0,0,0,0,0,0,0,0,0,0,0,0,0,0,0,0,0,0,0,829,0,20,9041,0,0,0,9027,0,0,0,35,2433,12,0,0,0,0,14,0,0,0,0,2453,_history_tree_17_removes,2904,0,0,0,0,0,0,2473,2453,0,0,0,4926,0,0,0,0,0,20,0,0,0,0,0,0,0
27,10018649925317144938,0,0,0,0,0,0,0,0,0,0,0,0,0,0,0,0,0,0,0,0,0,0,352,0,2350,67660,0,0,0,67443,0,0,0,36,353,865,0,0,0,0,208,0,0,0,0,2675,_history_tree_18_updates,1938,0,0,0,0,0,0,5053,2675,0,0,0,7728,0,0,0,0,0,2350,0,0,0,0,0,0,0
27,10018649925317144938,0,0,0,0,0,0,0,0,0,0,0,0,0,0,0,0,0,0,0,0,0,0,1045,0,8,9391,0,0,0,9378,0,0,0,37,2490,3,0,0,0,0,13,0,0,0,0,2498,_history_tree_18_removes,2919,0,0,0,0,0,0,2506,2498,0,0,0,5004,0,0,0,0,0,8,0,0,0,0,0,0,0
27,10018649925317144938,0,0,0,0,0,0,0,0,0,0,0,0,0,0,0,0,0,0,0,0,0,0,361,0,2380,67907,0,0,0,67685,0,0,0,38,361,853,0,0,0,0,220,0,0,0,0,2664,_history_tree_19_updates,2015,0,0,0,0,0,0,5117,2664,0,0,0,7781,0,0,0,0,0,2377,0,0,0,0,0,0,0
27,10018649925317144938,0,0,0,0,0,0,0,0,0,0,0,0,0,0,0,0,0,0,0,0,0,0,973,0,7,9114,0,0,0,9097,0,0,0,39,2585,3,0,0,0,0,17,0,0,0,0,2592,_history_tree_19_removes,3052,0,0,0,0,0,0,2599,2592,0,0,0,5191,0,0,0,0,0,7,0,0,0,0,0,0,0
27,10018649925317144938,48806,0,0,0,0,0,44713,0,0,0,0,0,0,0,0,0,0,0,0,0,0,0,0,0,0,292491,0,0,0,95467,0,0,0,40,0,0,0,0,0,0,2046,0,0,93514,0,0,warehouse,0,0,0,0,0,0,0,0,0,0,0,0,0,194492,0,0,194488,0,0,0,0,0,93504,0,0,0
27,10018649925317144938,0,0,0,0,0,0,0,0,0,0,0,0,0,0,0,0,0,0,0,0,0,0,0,0,0,0,0,0,0,0,0,0,0,41,0,0,0,0,0,0,0,0,0,0,0,0,_warehouse_graveyard,0,0,0,0,0,0,0,0,0,0,0,0,0,0,0,0,0,0,0,0,0,0,0,0,0,0
27,10018649925317144938,96575,0,0,0,0,0,94922,0,0,0,0,0,0,0,0,0,0,0,0,0,0,0,0,0,2,297068,0,0,0,193610,0,0,0,42,0,0,0,0,0,0,993,0,0,191498,0,0,district,0,0,0,0,0,0,0,2,0,0,0,0,2,102365,0,0,102364,2,0,0,0,0,191482,0,0,0
27,10018649925317144938,0,0,0,0,0,0,0,0,0,0,0,0,0,0,0,0,0,0,0,0,0,0,0,0,0,0,0,0,0,0,0,0,0,43,0,0,0,0,0,0,0,0,0,0,0,0,_district_graveyard,0,0,0,0,0,0,0,0,0,0,0,0,0,0,0,0,0,0,0,0,0,0,0,0,0,0
27,10018649925317144938,62083,0,0,0,0,0,59084,0,0,0,0,0,0,0,0,0,0,0,0,0,0,0,0,0,0,784647,0,0,0,121168,0,0,0,44,0,0,0,0,0,0,2,0,0,121164,0,0,customer,0,0,0,0,0,0,0,0,0,0,0,0,0,140380,0,0,140379,0,0,0,0,0,121163,0,0,0
27,10018649925317144938,0,0,0,0,0,0,0,0,0,0,0,0,0,0,0,0,0,0,0,0,0,0,0,0,0,0,0,0,0,0,0,0,0,45,0,0,0,0,0,0,0,0,0,0,0,0,_customer_graveyard,0,0,0,0,0,0,0,0,0,0,0,0,0,0,0,0,0,0,0,0,0,0,0,0,0,0
27,10018649925317144938,0,0,0,0,0,0,0,0,0,0,0,0,0,0,0,0,0,0,0,0,0,0,0,0,0,183294,0,0,0,0,0,0,0,46,0,0,0,0,0,0,61097,0,0,0,0,0,customerwdl,0,0,0,0,0,0,0,0,0,0,0,61095,0,61095,0,0,61096,0,0,0,0,0,0,0,0,0
27,10018649925317144938,0,0,0,0,0,0,0,0,0,0,0,0,0,0,0,0,0,0,0,0,0,0,0,0,0,0,0,0,0,0,0,0,0,47,0,0,0,0,0,0,0,0,0,0,0,0,_customerwdl_graveyard,0,0,0,0,0,0,0,0,0,0,0,0,0,0,0,0,0,0,0,0,0,0,0,0,0,0
27,10018649925317144938,0,0,0,0,0,0,0,0,0,0,0,0,0,0,0,0,0,0,0,0,0,0,0,0,2190,117213,0,0,0,39070,0,0,0,48,0,0,0,0,0,0,0,0,0,0,0,0,history,0,0,0,0,0,0,0,2213,0,0,0,0,2213,0,0,0,0,0,0,0,0,0,0,0,0,0
27,10018649925317144938,0,0,0,0,0,0,0,0,0,0,0,0,0,0,0,0,0,0,0,0,0,0,0,0,0,0,0,0,0,0,0,0,0,49,0,0,0,0,0,0,0,0,0,0,0,0,_history_graveyard,0,0,0,0,0,0,0,0,0,0,0,0,0,0,0,0,0,0,0,0,0,0,0,0,0,0
27,10018649925317144938,42166,84273,0,84271,0,0,42074,0,0,0,0,0,0,0,0,0,0,0,0,0,0,0,58630,0,2087,1124584,0,0,0,269962,0,11036,0,50,122,0,0,0,0,0,104877,0,0,0,0,0,neworder,89983,11035,0,0,0,0,0,3999,0,0,0,84537,4000,95570,0,0,95570,0,1786,0,0,0,0,0,0,0
27,10018649925317144938,0,0,0,0,0,0,0,0,0,0,0,0,0,0,0,0,0,0,0,0,0,0,0,0,0,0,0,0,0,0,0,0,0,51,0,0,0,0,0,0,0,0,0,0,0,0,_neworder_graveyard,0,0,0,0,0,0,0,0,0,0,0,0,0,0,0,0,0,0,0,0,0,0,0,0,0,0
27,10018649925317144938,42565,0,0,0,0,0,41661,0,0,0,0,0,0,0,0,0,0,0,0,0,0,0,0,0,4286,826080,0,0,0,187586,0,0,0,52,0,0,0,0,0,0,0,0,0,84232,0,0,order,0,0,0,0,0,0,0,4304,0,0,0,0,4304,87781,0,0,87782,0,0,0,0,0,84235,0,0,0
27,10018649925317144938,0,0,0,0,0,0,0,0,0,0,0,0,0,0,0,0,0,0,0,0,0,0,0,0,0,0,0,0,0,0,0,0,0,53,0,0,0,0,0,0,0,0,0,0,0,0,_order_graveyard,0,0,0,0,0,0,0,0,0,0,0,0,0,0,0,0,0,0,0,0,0,0,0,0,0,0
27,10018649925317144938,0,0,0,0,0,0,0,0,0,0,0,0,0,0,0,0,3546,0,0,0,0,0,0,0,1381,311982,0,0,0,100445,0,0,0,54,0,0,0,0,0,0,3547,0,0,0,0,0,order_wdc,0,0,0,0,0,0,0,1383,0,0,0,0,1383,3547,0,0,3547,0,0,0,0,0,0,0,0,0
27,10018649925317144938,0,0,0,0,0,0,0,0,0,0,0,0,0,0,0,0,0,0,0,0,0,0,0,0,0,0,0,0,0,0,0,0,0,55,0,0,0,0,0,0,0,0,0,0,0,0,_order_wdc_graveyard,0,0,0,0,0,0,0,0,0,0,0,0,0,0,0,0,0,0,0,0,0,0,0,0,0,0
27,10018649925317144938,426586,0,0,0,0,0,416557,0,0,0,0,0,0,0,0,0,0,0,0,0,0,0,99530,0,58868,7606805,0,0,0,1889208,0,991,0,56,0,0,0,0,0,0,12493,0,0,843222,0,0,orderline,1810016,991,0,0,0,0,0,59683,0,0,0,12424,59682,1822419,0,0,1822420,0,0,0,0,0,843246,0,0,0
27,10018649925317144938,0,0,0,0,0,0,0,0,0,0,0,0,0,0,0,0,0,0,0,0,0,0,0,0,0,0,0,0,0,0,0,0,0,57,0,0,0,0,0,0,0,0,0,0,0,0,_orderline_graveyard,0,0,0,0,0,0,0,0,0,0,0,0,0,0,0,0,0,0,0,0,0,0,0,0,0,0
27,10018649925317144938,0,0,0,0,0,0,0,0,0,0,0,0,0,0,0,0,0,0,0,0,0,0,0,0,0,1974236,0,0,0,0,0,0,0,58,0,0,0,0,0,0,0,0,0,0,0,0,item,0,0,0,0,0,0,0,0,0,0,0,0,0,987100,0,0,987102,0,0,0,0,0,0,0,0,0
28,10018649925317144938,0,0,0,0,0,0,0,0,0,0,0,0,0,0,0,0,0,0,0,0,0,0,0,0,0,0,0,0,0,0,0,0,0,61,0,0,0,0,0,0,0,0,0,0,0,0,_stock_graveyard,0,0,0,0,0,0,0,0,0,0,0,0,0,0,0,0,0,0,0,0,0,0,0,0,0,0
28,10018649925317144938,500898,0,0,0,0,0,488900,0,0,0,0,0,0,0,0,0,0,0,0,0,0,0,0,0,0,15137325,0,0,0,990981,0,0,0,60,0,0,0,0,0,0,1100,0,0,989815,0,0,stock,0,0,0,0,0,0,0,0,0,0,0,0,0,2792236,0,0,2792235,0,0,0,0,0,989828,0,0,0
28,10018649925317144938,0,0,0,0,0,0,0,0,0,0,0,0,0,0,0,0,0,0,0,0,0,0,0,0,0,0,0,0,0,0,0,0,0,59,0,0,0,0,0,0,0,0,0,0,0,0,_item_graveyard,0,0,0,0,0,0,0,0,0,0,0,0,0,0,0,0,0,0,0,0,0,0,0,0,0,0
28,10018649925317144938,0,0,0,0,0,0,0,0,0,0,0,0,0,0,0,0,0,0,0,0,0,0,333,0,2354,67664,0,0,0,67452,0,0,0,28,333,807,0,0,0,0,207,0,0,0,0,2685,_history_tree_14_updates,1990,0,0,0,0,0,0,5039,2685,0,0,0,7724,0,0,0,0,0,2352,0,0,0,0,0,0,0
28,10018649925317144938,0,0,0,0,0,0,0,0,0,0,0,0,0,0,0,0,0,0,0,0,0,0,1047,0,5,9405,0,0,0,9392,0,0,0,27,2627,1,0,0,0,0,13,0,0,0,0,2632,_history_tree_13_removes,3108,0,0,0,0,0,0,2637,2632,0,0,0,5269,0,0,0,0,0,5,0,0,0,0,0,0,0
28,10018649925317144938,0,0,0,0,0,0,0,0,0,0,0,0,0,0,0,0,0,0,0,0,0,0,306,0,2387,68589,0,0,0,68377,0,0,0,26,306,783,0,0,0,0,211,0,0,0,0,2692,_history_tree_13_updates,2049,0,0,0,0,0,0,5079,2692,0,0,0,7771,0,0,0,0,0,2386,0,0,0,0,0,0,0
28,10018649925317144938,0,0,0,0,0,0,0,0,0,0,0,0,0,0,0,0,0,0,0,0,0,0,951,0,4,8751,0,0,0,8736,0,0,0,25,2653,1,0,0,0,0,15,0,0,0,0,2657,_history_tree_12_removes,3097,0,0,0,0,0,0,2662,2658,0,0,0,5320,0,0,0,0,0,4,0,0,0,0,0,0,0
28,10018649925317144938,0,0,0,0,0,0,0,0,0,0,0,0,0,0,0,0,0,0,0,0,0,0,360,0,2341,66572,0,0,0,66339,0,0,0,24,360,777,0,0,0,0,232,0,0,0,0,2697,_history_tree_12_updates,2036,0,0,0,0,0,0,5044,2697,0,0,0,7740,0,0,0,0,0,2343,0,0,0,0,0,0,0
28,10018649925317144938,0,0,0,0,0,0,0,0,0,0,0,0,0,0,0,0,0,0,0,0,0,0,1103,0,6,9770,0,0,0,9753,0,0,0,23,2594,1,0,0,0,0,17,0,0,0,0,2600,_history_tree_11_removes,3048,0,0,0,0,0,0,2605,2599,0,0,0,5204,0,0,0,0,0,6,0,0,0,0,0,0,0
28,10018649925317144938,0,0,0,0,0,0,0,0,0,0,0,0,0,0,0,0,0,0,0,0,0,0,315,0,2392,69130,0,0,0,68911,0,0,0,22,315,827,0,0,0,0,217,0,0,0,0,2697,_history_tree_11_updates,1992,0,0,0,0,0,0,5097,2697,0,0,0,7793,0,0,0,0,0,2390,0,0,0,0,0,0,0
28,10018649925317144938,0,0,0,0,0,0,0,0,0,0,0,0,0,0,0,0,0,0,0,0,0,0,1061,0,5,9438,0,0,0,9429,0,0,0,21,2599,1,0,0,0,0,9,0,0,0,0,2604,_history_tree_10_removes,3079,0,0,0,0,0,0,2608,2603,0,0,0,5211,0,0,0,0,0,5,0,0,0,0,0,0,0
28,10018649925317144938,0,0,0,0,0,0,0,0,0,0,0,0,0,0,0,0,0,0,0,0,0,0,328,0,2395,68917,0,0,0,68695,0,0,0,20,328,819,0,0,0,0,223,0,0,0,0,2709,_history_tree_10_updates,2029,0,0,0,0,0,0,5117,2709,0,0,0,7826,0,0,0,0,0,2394,0,0,0,0,0,0,0
28,10018649925317144938,0,0,0,0,0,0,0,0,0,0,0,0,0,0,0,0,0,0,0,0,0,0,929,0,8,9004,0,0,0,8988,0,0,0,19,2553,2,0,0,0,0,16,0,0,0,0,2561,_history_tree_9_removes,3012,0,0,0,0,0,0,2569,2561,0,0,0,5130,0,0,0,0,0,8,0,0,0,0,0,0,0
28,10018649925317144938,0,0,0,0,0,0,0,0,0,0,0,0,0,0,0,0,0,0,0,0,0,0,383,0,2384,68010,0,0,0,67813,0,0,0,18,383,872,0,0,0,0,197,0,0,0,0,2725,_history_tree_9_updates,2023,0,0,0,0,0,0,5151,2725,0,0,0,7876,0,0,0,0,0,2382,0,0,0,0,0,0,0
28,10018649925317144938,0,0,0,0,0,0,0,0,0,0,0,0,0,0,0,0,0,0,0,0,0,0,1027,0,6,9345,0,0,0,9327,0,0,0,17,2574,0,0,0,0,0,18,0,0,0,0,2580,_history_tree_8_removes,3047,0,0,0,0,0,0,2586,2580,0,0,0,5166,0,0,0,0,0,6,0,0,0,0,0,0,0
28,10018649925317144938,0,0,0,0,0,0,0,0,0,0,0,0,0,0,0,0,0,0,0,0,0,0,336,0,2376,68303,0,0,0,68084,0,0,0,16,336,825,0,0,0,0,220,0,0,0,0,2711,_history_tree_8_updates,2020,0,0,0,0,0,0,5087,2711,0,0,0,7798,0,0,0,0,0,2375,0,0,0,0,0,0,0
28,10018649925317144938,0,0,0,0,0,0,0,0,0,0,0,0,0,0,0,0,0,0,0,0,0,0,989,0,4,9055,0,0,0,9039,0,0,0,15,2654,2,0,0,0,0,16,0,0,0,0,2658,_history_tree_7_removes,3103,0,0,0,0,0,0,2662,2658,0,0,0,5320,0,0,0,0,0,4,0,0,0,0,0,0,0
28,10018649925317144938,0,0,0,0,0,0,0,0,0,0,0,0,0,0,0,0,0,0,0,0,0,0,361,0,2341,66987,0,0,0,66787,0,0,0,14,361,775,0,0,0,0,198,0,0,0,0,2670,_history_tree_7_updates,2056,0,0,0,0,0,0,5040,2670,0,0,0,7710,0,0,0,0,0,2338,0,0,0,0,0,0,0
28,10018649925317144938,0,0,0,0,0,0,0,0,0,0,0,0,0,0,0,0,0,0,0,0,0,0,997,0,9,9370,0,0,0,9360,0,0,0,13,2592,4,0,0,0,0,10,0,0,0,0,2601,_history_tree_6_removes,3053,0,0,0,0,0,0,2610,2601,0,0,0,5211,0,0,0,0,0,9,0,0,0,0,0,0,0
28,10018649925317144938,0,0,0,0,0,0,0,0,0,0,0,0,0,21595228,22256892,0,0,0,0,0,0,0,341,0,2407,68972,0,0,0,68772,0,0,0,0,341,884,0,0,0,0,200,0,0,0,0,2691,_history_tree_0_updates,1983,0,1491922,0,0,0,0,5156,2692,0,0,0,7848,0,0,0,0,0,2408,0,0,0,0,692373,0,0
28,10018649925317144938,0,0,0,0,0,0,0,0,0,0,0,0,0,0,0,0,0,0,0,0,0,0,1019,0,6,9423,0,0,0,9407,0,0,0,1,2561,2,0,0,0,0,16,0,0,0,0,2567,_history_tree_0_removes,3011,0,0,0,0,0,0,2573,2567,0,0,0,5140,0,0,0,0,0,6,0,0,0,0,0,0,0
28,10018649925317144938,0,0,0,0,0,0,0,0,0,0,0,0,0,0,0,0,0,0,0,0,0,0,328,0,2379,68518,0,0,0,68291,0,0,0,2,328,864,0,0,0,0,225,0,0,0,0,2672,_history_tree_1_updates,1979,0,0,0,0,0,0,5085,2672,0,0,0,7757,0,0,0,0,0,2378,0,0,0,0,0,0,0
28,10018649925317144938,0,0,0,0,0,0,0,0,0,0,0,0,0,0,0,0,0,0,0,0,0,0,1013,0,7,9438,0,0,0,9425,0,0,0,3,2533,2,0,0,0,0,13,0,0,0,0,2540,_history_tree_1_removes,3008,0,0,0,0,0,0,2547,2540,0,0,0,5087,0,0,0,0,0,7,0,0,0,0,0,0,0
28,10018649925317144938,0,0,0,0,0,0,0,0,0,0,0,0,0,0,0,0,0,0,0,0,0,0,316,0,2394,68702,0,0,0,68476,0,0,0,4,316,811,0,0,0,0,225,0,0,0,0,2710,_history_tree_2_updates,2020,0,0,0,0,0,0,5104,2710,0,0,0,7814,0,0,0,0,0,2394,0,0,0,0,0,0,0
28,10018649925317144938,0,0,0,0,0,0,0,0,0,0,0,0,0,0,0,0,0,0,0,0,0,0,1064,0,5,9442,0,0,0,9421,0,0,0,5,2667,1,0,0,0,0,21,0,0,0,0,2672,_history_tree_2_removes,3136,0,0,0,0,0,0,2677,2672,0,0,0,5349,0,0,0,0,0,5,0,0,0,0,0,0,0
28,10018649925317144938,0,0,0,0,0,0,0,0,0,0,0,0,0,0,0,0,0,0,0,0,0,0,363,0,2399,68832,0,0,0,68622,0,0,0,6,363,855,0,0,0,0,212,0,0,0,0,2734,_history_tree_3_updates,2029,0,0,0,0,0,0,5158,2734,0,0,0,7892,0,0,0,0,0,2395,0,0,0,0,0,0,0
28,10018649925317144938,0,0,0,0,0,0,0,0,0,0,0,0,0,0,0,0,0,0,0,0,0,0,1033,0,5,9413,0,0,0,9405,0,0,0,7,2561,1,0,0,0,0,10,0,0,0,0,2566,_history_tree_3_removes,3032,0,0,0,0,0,0,2571,2566,0,0,0,5137,0,0,0,0,0,5,0,0,0,0,0,0,0
28,10018649925317144938,0,0,0,0,0,0,0,0,0,0,0,0,0,0,0,0,0,0,0,0,0,0,349,0,2359,67956,0,0,0,67779,0,0,0,8,349,855,0,0,0,0,179,0,0,0,0,2693,_history_tree_4_updates,1963,0,0,0,0,0,0,5069,2693,0,0,0,7762,0,0,0,0,0,2361,0,0,0,0,0,0,0
28,10018649925317144938,0,0,0,0,0,0,0,0,0,0,0,0,0,0,0,0,0,0,0,0,0,0,1012,0,8,9557,0,0,0,9541,0,0,0,9,2542,3,0,0,0,0,16,0,0,0,0,2550,_history_tree_4_removes,2979,0,0,0,0,0,0,2558,2550,0,0,0,5108,0,0,0,0,0,8,0,0,0,0,0,0,0
28,10018649925317144938,0,0,0,0,0,0,0,0,0,0,0,0,0,0,0,0,0,0,0,0,0,0,310,0,2367,68009,0,0,0,67795,0,0,0,10,310,787,0,0,0,0,215,0,0,0,0,2660,_history_tree_5_updates,1992,0,0,0,0,0,0,5043,2660,0,0,0,7703,0,0,0,0,0,2365,0,0,0,0,0,0,0
28,10018649925317144938,0,0,0,0,0,0,0,0,0,0,0,0,0,0,0,0,0,0,0,0,0,0,1042,0,5,9348,0,0,0,9331,0,0,0,11,2603,0,0,0,0,0,17,0,0,0,0,2607,_history_tree_5_removes,3039,0,0,0,0,0,0,2612,2607,0,0,0,5219,0,0,0,0,0,5,0,0,0,0,0,0,0
28,10018649925317144938,0,0,0,0,0,0,0,0,0,0,0,0,0,0,0,0,0,0,0,0,0,0,324,0,2404,68845,0,0,0,68657,0,0,0,12,324,885,0,0,0,0,188,0,0,0,0,2611,_history_tree_6_updates,1972,0,0,0,0,0,0,5131,2611,0,0,0,7742,0,0,0,0,0,2403,0,0,0,0,0,0,0
28,10018649925317144938,0,0,0,0,0,0,0,0,0,0,0,0,0,0,0,0,0,0,0,0,0,0,1043,0,3,9286,0,0,0,9269,0,0,0,29,2615,1,0,0,0,0,17,0,0,0,0,2618,_history_tree_14_removes,3050,0,0,0,0,0,0,2621,2618,0,0,0,5239,0,0,0,0,0,3,0,0,0,0,0,0,0
28,10018649925317144938,0,0,0,0,0,0,0,0,0,0,0,0,0,0,0,0,0,0,0,0,0,0,367,0,2355,67311,0,0,0,67086,0,0,0,30,367,825,0,0,0,0,224,0,0,0,0,2709,_history_tree_15_updates,2029,0,0,0,0,0,0,5079,2709,0,0,0,7789,0,0,0,0,0,2357,0,0,0,0,0,0,0
28,10018649925317144938,0,0,0,0,0,0,0,0,0,0,0,0,0,0,0,0,0,0,0,0,0,0,977,0,6,8981,0,0,0,8971,0,0,0,31,2644,2,0,0,0,0,10,0,0,0,0,2650,_history_tree_15_removes,3090,0,0,0,0,0,0,2656,2650,0,0,0,5306,0,0,0,0,0,6,0,0,0,0,0,0,0
28,10018649925317144938,0,0,0,0,0,0,0,0,0,0,0,0,0,0,0,0,0,0,0,0,0,0,367,0,2334,66532,0,0,0,66283,0,0,0,32,367,756,0,0,0,0,249,0,0,0,0,2701,_history_tree_16_updates,2069,0,0,0,0,0,0,5035,2701,0,0,0,7736,0,0,0,0,0,2334,0,0,0,0,0,0,0
28,10018649925317144938,0,0,0,0,0,0,0,0,0,0,0,0,0,0,0,0,0,0,0,0,0,0,928,0,5,8730,0,0,0,8711,0,0,0,33,2640,0,0,0,0,0,19,0,0,0,0,2645,_history_tree_16_removes,3066,0,0,0,0,0,0,2649,2644,0,0,0,5293,0,0,0,0,0,5,0,0,0,0,0,0,0
28,10018649925317144938,0,0,0,0,0,0,0,0,0,0,0,0,0,0,0,0,0,0,0,0,0,0,340,0,2390,145660,0,0,0,72608,0,0,0,34,10540,2730,0,0,0,0,221,0,0,0,0,6330,_history_tree_17_updates,3987,0,0,0,0,0,0,15320,12660,0,0,0,21650,0,0,0,0,0,2390,0,0,0,0,0,0,0
28,10018649925317144938,0,0,0,0,0,0,0,0,0,0,0,0,0,0,0,0,0,0,0,0,0,0,896,0,18,9162,0,0,0,9149,0,0,0,35,2460,10,0,0,0,0,13,0,0,0,0,2478,_history_tree_17_removes,2895,0,0,0,0,0,0,2496,2478,0,0,0,4974,0,0,0,0,0,18,0,0,0,0,0,0,0
28,10018649925317144938,0,0,0,0,0,0,0,0,0,0,0,0,0,0,0,0,0,0,0,0,0,0,319,0,2399,69107,0,0,0,68888,0,0,0,36,319,836,0,0,0,0,219,0,0,0,0,2716,_history_tree_18_updates,2005,0,0,0,0,0,0,5118,2716,0,0,0,7834,0,0,0,0,0,2400,0,0,0,0,0,0,0
28,10018649925317144938,0,0,0,0,0,0,0,0,0,0,0,0,0,0,0,0,0,0,0,0,0,0,1050,0,5,9535,0,0,0,9523,0,0,0,37,2626,1,0,0,0,0,12,0,0,0,0,2631,_history_tree_18_removes,3086,0,0,0,0,0,0,2636,2631,0,0,0,5267,0,0,0,0,0,5,0,0,0,0,0,0,0
28,10018649925317144938,0,0,0,0,0,0,0,0,0,0,0,0,0,0,0,0,0,0,0,0,0,0,367,0,2332,66905,0,0,0,66700,0,0,0,38,367,776,0,0,0,0,205,0,0,0,0,2692,_history_tree_19_updates,2047,0,0,0,0,0,0,5032,2692,0,0,0,7724,0,0,0,0,0,2332,0,0,0,0,0,0,0
28,10018649925317144938,0,0,0,0,0,0,0,0,0,0,0,0,0,0,0,0,0,0,0,0,0,0,995,0,6,9074,0,0,0,9062,0,0,0,39,2564,2,0,0,0,0,12,0,0,0,0,2571,_history_tree_19_removes,3011,0,0,0,0,0,0,2577,2571,0,0,0,5148,0,0,0,0,0,6,0,0,0,0,0,0,0
28,10018649925317144938,49405,0,0,0,0,0,45458,0,0,0,0,0,0,0,0,0,0,0,0,0,0,0,0,0,0,295741,0,0,0,96882,0,0,0,40,0,0,0,0,0,0,2124,0,0,94863,0,0,warehouse,0,0,0,0,0,0,0,0,0,0,0,0,0,196243,0,0,196243,0,0,0,0,0,94867,0,0,0
28,10018649925317144938,0,0,0,0,0,0,0,0,0,0,0,0,0,0,0,0,0,0,0,0,0,0,0,0,0,0,0,0,0,0,0,0,0,41,0,0,0,0,0,0,0,0,0,0,0,0,_warehouse_graveyard,0,0,0,0,0,0,0,0,0,0,0,0,0,0,0,0,0,0,0,0,0,0,0,0,0,0
28,10018649925317144938,97327,0,0,0,0,0,95818,0,0,0,0,0,0,0,0,0,0,0,0,0,0,0,0,0,0,300341,0,0,0,195350,0,0,0,42,0,0,0,0,0,0,1025,0,0,193148,0,0,district,0,0,0,0,0,0,0,0,0,0,0,0,0,103920,0,0,103920,0,0,0,0,0,193155,0,0,0
28,10018649925317144938,0,0,0,0,0,0,0,0,0,0,0,0,0,0,0,0,0,0,0,0,0,0,0,0,0,0,0,0,0,0,0,0,0,43,0,0,0,0,0,0,0,0,0,0,0,0,_district_graveyard,0,0,0,0,0,0,0,0,0,0,0,0,0,0,0,0,0,0,0,0,0,0,0,0,0,0
28,10018649925317144938,63908,0,0,0,0,0,60182,0,0,0,0,0,0,0,0,0,0,0,0,0,0,0,0,0,0,797122,0,0,0,124102,0,0,0,44,0,0,0,0,0,0,5,0,0,124089,0,0,customer,0,0,0,0,0,0,0,0,0,0,0,0,0,141593,0,0,141593,0,0,0,0,0,124087,0,0,0
28,10018649925317144938,0,0,0,0,0,0,0,0,0,0,0,0,0,0,0,0,0,0,0,0,0,0,0,0,0,0,0,0,0,0,0,0,0,45,0,0,0,0,0,0,0,0,0,0,0,0,_customer_graveyard,0,0,0,0,0,0,0,0,0,0,0,0,0,0,0,0,0,0,0,0,0,0,0,0,0,0
28,10018649925317144938,0,0,0,0,0,0,0,0,0,0,0,0,0,0,0,0,0,0,0,0,0,0,0,0,0,184656,0,0,0,0,0,0,0,46,0,0,0,0,0,0,61553,0,0,0,0,0,customerwdl,0,0,0,0,0,0,0,0,0,0,0,61552,0,61552,0,0,61551,0,0,0,0,0,0,0,0,0
28,10018649925317144938,0,0,0,0,0,0,0,0,0,0,0,0,0,0,0,0,0,0,0,0,0,0,0,0,0,0,0,0,0,0,0,0,0,47,0,0,0,0,0,0,0,0,0,0,0,0,_customerwdl_graveyard,0,0,0,0,0,0,0,0,0,0,0,0,0,0,0,0,0,0,0,0,0,0,0,0,0,0
28,10018649925317144938,0,0,0,0,0,0,0,0,0,0,0,0,0,0,0,0,0,0,0,0,0,0,0,0,2248,120131,0,0,0,40044,0,0,0,48,0,0,0,0,0,0,0,0,0,0,0,0,history,0,0,0,0,0,0,0,2275,0,0,0,0,2275,0,0,0,0,0,0,0,0,0,0,0,0,0
28,10018649925317144938,0,0,0,0,0,0,0,0,0,0,0,0,0,0,0,0,0,0,0,0,0,0,0,0,0,0,0,0,0,0,0,0,0,49,0,0,0,0,0,0,0,0,0,0,0,0,_history_graveyard,0,0,0,0,0,0,0,0,0,0,0,0,0,0,0,0,0,0,0,0,0,0,0,0,0,0
28,10018649925317144938,43209,86300,0,86300,0,0,43114,0,0,0,0,0,0,0,0,0,0,0,0,0,0,0,58872,0,2089,1147617,0,0,0,274410,0,10141,0,50,90,0,0,0,0,0,108119,0,0,0,0,0,neworder,90506,10141,0,0,0,0,0,4027,0,0,0,86616,4029,96757,0,0,96758,0,1842,0,0,0,0,0,0,0
28,10018649925317144938,0,0,0,0,0,0,0,0,0,0,0,0,0,0,0,0,0,0,0,0,0,0,0,0,0,0,0,0,0,0,0,0,0,51,0,0,0,0,0,0,0,0,0,0,0,0,_neworder_graveyard,0,0,0,0,0,0,0,0,0,0,0,0,0,0,0,0,0,0,0,0,0,0,0,0,0,0
28,10018649925317144938,43447,0,0,0,0,0,42878,0,0,0,0,0,0,0,0,0,0,0,0,0,0,0,0,0,4364,839808,0,0,0,190103,0,0,0,52,0,0,0,0,0,0,0,0,0,86324,0,0,order,0,0,0,0,0,0,0,4371,0,0,0,0,4371,89836,0,0,89836,0,0,0,0,0,86324,0,0,0
28,10018649925317144938,0,0,0,0,0,0,0,0,0,0,0,0,0,0,0,0,0,0,0,0,0,0,0,0,0,0,0,0,0,0,0,0,0,53,0,0,0,0,0,0,0,0,0,0,0,0,_order_graveyard,0,0,0,0,0,0,0,0,0,0,0,0,0,0,0,0,0,0,0,0,0,0,0,0,0,0
28,10018649925317144938,0,0,0,0,0,0,0,0,0,0,0,0,0,0,0,0,3512,0,0,0,0,0,0,0,1299,312656,0,0,0,100708,0,0,0,54,0,0,0,0,0,0,3511,0,0,0,0,0,order_wdc,0,0,0,0,0,0,0,1305,0,0,0,0,1305,3511,0,0,3511,0,0,0,0,0,0,0,0,0
28,10018649925317144938,0,0,0,0,0,0,0,0,0,0,0,0,0,0,0,0,0,0,0,0,0,0,0,0,0,0,0,0,0,0,0,0,0,55,0,0,0,0,0,0,0,0,0,0,0,0,_order_wdc_graveyard,0,0,0,0,0,0,0,0,0,0,0,0,0,0,0,0,0,0,0,0,0,0,0,0,0,0
28,10018649925317144938,437440,0,0,0,0,0,427396,0,0,0,0,0,0,0,0,0,0,0,0,0,0,0,101168,0,59010,7701750,0,0,0,1912837,0,1001,0,56,0,0,0,0,0,0,12610,0,0,864804,0,0,orderline,1837765,1001,0,0,0,0,0,59859,0,0,0,12545,59859,1850240,0,0,1850212,0,0,0,0,0,864813,0,0,0
28,10018649925317144938,0,0,0,0,0,0,0,0,0,0,0,0,0,0,0,0,0,0,0,0,0,0,0,0,0,0,0,0,0,0,0,0,0,57,0,0,0,0,0,0,0,0,0,0,0,0,_orderline_graveyard,0,0,0,0,0,0,0,0,0,0,0,0,0,0,0,0,0,0,0,0,0,0,0,0,0,0
28,10018649925317144938,0,0,0,0,0,0,0,0,0,0,0,0,0,0,0,0,0,0,0,0,0,0,0,0,0,1977834,0,0,0,0,0,0,0,58,0,0,0,0,0,0,0,0,0,0,0,0,item,0,0,0,0,0,0,0,0,0,0,0,0,0,988970,0,0,988971,0,0,0,0,0,0,0,0,0
29,10018649925317144938,0,0,0,0,0,0,0,0,0,0,0,0,0,0,0,0,0,0,0,0,0,0,0,0,0,0,0,0,0,0,0,0,0,61,0,0,0,0,0,0,0,0,0,0,0,0,_stock_graveyard,0,0,0,0,0,0,0,0,0,0,0,0,0,0,0,0,0,0,0,0,0,0,0,0,0,0
29,10018649925317144938,498242,0,0,0,0,0,486266,0,0,0,0,0,0,0,0,0,0,0,0,0,0,0,0,0,0,14877322,0,0,0,985491,0,0,0,60,0,0,0,0,0,0,1081,0,0,984477,0,0,stock,0,0,0,0,0,0,0,0,0,0,0,0,0,2732799,0,0,2732800,0,0,0,0,0,984465,0,0,0
29,10018649925317144938,0,0,0,0,0,0,0,0,0,0,0,0,0,0,0,0,0,0,0,0,0,0,0,0,0,0,0,0,0,0,0,0,0,59,0,0,0,0,0,0,0,0,0,0,0,0,_item_graveyard,0,0,0,0,0,0,0,0,0,0,0,0,0,0,0,0,0,0,0,0,0,0,0,0,0,0
29,10018649925317144938,0,0,0,0,0,0,0,0,0,0,0,0,0,0,0,0,0,0,0,0,0,0,298,0,2385,68432,0,0,0,68210,0,0,0,28,298,863,0,0,0,0,223,0,0,0,0,2669,_history_tree_14_updates,1920,0,0,0,0,0,0,5070,2669,0,0,0,7739,0,0,0,0,0,2387,0,0,0,0,0,0,0
29,10018649925317144938,0,0,0,0,0,0,0,0,0,0,0,0,0,0,0,0,0,0,0,0,0,0,1011,0,6,9107,0,0,0,9092,0,0,0,27,2590,2,0,0,0,0,15,0,0,0,0,2596,_history_tree_13_removes,3058,0,0,0,0,0,0,2602,2596,0,0,0,5198,0,0,0,0,0,6,0,0,0,0,0,0,0
29,10018649925317144938,0,0,0,0,0,0,0,0,0,0,0,0,0,0,0,0,0,0,0,0,0,0,328,0,2341,67027,0,0,0,66807,0,0,0,26,328,813,0,0,0,0,219,0,0,0,0,2661,_history_tree_13_updates,1988,0,0,0,0,0,0,5012,2661,0,0,0,7673,0,0,0,0,0,2343,0,0,0,0,0,0,0
29,10018649925317144938,0,0,0,0,0,0,0,0,0,0,0,0,0,0,0,0,0,0,0,0,0,0,1051,0,7,9537,0,0,0,9514,0,0,0,25,2638,2,0,0,0,0,23,0,0,0,0,2645,_history_tree_12_removes,3101,0,0,0,0,0,0,2651,2644,0,0,0,5295,0,0,0,0,0,7,0,0,0,0,0,0,0
29,10018649925317144938,0,0,0,0,0,0,0,0,0,0,0,0,0,0,0,0,0,0,0,0,0,0,323,0,2370,68272,0,0,0,68062,0,0,0,24,323,830,0,0,0,0,210,0,0,0,0,2693,_history_tree_12_updates,1984,0,0,0,0,0,0,5063,2693,0,0,0,7757,0,0,0,0,0,2370,0,0,0,0,0,0,0
29,10018649925317144938,0,0,0,0,0,0,0,0,0,0,0,0,0,0,0,0,0,0,0,0,0,0,1041,0,4,9442,0,0,0,9423,0,0,0,23,2610,1,0,0,0,0,19,0,0,0,0,2614,_history_tree_11_removes,3070,0,0,0,0,0,0,2619,2615,0,0,0,5234,0,0,0,0,0,4,0,0,0,0,0,0,0
29,10018649925317144938,0,0,0,0,0,0,0,0,0,0,0,0,0,0,0,0,0,0,0,0,0,0,342,0,2362,68029,0,0,0,67822,0,0,0,22,342,795,0,0,0,0,206,0,0,0,0,2704,_history_tree_11_updates,2038,0,0,0,0,0,0,5066,2704,0,0,0,7772,0,0,0,0,0,2363,0,0,0,0,0,0,0
29,10018649925317144938,0,0,0,0,0,0,0,0,0,0,0,0,0,0,0,0,0,0,0,0,0,0,1013,0,5,9079,0,0,0,9064,0,0,0,21,2561,1,0,0,0,0,15,0,0,0,0,2566,_history_tree_10_removes,2992,0,0,0,0,0,0,2571,2566,0,0,0,5137,0,0,0,0,0,5,0,0,0,0,0,0,0
29,10018649925317144938,0,0,0,0,0,0,0,0,0,0,0,0,0,0,0,0,0,0,0,0,0,0,301,0,2338,66930,0,0,0,66725,0,0,0,20,301,799,0,0,0,0,205,0,0,0,0,2627,_history_tree_10_updates,1955,0,0,0,0,0,0,4980,2627,0,0,0,7607,0,0,0,0,0,2341,0,0,0,0,0,0,0
29,10018649925317144938,0,0,0,0,0,0,0,0,0,0,0,0,0,0,0,0,0,0,0,0,0,0,982,0,7,9103,0,0,0,9093,0,0,0,19,2609,2,0,0,0,0,11,0,0,0,0,2616,_history_tree_9_removes,3066,0,0,0,0,0,0,2623,2616,0,0,0,5239,0,0,0,0,0,7,0,0,0,0,0,0,0
29,10018649925317144938,0,0,0,0,0,0,0,0,0,0,0,0,0,0,0,0,0,0,0,0,0,0,376,0,2342,67053,0,0,0,66840,0,0,0,18,376,818,0,0,0,0,214,0,0,0,0,2720,_history_tree_9_updates,2032,0,0,0,0,0,0,5062,2720,0,0,0,7782,0,0,0,0,0,2344,0,0,0,0,0,0,0
29,10018649925317144938,0,0,0,0,0,0,0,0,0,0,0,0,0,0,0,0,0,0,0,0,0,0,973,0,7,8974,0,0,0,8957,0,0,0,17,2564,1,0,0,0,0,17,0,0,0,0,2571,_history_tree_8_removes,2979,0,0,0,0,0,0,2578,2571,0,0,0,5149,0,0,0,0,0,7,0,0,0,0,0,0,0
29,10018649925317144938,0,0,0,0,0,0,0,0,0,0,0,0,0,0,0,0,0,0,0,0,0,0,308,0,2343,66840,0,0,0,66632,0,0,0,16,308,817,0,0,0,0,206,0,0,0,0,2645,_history_tree_8_updates,1943,0,0,0,0,0,0,4998,2645,0,0,0,7643,0,0,0,0,0,2345,0,0,0,0,0,0,0
29,10018649925317144938,0,0,0,0,0,0,0,0,0,0,0,0,0,0,0,0,0,0,0,0,0,0,1033,0,5,9144,0,0,0,9137,0,0,0,15,2645,1,0,0,0,0,7,0,0,0,0,2650,_history_tree_7_removes,3112,0,0,0,0,0,0,2655,2650,0,0,0,5305,0,0,0,0,0,5,0,0,0,0,0,0,0
29,10018649925317144938,0,0,0,0,0,0,0,0,0,0,0,0,0,0,0,0,0,0,0,0,0,0,294,0,2377,67870,0,0,0,67686,0,0,0,14,294,823,0,0,0,0,185,0,0,0,0,2632,_history_tree_7_updates,1972,0,0,0,0,0,0,5048,2632,0,0,0,7680,0,0,0,0,0,2377,0,0,0,0,0,0,0
29,10018649925317144938,0,0,0,0,0,0,0,0,0,0,0,0,0,0,0,0,0,0,0,0,0,0,979,0,5,8871,0,0,0,8853,0,0,0,13,2657,3,0,0,0,0,18,0,0,0,0,2662,_history_tree_6_removes,3133,0,0,0,0,0,0,2667,2662,0,0,0,5329,0,0,0,0,0,5,0,0,0,0,0,0,0
29,10018649925317144938,0,0,0,0,0,0,0,0,0,0,0,0,0,21285863,21981546,0,0,0,0,0,0,0,356,0,2331,66531,0,0,0,66339,0,0,0,0,356,825,0,0,0,0,192,0,0,0,0,2680,_history_tree_0_updates,1982,0,1480166,0,0,0,0,5018,2679,0,0,0,7697,0,0,0,0,0,2331,0,0,0,0,700837,0,0
29,10018649925317144938,0,0,0,0,0,0,0,0,0,0,0,0,0,0,0,0,0,0,0,0,0,0,922,0,9,8916,0,0,0,8898,0,0,0,1,2583,4,0,0,0,0,18,0,0,0,0,2592,_history_tree_0_removes,2991,0,0,0,0,0,0,2601,2592,0,0,0,5193,0,0,0,0,0,9,0,0,0,0,0,0,0
29,10018649925317144938,0,0,0,0,0,0,0,0,0,0,0,0,0,0,0,0,0,0,0,0,0,0,303,0,2355,67445,0,0,0,67183,0,0,0,2,303,863,0,0,0,0,262,0,0,0,0,2622,_history_tree_1_updates,1901,0,0,0,0,0,0,5014,2622,0,0,0,7636,0,0,0,0,0,2356,0,0,0,0,0,0,0
29,10018649925317144938,0,0,0,0,0,0,0,0,0,0,0,0,0,0,0,0,0,0,0,0,0,0,998,0,5,9041,0,0,0,9033,0,0,0,3,2542,0,0,0,0,0,8,0,0,0,0,2547,_history_tree_1_removes,2991,0,0,0,0,0,0,2552,2547,0,0,0,5099,0,0,0,0,0,5,0,0,0,0,0,0,0
29,10018649925317144938,0,0,0,0,0,0,0,0,0,0,0,0,0,0,0,0,0,0,0,0,0,0,352,0,2338,67011,0,0,0,66817,0,0,0,4,352,804,0,0,0,0,195,0,0,0,0,2690,_history_tree_2_updates,1986,0,0,0,0,0,0,5028,2690,0,0,0,7718,0,0,0,0,0,2338,0,0,0,0,0,0,0
29,10018649925317144938,0,0,0,0,0,0,0,0,0,0,0,0,0,0,0,0,0,0,0,0,0,0,1006,0,7,9187,0,0,0,9176,0,0,0,5,2567,2,0,0,0,0,11,0,0,0,0,2574,_history_tree_2_removes,2991,0,0,0,0,0,0,2581,2574,0,0,0,5155,0,0,0,0,0,7,0,0,0,0,0,0,0
29,10018649925317144938,0,0,0,0,0,0,0,0,0,0,0,0,0,0,0,0,0,0,0,0,0,0,366,0,2339,67327,0,0,0,67131,0,0,0,6,366,835,0,0,0,0,194,0,0,0,0,2681,_history_tree_3_updates,2006,0,0,0,0,0,0,5046,2681,0,0,0,7727,0,0,0,0,0,2342,0,0,0,0,0,0,0
29,10018649925317144938,0,0,0,0,0,0,0,0,0,0,0,0,0,0,0,0,0,0,0,0,0,0,1036,0,6,9320,0,0,0,9301,0,0,0,7,2518,2,0,0,0,0,17,0,0,0,0,2524,_history_tree_3_removes,2998,0,0,0,0,0,0,2530,2524,0,0,0,5054,0,0,0,0,0,6,0,0,0,0,0,0,0
29,10018649925317144938,0,0,0,0,0,0,0,0,0,0,0,0,0,0,0,0,0,0,0,0,0,0,371,0,2371,67845,0,0,0,67656,0,0,0,8,371,875,0,0,0,0,187,0,0,0,0,2710,_history_tree_4_updates,1997,0,0,0,0,0,0,5113,2710,0,0,0,7823,0,0,0,0,0,2371,0,0,0,0,0,0,0
29,10018649925317144938,0,0,0,0,0,0,0,0,0,0,0,0,0,0,0,0,0,0,0,0,0,0,979,0,9,9165,0,0,0,9152,0,0,0,9,2563,3,0,0,0,0,13,0,0,0,0,2572,_history_tree_4_removes,3006,0,0,0,0,0,0,2581,2572,0,0,0,5153,0,0,0,0,0,9,0,0,0,0,0,0,0
29,10018649925317144938,0,0,0,0,0,0,0,0,0,0,0,0,0,0,0,0,0,0,0,0,0,0,372,0,2381,68357,0,0,0,68124,0,0,0,10,372,873,0,0,0,0,230,0,0,0,0,2678,_history_tree_5_updates,2016,0,0,0,0,0,0,5134,2678,0,0,0,7812,0,0,0,0,0,2382,0,0,0,0,0,0,0
29,10018649925317144938,0,0,0,0,0,0,0,0,0,0,0,0,0,0,0,0,0,0,0,0,0,0,1006,0,10,9282,0,0,0,9271,0,0,0,11,2492,4,0,0,0,0,11,0,0,0,0,2502,_history_tree_5_removes,2959,0,0,0,0,0,0,2512,2502,0,0,0,5014,0,0,0,0,0,10,0,0,0,0,0,0,0
29,10018649925317144938,0,0,0,0,0,0,0,0,0,0,0,0,0,0,0,0,0,0,0,0,0,0,308,0,2299,65789,0,0,0,65602,0,0,0,12,308,730,0,0,0,0,187,0,0,0,0,2550,_history_tree_6_updates,2013,0,0,0,0,0,0,4908,2550,0,0,0,7458,0,0,0,0,0,2301,0,0,0,0,0,0,0
29,10018649925317144938,0,0,0,0,0,0,0,0,0,0,0,0,0,0,0,0,0,0,0,0,0,0,1042,0,4,9360,0,0,0,9342,0,0,0,29,2516,0,0,0,0,0,18,0,0,0,0,2520,_history_tree_14_removes,2957,0,0,0,0,0,0,2524,2520,0,0,0,5044,0,0,0,0,0,4,0,0,0,0,0,0,0
29,10018649925317144938,0,0,0,0,0,0,0,0,0,0,0,0,0,0,0,0,0,0,0,0,0,0,354,0,2371,68427,0,0,0,68209,0,0,0,30,354,865,0,0,0,0,219,0,0,0,0,2710,_history_tree_15_updates,1974,0,0,0,0,0,0,5096,2710,0,0,0,7805,0,0,0,0,0,2371,0,0,0,0,0,0,0
29,10018649925317144938,0,0,0,0,0,0,0,0,0,0,0,0,0,0,0,0,0,0,0,0,0,0,1024,0,8,9609,0,0,0,9591,0,0,0,31,2537,2,0,0,0,0,18,0,0,0,0,2545,_history_tree_15_removes,2974,0,0,0,0,0,0,2553,2545,0,0,0,5098,0,0,0,0,0,8,0,0,0,0,0,0,0
29,10018649925317144938,0,0,0,0,0,0,0,0,0,0,0,0,0,0,0,0,0,0,0,0,0,0,331,0,2358,67888,0,0,0,67679,0,0,0,32,331,856,0,0,0,0,211,0,0,0,0,2680,_history_tree_16_updates,1965,0,0,0,0,0,0,5047,2680,0,0,0,7727,0,0,0,0,0,2357,0,0,0,0,0,0,0
29,10018649925317144938,0,0,0,0,0,0,0,0,0,0,0,0,0,0,0,0,0,0,0,0,0,0,1047,0,9,9374,0,0,0,9360,0,0,0,33,2510,3,0,0,0,0,14,0,0,0,0,2519,_history_tree_16_removes,2998,0,0,0,0,0,0,2528,2519,0,0,0,5047,0,0,0,0,0,9,0,0,0,0,0,0,0
29,10018649925317144938,0,0,0,0,0,0,0,0,0,0,0,0,0,0,0,0,0,0,0,0,0,0,329,0,2346,143188,0,0,0,71374,0,0,0,34,10485,2674,0,0,0,0,219,0,0,0,0,6290,_history_tree_17_updates,4008,0,0,0,0,0,0,15176,12580,0,0,0,21466,0,0,0,0,0,2345,0,0,0,0,0,0,0
29,10018649925317144938,0,0,0,0,0,0,0,0,0,0,0,0,0,0,0,0,0,0,0,0,0,0,832,0,18,9003,0,0,0,8990,0,0,0,35,2462,10,0,0,0,0,13,0,0,0,0,2480,_history_tree_17_removes,2896,0,0,0,0,0,0,2498,2480,0,0,0,4978,0,0,0,0,0,18,0,0,0,0,0,0,0
29,10018649925317144938,0,0,0,0,0,0,0,0,0,0,0,0,0,0,0,0,0,0,0,0,0,0,321,0,2347,67204,0,0,0,66962,0,0,0,36,322,826,0,0,0,0,237,0,0,0,0,2653,_history_tree_18_updates,1960,0,0,0,0,0,0,5015,2653,0,0,0,7668,0,0,0,0,0,2346,0,0,0,0,0,0,0
29,10018649925317144938,0,0,0,0,0,0,0,0,0,0,0,0,0,0,0,0,0,0,0,0,0,0,992,0,9,9086,0,0,0,9074,0,0,0,37,2570,4,0,0,0,0,12,0,0,0,0,2579,_history_tree_18_removes,3032,0,0,0,0,0,0,2588,2579,0,0,0,5167,0,0,0,0,0,9,0,0,0,0,0,0,0
29,10018649925317144938,0,0,0,0,0,0,0,0,0,0,0,0,0,0,0,0,0,0,0,0,0,0,332,0,2358,67127,0,0,0,66924,0,0,0,38,332,840,0,0,0,0,203,0,0,0,0,2634,_history_tree_19_updates,1945,0,0,0,0,0,0,5047,2634,0,0,0,7681,0,0,0,0,0,2358,0,0,0,0,0,0,0
29,10018649925317144938,0,0,0,0,0,0,0,0,0,0,0,0,0,0,0,0,0,0,0,0,0,0,988,0,6,8933,0,0,0,8921,0,0,0,39,2589,2,0,0,0,0,13,0,0,0,0,2594,_history_tree_19_removes,3004,0,0,0,0,0,0,2600,2594,0,0,0,5194,0,0,0,0,0,6,0,0,0,0,0,0,0
29,10018649925317144938,48930,0,0,0,0,0,45330,0,0,0,0,0,0,0,0,0,0,0,0,0,0,0,0,0,0,293908,0,0,0,96225,0,0,0,40,0,0,0,0,0,0,2064,0,0,94258,0,0,warehouse,0,0,0,0,0,0,0,0,0,0,0,0,0,195152,0,0,195153,0,0,0,0,0,94259,0,0,0
29,10018649925317144938,0,0,0,0,0,0,0,0,0,0,0,0,0,0,0,0,0,0,0,0,0,0,0,0,0,0,0,0,0,0,0,0,0,41,0,0,0,0,0,0,0,0,0,0,0,0,_warehouse_graveyard,0,0,0,0,0,0,0,0,0,0,0,0,0,0,0,0,0,0,0,0,0,0,0,0,0,0
29,10018649925317144938,97033,0,0,0,0,0,95057,0,0,0,0,0,0,0,0,0,0,0,0,0,0,0,0,0,1,298471,0,0,0,194303,0,0,0,42,0,0,0,0,0,0,1047,0,0,192081,0,0,district,0,0,0,0,0,0,0,1,0,0,0,0,1,103036,0,0,103036,1,0,0,0,0,192074,0,0,0
29,10018649925317144938,0,0,0,0,0,0,0,0,0,0,0,0,0,0,0,0,0,0,0,0,0,0,0,0,0,0,0,0,0,0,0,0,0,43,0,0,0,0,0,0,0,0,0,0,0,0,_district_graveyard,0,0,0,0,0,0,0,0,0,0,0,0,0,0,0,0,0,0,0,0,0,0,0,0,0,0
29,10018649925317144938,62738,0,0,0,0,0,59648,0,0,0,0,0,0,0,0,0,0,0,0,0,0,0,0,0,0,789157,0,0,0,122408,0,0,0,44,0,0,0,0,0,0,12,0,0,122398,0,0,customer,0,0,0,0,0,0,0,0,0,0,0,0,0,140633,0,0,140634,0,0,0,0,0,122402,0,0,0
29,10018649925317144938,0,0,0,0,0,0,0,0,0,0,0,0,0,0,0,0,0,0,0,0,0,0,0,0,0,0,0,0,0,0,0,0,0,45,0,0,0,0,0,0,0,0,0,0,0,0,_customer_graveyard,0,0,0,0,0,0,0,0,0,0,0,0,0,0,0,0,0,0,0,0,0,0,0,0,0,0
29,10018649925317144938,0,0,0,0,0,0,0,0,0,0,0,0,0,0,0,0,0,0,0,0,0,0,0,0,0,184608,0,0,0,0,0,0,0,46,0,0,0,0,0,0,61536,0,0,0,0,0,customerwdl,0,0,0,0,0,0,0,0,0,0,0,61538,0,61538,0,0,61539,0,0,0,0,0,0,0,0,0
29,10018649925317144938,0,0,0,0,0,0,0,0,0,0,0,0,0,0,0,0,0,0,0,0,0,0,0,0,0,0,0,0,0,0,0,0,0,47,0,0,0,0,0,0,0,0,0,0,0,0,_customerwdl_graveyard,0,0,0,0,0,0,0,0,0,0,0,0,0,0,0,0,0,0,0,0,0,0,0,0,0,0
29,10018649925317144938,0,0,0,0,0,0,0,0,0,0,0,0,0,0,0,0,0,0,0,0,0,0,0,0,2209,118138,0,0,0,39381,0,0,0,48,0,0,0,0,0,0,0,0,0,0,0,0,history,0,0,0,0,0,0,0,2233,0,0,0,0,2234,0,0,0,0,0,0,0,0,0,0,0,0,0
29,10018649925317144938,0,0,0,0,0,0,0,0,0,0,0,0,0,0,0,0,0,0,0,0,0,0,0,0,0,0,0,0,0,0,0,0,0,49,0,0,0,0,0,0,0,0,0,0,0,0,_history_graveyard,0,0,0,0,0,0,0,0,0,0,0,0,0,0,0,0,0,0,0,0,0,0,0,0,0,0
29,10018649925317144938,42662,85190,0,85190,0,0,42566,0,0,0,0,0,0,0,0,0,0,0,0,0,0,0,58455,0,2088,1136679,0,0,0,271750,0,11470,0,50,86,0,0,0,0,0,107129,0,0,0,0,0,neworder,91515,11470,0,0,0,0,0,3951,0,1,0,85518,3951,96988,0,0,96987,0,1774,0,0,0,0,0,0,0
29,10018649925317144938,0,0,0,0,0,0,0,0,0,0,0,0,0,0,0,0,0,0,0,0,0,0,0,0,0,0,0,0,0,0,0,0,0,51,0,0,0,0,0,0,0,0,0,0,0,0,_neworder_graveyard,0,0,0,0,0,0,0,0,0,0,0,0,0,0,0,0,0,0,0,0,0,0,0,0,0,0
29,10018649925317144938,43089,0,0,0,0,0,42141,0,0,0,0,0,0,0,0,0,0,0,0,0,0,0,0,0,4307,831861,0,0,0,188476,0,0,0,52,0,0,0,0,0,0,0,0,0,85230,0,0,order,0,0,0,0,0,0,0,4313,0,0,0,0,4313,88806,0,0,88806,0,0,0,0,0,85230,0,0,0
29,10018649925317144938,0,0,0,0,0,0,0,0,0,0,0,0,0,0,0,0,0,0,0,0,0,0,0,0,0,0,0,0,0,0,0,0,0,53,0,0,0,0,0,0,0,0,0,0,0,0,_order_graveyard,0,0,0,0,0,0,0,0,0,0,0,0,0,0,0,0,0,0,0,0,0,0,0,0,0,0
29,10018649925317144938,0,0,0,0,0,0,0,0,0,0,0,0,0,0,0,0,3577,0,0,0,0,0,0,0,1337,311527,0,0,0,100266,0,0,0,54,0,0,0,0,0,0,3577,0,0,0,0,0,order_wdc,0,0,0,0,0,0,0,1343,0,0,0,0,1343,3577,0,0,3577,0,0,0,0,0,0,0,0,0
29,10018649925317144938,0,0,0,0,0,0,0,0,0,0,0,0,0,0,0,0,0,0,0,0,0,0,0,0,0,0,0,0,0,0,0,0,0,55,0,0,0,0,0,0,0,0,0,0,0,0,_order_wdc_graveyard,0,0,0,0,0,0,0,0,0,0,0,0,0,0,0,0,0,0,0,0,0,0,0,0,0,0
29,10018649925317144938,430811,0,0,0,0,0,420985,0,0,0,0,0,0,0,0,0,0,0,0,0,0,0,98430,0,58634,7624675,0,0,0,1893735,0,940,0,56,0,0,0,0,0,0,12434,0,0,851920,0,0,orderline,1789164,940,0,0,0,0,0,59426,0,0,0,12370,59427,1801527,0,0,1801527,0,0,0,0,0,851968,0,0,0
29,10018649925317144938,0,0,0,0,0,0,0,0,0,0,0,0,0,0,0,0,0,0,0,0,0,0,0,0,0,0,0,0,0,0,0,0,0,57,0,0,0,0,0,0,0,0,0,0,0,0,_orderline_graveyard,0,0,0,0,0,0,0,0,0,0,0,0,0,0,0,0,0,0,0,0,0,0,0,0,0,0
29,10018649925317144938,0,0,0,0,0,0,0,0,0,0,0,0,0,0,0,0,0,0,0,0,0,0,0,0,0,1966127,0,0,0,0,0,0,0,58,0,0,0,0,0,0,0,0,0,0,0,0,item,0,0,0,0,0,0,0,0,0,0,0,0,0,983012,0,0,983014,0,0,0,0,0,0,0,0,0
30,10018649925317144938,0,0,0,0,0,0,0,0,0,0,0,0,0,0,0,0,0,0,0,0,0,0,0,0,0,0,0,0,0,0,0,0,0,61,0,0,0,0,0,0,0,0,0,0,0,0,_stock_graveyard,0,0,0,0,0,0,0,0,0,0,0,0,0,0,0,0,0,0,0,0,0,0,0,0,0,0
30,10018649925317144938,505360,0,0,0,0,0,493166,0,0,0,0,0,0,0,0,0,0,0,0,0,0,0,0,0,0,15214268,0,0,0,999651,0,0,0,60,0,0,0,0,0,0,1063,0,0,998471,0,0,stock,0,0,0,0,0,0,0,0,0,0,0,0,0,2802631,0,0,2802599,0,0,0,0,0,998419,0,0,0
30,10018649925317144938,0,0,0,0,0,0,0,0,0,0,0,0,0,0,0,0,0,0,0,0,0,0,0,0,0,0,0,0,0,0,0,0,0,59,0,0,0,0,0,0,0,0,0,0,0,0,_item_graveyard,0,0,0,0,0,0,0,0,0,0,0,0,0,0,0,0,0,0,0,0,0,0,0,0,0,0
30,10018649925317144938,0,0,0,0,0,0,0,0,0,0,0,0,0,0,0,0,0,0,0,0,0,0,382,0,2363,67805,0,0,0,67612,0,0,0,28,382,811,0,0,0,0,191,0,0,0,0,2689,_history_tree_14_updates,2029,0,0,0,0,0,0,5068,2689,0,0,0,7757,0,0,0,0,0,2323,0,0,0,0,0,0,0
30,10018649925317144938,0,0,0,0,0,0,0,0,0,0,0,0,0,0,0,0,0,0,0,0,0,0,1061,0,5,9402,0,0,0,9389,0,0,0,27,2618,1,0,0,0,0,13,0,0,0,0,2621,_history_tree_13_removes,3069,0,0,0,0,0,0,2626,2621,0,0,0,5247,0,0,0,0,0,3,0,0,0,0,0,0,0
30,10018649925317144938,0,0,0,0,0,0,0,0,0,0,0,0,0,0,0,0,0,0,0,0,0,0,313,0,2393,68689,0,0,0,68492,0,0,0,26,313,773,0,0,0,0,197,0,0,0,0,2643,_history_tree_13_updates,1991,0,0,0,0,0,0,5044,2643,0,0,0,7687,0,0,0,0,0,2338,0,0,0,0,0,0,0
30,10018649925317144938,0,0,0,0,0,0,0,0,0,0,0,0,0,0,0,0,0,0,0,0,0,0,939,0,7,8788,0,0,0,8775,0,0,0,25,2582,1,0,0,0,0,12,0,0,0,0,2586,_history_tree_12_removes,3031,0,0,0,0,0,0,2593,2586,0,0,0,5179,0,0,0,0,0,4,0,0,0,0,0,0,0
30,10018649925317144938,0,0,0,0,0,0,0,0,0,0,0,0,0,0,0,0,0,0,0,0,0,0,375,0,2360,67187,0,0,0,66996,0,0,0,24,375,740,0,0,0,0,190,0,0,0,0,2640,_history_tree_12_updates,2037,0,0,0,0,0,0,5009,2640,0,0,0,7648,0,0,0,0,0,2274,0,0,0,0,0,0,0
30,10018649925317144938,0,0,0,0,0,0,0,0,0,0,0,0,0,0,0,0,0,0,0,0,0,0,989,0,7,8838,0,0,0,8824,0,0,0,23,2611,2,0,0,0,0,14,0,0,0,0,2615,_history_tree_11_removes,3078,0,0,0,0,0,0,2621,2614,0,0,0,5235,0,0,0,0,0,4,0,0,0,0,0,0,0
30,10018649925317144938,0,0,0,0,0,0,0,0,0,0,0,0,0,0,0,0,0,0,0,0,0,0,332,0,2362,67387,0,0,0,67163,0,0,0,22,332,734,0,0,0,0,219,0,0,0,0,2606,_history_tree_11_updates,2038,0,0,0,0,0,0,4994,2606,0,0,0,7598,0,0,0,0,0,2298,0,0,0,0,0,0,0
30,10018649925317144938,0,0,0,0,0,0,0,0,0,0,0,0,0,0,0,0,0,0,0,0,0,0,945,0,6,8820,0,0,0,8803,0,0,0,21,2697,0,0,0,0,0,17,0,0,0,0,2702,_history_tree_10_removes,3148,0,0,0,0,0,0,2708,2702,0,0,0,5410,0,0,0,0,0,5,0,0,0,0,0,0,0
30,10018649925317144938,0,0,0,0,0,0,0,0,0,0,0,0,0,0,0,0,0,0,0,0,0,0,339,0,2345,66693,0,0,0,66489,0,0,0,20,339,746,0,0,0,0,203,0,0,0,0,2684,_history_tree_10_updates,2072,0,0,0,0,0,0,5029,2684,0,0,0,7714,0,0,0,0,0,2345,0,0,0,0,0,0,0
30,10018649925317144938,0,0,0,0,0,0,0,0,0,0,0,0,0,0,0,0,0,0,0,0,0,0,935,0,8,8738,0,0,0,8724,0,0,0,19,2618,2,0,0,0,0,16,0,0,0,0,2625,_history_tree_9_removes,3038,0,0,0,0,0,0,2633,2625,0,0,0,5258,0,0,0,0,0,7,0,0,0,0,0,0,0
30,10018649925317144938,0,0,0,0,0,0,0,0,0,0,0,0,0,0,0,0,0,0,0,0,0,0,354,0,2345,66701,0,0,0,66485,0,0,0,18,354,729,0,0,0,0,215,0,0,0,0,2600,_history_tree_9_updates,2026,0,0,0,0,0,0,4977,2600,0,0,0,7577,0,0,0,0,0,2278,0,0,0,0,0,0,0
30,10018649925317144938,0,0,0,0,0,0,0,0,0,0,0,0,0,0,0,0,0,0,0,0,0,0,1042,0,8,9419,0,0,0,9398,0,0,0,17,2565,3,0,0,0,0,21,0,0,0,0,2573,_history_tree_8_removes,3016,0,0,0,0,0,0,2581,2573,0,0,0,5154,0,0,0,0,0,8,0,0,0,0,0,0,0
30,10018649925317144938,0,0,0,0,0,0,0,0,0,0,0,0,0,0,0,0,0,0,0,0,0,0,357,0,2383,68482,0,0,0,68304,0,0,0,16,357,854,0,0,0,0,179,0,0,0,0,2706,_history_tree_8_updates,1999,0,0,0,0,0,0,5120,2706,0,0,0,7826,0,0,0,0,0,2382,0,0,0,0,0,0,0
30,10018649925317144938,0,0,0,0,0,0,0,0,0,0,0,0,0,0,0,0,0,0,0,0,0,0,1103,0,5,9565,0,0,0,9553,0,0,0,15,2544,1,0,0,0,0,12,0,0,0,0,2549,_history_tree_7_removes,3010,0,0,0,0,0,0,2554,2549,0,0,0,5103,0,0,0,0,0,5,0,0,0,0,0,0,0
30,10018649925317144938,0,0,0,0,0,0,0,0,0,0,0,0,0,0,0,0,0,0,0,0,0,0,341,0,2364,68381,0,0,0,68172,0,0,0,14,341,831,0,0,0,0,207,0,0,0,0,2685,_history_tree_7_updates,1981,0,0,0,0,0,0,5071,2685,0,0,0,7756,0,0,0,0,0,2365,0,0,0,0,0,0,0
30,10018649925317144938,0,0,0,0,0,0,0,0,0,0,0,0,0,0,0,0,0,0,0,0,0,0,1049,0,8,9598,0,0,0,9584,0,0,0,13,2530,3,0,0,0,0,17,0,0,0,0,2537,_history_tree_6_removes,2977,0,0,0,0,0,0,2545,2537,0,0,0,5082,0,0,0,0,0,7,0,0,0,0,0,0,0
30,10018649925317144938,0,0,0,0,0,0,0,0,0,0,0,0,0,21675327,22277188,0,0,0,0,0,0,0,374,0,2394,68888,0,0,0,68678,0,0,0,0,374,873,0,0,0,0,208,0,0,0,0,2731,_history_tree_0_updates,2021,0,1487859,0,0,0,0,5162,2731,0,0,0,7893,0,0,0,0,0,2394,0,0,0,0,713885,0,0
30,10018649925317144938,0,0,0,0,0,0,0,0,0,0,0,0,0,0,0,0,0,0,0,0,0,0,1035,0,8,9483,0,0,0,9469,0,0,0,1,2572,4,0,0,0,0,14,0,0,0,0,2580,_history_tree_0_removes,3026,0,0,0,0,0,0,2588,2580,0,0,0,5168,0,0,0,0,0,8,0,0,0,0,0,0,0
30,10018649925317144938,0,0,0,0,0,0,0,0,0,0,0,0,0,0,0,0,0,0,0,0,0,0,358,0,2353,67115,0,0,0,66899,0,0,0,2,358,830,0,0,0,0,215,0,0,0,0,2677,_history_tree_1_updates,2023,0,0,0,0,0,0,5059,2677,0,0,0,7736,0,0,0,0,0,2348,0,0,0,0,0,0,0
30,10018649925317144938,0,0,0,0,0,0,0,0,0,0,0,0,0,0,0,0,0,0,0,0,0,0,942,0,5,8875,0,0,0,8857,0,0,0,3,2569,1,0,0,0,0,18,0,0,0,0,2574,_history_tree_1_removes,3033,0,0,0,0,0,0,2579,2574,0,0,0,5153,0,0,0,0,0,5,0,0,0,0,0,0,0
30,10018649925317144938,0,0,0,0,0,0,0,0,0,0,0,0,0,0,0,0,0,0,0,0,0,0,365,0,2373,67868,0,0,0,67650,0,0,0,4,365,847,0,0,0,0,218,0,0,0,0,2706,_history_tree_2_updates,2020,0,0,0,0,0,0,5112,2706,0,0,0,7818,0,0,0,0,0,2374,0,0,0,0,0,0,0
30,10018649925317144938,0,0,0,0,0,0,0,0,0,0,0,0,0,0,0,0,0,0,0,0,0,0,941,0,8,9064,0,0,0,9052,0,0,0,5,2537,2,0,0,0,0,12,0,0,0,0,2545,_history_tree_2_removes,2974,0,0,0,0,0,0,2553,2545,0,0,0,5098,0,0,0,0,0,8,0,0,0,0,0,0,0
30,10018649925317144938,0,0,0,0,0,0,0,0,0,0,0,0,0,0,0,0,0,0,0,0,0,0,330,0,2398,68664,0,0,0,68434,0,0,0,6,330,833,0,0,0,0,229,0,0,0,0,2705,_history_tree_3_updates,2003,0,0,0,0,0,0,5126,2705,0,0,0,7831,0,0,0,0,0,2398,0,0,0,0,0,0,0
30,10018649925317144938,0,0,0,0,0,0,0,0,0,0,0,0,0,0,0,0,0,0,0,0,0,0,1043,0,6,9346,0,0,0,9328,0,0,0,7,2627,2,0,0,0,0,18,0,0,0,0,2633,_history_tree_3_removes,3079,0,0,0,0,0,0,2639,2633,0,0,0,5272,0,0,0,0,0,6,0,0,0,0,0,0,0
30,10018649925317144938,0,0,0,0,0,0,0,0,0,0,0,0,0,0,0,0,0,0,0,0,0,0,361,0,2345,66839,0,0,0,66610,0,0,0,8,361,778,0,0,0,0,229,0,0,0,0,2706,_history_tree_4_updates,2042,0,0,0,0,0,0,5052,2706,0,0,0,7758,0,0,0,0,0,2346,0,0,0,0,0,0,0
30,10018649925317144938,0,0,0,0,0,0,0,0,0,0,0,0,0,0,0,0,0,0,0,0,0,0,962,0,7,8940,0,0,0,8924,0,0,0,9,2655,1,0,0,0,0,16,0,0,0,0,2662,_history_tree_4_removes,3097,0,0,0,0,0,0,2669,2662,0,0,0,5331,0,0,0,0,0,7,0,0,0,0,0,0,0
30,10018649925317144938,0,0,0,0,0,0,0,0,0,0,0,0,0,0,0,0,0,0,0,0,0,0,343,0,2362,67882,0,0,0,67684,0,0,0,10,343,814,0,0,0,0,198,0,0,0,0,2694,_history_tree_5_updates,2012,0,0,0,0,0,0,5067,2694,0,0,0,7761,0,0,0,0,0,2362,0,0,0,0,0,0,0
30,10018649925317144938,0,0,0,0,0,0,0,0,0,0,0,0,0,0,0,0,0,0,0,0,0,0,1038,0,4,9353,0,0,0,9339,0,0,0,11,2618,1,0,0,0,0,14,0,0,0,0,2622,_history_tree_5_removes,3073,0,0,0,0,0,0,2626,2622,0,0,0,5248,0,0,0,0,0,4,0,0,0,0,0,0,0
30,10018649925317144938,0,0,0,0,0,0,0,0,0,0,0,0,0,0,0,0,0,0,0,0,0,0,348,0,2425,69706,0,0,0,69514,0,0,0,12,348,914,0,0,0,0,192,0,0,0,0,2667,_history_tree_6_updates,1966,0,0,0,0,0,0,5196,2667,0,0,0,7863,0,0,0,0,0,2423,0,0,0,0,0,0,0
30,10018649925317144938,0,0,0,0,0,0,0,0,0,0,0,0,0,0,0,0,0,0,0,0,0,0,1015,0,7,9349,0,0,0,9330,0,0,0,29,2566,1,0,0,0,0,19,0,0,0,0,2573,_history_tree_14_removes,3050,0,0,0,0,0,0,2580,2573,0,0,0,5153,0,0,0,0,0,7,0,0,0,0,0,0,0
30,10018649925317144938,0,0,0,0,0,0,0,0,0,0,0,0,0,0,0,0,0,0,0,0,0,0,350,0,2375,68225,0,0,0,68008,0,0,0,30,350,825,0,0,0,0,217,0,0,0,0,2718,_history_tree_15_updates,2016,0,0,0,0,0,0,5095,2718,0,0,0,7813,0,0,0,0,0,2370,0,0,0,0,0,0,0
30,10018649925317144938,0,0,0,0,0,0,0,0,0,0,0,0,0,0,0,0,0,0,0,0,0,0,1013,0,6,9390,0,0,0,9375,0,0,0,31,2632,2,0,0,0,0,15,0,0,0,0,2639,_history_tree_15_removes,3076,0,0,0,0,0,0,2645,2639,0,0,0,5284,0,0,0,0,0,6,0,0,0,0,0,0,0
30,10018649925317144938,0,0,0,0,0,0,0,0,0,0,0,0,0,0,0,0,0,0,0,0,0,0,332,0,2363,67800,0,0,0,67551,0,0,0,32,332,792,0,0,0,0,246,0,0,0,0,2696,_history_tree_16_updates,2036,0,0,0,0,0,0,5059,2696,0,0,0,7755,0,0,0,0,0,2364,0,0,0,0,0,0,0
30,10018649925317144938,0,0,0,0,0,0,0,0,0,0,0,0,0,0,0,0,0,0,0,0,0,0,996,0,5,9215,0,0,0,9194,0,0,0,33,2621,0,0,0,0,0,21,0,0,0,0,2626,_history_tree_16_removes,3063,0,0,0,0,0,0,2631,2626,0,0,0,5257,0,0,0,0,0,5,0,0,0,0,0,0,0
30,10018649925317144938,0,0,0,0,0,0,0,0,0,0,0,0,0,0,0,0,0,0,0,0,0,0,336,0,2369,143764,0,0,0,71690,0,0,0,34,10490,2707,0,0,0,0,192,0,0,0,0,6294,_history_tree_17_updates,3975,0,0,0,0,0,0,15230,12588,0,0,0,21524,0,0,0,0,0,2371,0,0,0,0,0,0,0
30,10018649925317144938,0,0,0,0,0,0,0,0,0,0,0,0,0,0,0,0,0,0,0,0,0,0,841,0,18,8925,0,0,0,8909,0,0,0,35,2467,12,0,0,0,0,16,0,0,0,0,2485,_history_tree_17_removes,2891,0,0,0,0,0,0,2503,2485,0,0,0,4988,0,0,0,0,0,18,0,0,0,0,0,0,0
30,10018649925317144938,0,0,0,0,0,0,0,0,0,0,0,0,0,0,0,0,0,0,0,0,0,0,346,0,2341,66698,0,0,0,66465,0,0,0,36,346,817,0,0,0,0,233,0,0,0,0,2680,_history_tree_18_updates,2002,0,0,0,0,0,0,5030,2680,0,0,0,7710,0,0,0,0,0,2342,0,0,0,0,0,0,0
30,10018649925317144938,0,0,0,0,0,0,0,0,0,0,0,0,0,0,0,0,0,0,0,0,0,0,982,0,4,8841,0,0,0,8831,0,0,0,37,2590,1,0,0,0,0,10,0,0,0,0,2594,_history_tree_18_removes,3042,0,0,0,0,0,0,2598,2594,0,0,0,5194,0,0,0,0,0,4,0,0,0,0,0,0,0
30,10018649925317144938,0,0,0,0,0,0,0,0,0,0,0,0,0,0,0,0,0,0,0,0,0,0,300,0,2327,66565,0,0,0,66316,0,0,0,38,300,735,0,0,0,0,246,0,0,0,0,2626,_history_tree_19_updates,2014,0,0,0,0,0,0,4956,2626,0,0,0,7582,0,0,0,0,0,2329,0,0,0,0,0,0,0
30,10018649925317144938,0,0,0,0,0,0,0,0,0,0,0,0,0,0,0,0,0,0,0,0,0,0,1013,0,4,8947,0,0,0,8928,0,0,0,39,2635,1,0,0,0,0,18,0,0,0,0,2639,_history_tree_19_removes,3087,0,0,0,0,0,0,2643,2639,0,0,0,5282,0,0,0,0,0,4,0,0,0,0,0,0,0
30,10018649925317144938,49478,0,0,0,0,0,45325,0,0,0,0,0,0,0,0,0,0,0,0,0,0,0,0,0,2,296159,0,0,0,96835,0,0,0,40,0,0,0,0,0,0,2128,0,0,94803,0,0,warehouse,0,0,0,0,0,0,0,2,0,0,0,0,2,196718,0,0,196717,2,0,0,0,0,94802,0,0,0
30,10018649925317144938,0,0,0,0,0,0,0,0,0,0,0,0,0,0,0,0,0,0,0,0,0,0,0,0,0,0,0,0,0,0,0,0,0,41,0,0,0,0,0,0,0,0,0,0,0,0,_warehouse_graveyard,0,0,0,0,0,0,0,0,0,0,0,0,0,0,0,0,0,0,0,0,0,0,0,0,0,0
30,10018649925317144938,97501,0,0,0,0,0,96138,0,0,0,0,0,0,0,0,0,0,0,0,0,0,0,0,0,2,300670,0,0,0,195773,0,0,0,42,0,0,0,0,0,0,1026,0,0,193634,0,0,district,0,0,0,0,0,0,0,2,0,0,0,0,2,103805,0,0,103806,2,0,0,0,0,193634,0,0,0
30,10018649925317144938,0,0,0,0,0,0,0,0,0,0,0,0,0,0,0,0,0,0,0,0,0,0,0,0,0,0,0,0,0,0,0,0,0,43,0,0,0,0,0,0,0,0,0,0,0,0,_district_graveyard,0,0,0,0,0,0,0,0,0,0,0,0,0,0,0,0,0,0,0,0,0,0,0,0,0,0
30,10018649925317144938,62731,0,0,0,0,0,59227,0,0,0,0,0,0,0,0,0,0,0,0,0,0,0,0,0,0,790594,0,0,0,121975,0,0,0,44,0,0,0,0,0,0,4,0,0,121949,0,0,customer,0,0,0,0,0,0,0,0,0,0,0,0,0,141554,0,0,141556,0,0,0,0,0,121944,0,0,0
30,10018649925317144938,0,0,0,0,0,0,0,0,0,0,0,0,0,0,0,0,0,0,0,0,0,0,0,0,0,0,0,0,0,0,0,0,0,45,0,0,0,0,0,0,0,0,0,0,0,0,_customer_graveyard,0,0,0,0,0,0,0,0,0,0,0,0,0,0,0,0,0,0,0,0,0,0,0,0,0,0
30,10018649925317144938,0,0,0,0,0,0,0,0,0,0,0,0,0,0,0,0,0,0,0,0,0,0,0,0,0,186237,0,0,0,0,0,0,0,46,0,0,0,0,0,0,62081,0,0,0,0,0,customerwdl,0,0,0,0,0,0,0,0,0,0,0,62084,0,62085,0,0,62085,0,0,0,0,0,0,0,0,0
30,10018649925317144938,0,0,0,0,0,0,0,0,0,0,0,0,0,0,0,0,0,0,0,0,0,0,0,0,0,0,0,0,0,0,0,0,0,47,0,0,0,0,0,0,0,0,0,0,0,0,_customerwdl_graveyard,0,0,0,0,0,0,0,0,0,0,0,0,0,0,0,0,0,0,0,0,0,0,0,0,0,0
30,10018649925317144938,0,0,0,0,0,0,0,0,0,0,0,0,0,0,0,0,0,0,0,0,0,0,0,0,2209,117981,0,0,0,39325,0,0,0,48,0,0,0,0,0,0,0,0,0,0,0,0,history,0,0,0,0,0,0,0,2236,0,0,0,0,2235,0,0,0,0,0,0,0,0,0,0,0,0,0
30,10018649925317144938,0,0,0,0,0,0,0,0,0,0,0,0,0,0,0,0,0,0,0,0,0,0,0,0,0,0,0,0,0,0,0,0,0,49,0,0,0,0,0,0,0,0,0,0,0,0,_history_graveyard,0,0,0,0,0,0,0,0,0,0,0,0,0,0,0,0,0,0,0,0,0,0,0,0,0,0
30,10018649925317144938,42463,84850,0,84850,0,0,42360,0,0,0,0,0,0,0,0,0,0,0,0,0,0,0,57780,0,2107,1137491,0,0,0,272073,0,11161,0,50,93,0,0,0,0,0,107083,0,0,0,0,0,neworder,90871,11161,0,0,0,0,0,4010,0,0,0,85148,4010,96309,0,0,96310,0,1806,0,0,0,0,0,0,0
30,10018649925317144938,0,0,0,0,0,0,0,0,0,0,0,0,0,0,0,0,0,0,0,0,0,0,0,0,0,0,0,0,0,0,0,0,0,51,0,0,0,0,0,0,0,0,0,0,0,0,_neworder_graveyard,0,0,0,0,0,0,0,0,0,0,0,0,0,0,0,0,0,0,0,0,0,0,0,0,0,0
30,10018649925317144938,42741,0,0,0,0,0,42097,0,0,0,0,0,0,0,0,0,0,0,0,0,0,0,0,0,4338,832836,0,0,0,189157,0,0,0,52,0,0,0,0,0,0,0,0,0,84836,0,0,order,0,0,0,0,0,0,0,4347,0,0,0,0,4347,88452,0,0,88451,0,0,0,0,0,84835,0,0,0
30,10018649925317144938,0,0,0,0,0,0,0,0,0,0,0,0,0,0,0,0,0,0,0,0,0,0,0,0,0,0,0,0,0,0,0,0,0,53,0,0,0,0,0,0,0,0,0,0,0,0,_order_graveyard,0,0,0,0,0,0,0,0,0,0,0,0,0,0,0,0,0,0,0,0,0,0,0,0,0,0
30,10018649925317144938,0,0,0,0,0,0,0,0,0,0,0,0,0,0,0,0,3616,0,0,0,0,0,0,0,1429,315015,0,0,0,101389,1,1,0,54,0,0,0,0,0,0,3616,0,0,0,0,0,order_wdc,0,1,0,0,0,0,0,1431,0,0,0,0,1431,3617,0,0,3617,0,0,0,0,0,0,0,0,0
30,10018649925317144938,0,0,0,0,0,0,0,0,0,0,0,0,0,0,0,0,0,0,0,0,0,0,0,0,0,0,0,0,0,0,0,0,0,55,0,0,0,0,0,0,0,0,0,0,0,0,_order_wdc_graveyard,0,0,0,0,0,0,0,0,0,0,0,0,0,0,0,0,0,0,0,0,0,0,0,0,0,0
30,10018649925317144938,428647,0,0,0,0,0,418868,0,0,0,0,0,0,0,0,0,0,0,0,0,0,0,101058,0,59428,7665185,0,0,0,1903585,0,1099,0,56,0,0,0,0,0,0,12711,0,0,847372,0,0,orderline,1837697,1099,0,0,0,0,0,60241,0,0,0,12627,60241,1850384,0,0,1850398,0,0,0,0,0,847274,0,0,0
30,10018649925317144938,0,0,0,0,0,0,0,0,0,0,0,0,0,0,0,0,0,0,0,0,0,0,0,0,0,0,0,0,0,0,0,0,0,57,0,0,0,0,0,0,0,0,0,0,0,0,_orderline_graveyard,0,0,0,0,0,0,0,0,0,0,0,0,0,0,0,0,0,0,0,0,0,0,0,0,0,0
30,10018649925317144938,0,0,0,0,0,0,0,0,0,0,0,0,0,0,0,0,0,0,0,0,0,0,0,0,0,1993277,0,0,0,0,0,0,0,58,0,0,0,0,0,0,0,0,0,0,0,0,item,0,0,0,0,0,0,0,0,0,0,0,0,0,996618,0,0,996626,0,0,0,0,0,0,0,0,0
31,10018649925317144938,0,0,0,0,0,0,0,0,0,0,0,0,0,0,0,0,0,0,0,0,0,0,0,0,0,0,0,0,0,0,0,0,0,61,0,0,0,0,0,0,0,0,0,0,0,0,_stock_graveyard,0,0,0,0,0,0,0,0,0,0,0,0,0,0,0,0,0,0,0,0,0,0,0,0,0,0
31,10018649925317144938,510417,0,0,0,0,0,498376,0,0,0,0,0,0,0,0,0,0,0,0,0,0,0,0,0,0,15404740,0,0,0,1009929,0,0,0,60,0,0,0,0,0,0,1158,0,0,1008799,0,0,stock,0,0,0,0,0,0,0,0,0,0,0,0,0,2840102,0,0,2840098,0,0,0,0,0,1008800,0,0,0
31,10018649925317144938,0,0,0,0,0,0,0,0,0,0,0,0,0,0,0,0,0,0,0,0,0,0,0,0,0,0,0,0,0,0,0,0,0,59,0,0,0,0,0,0,0,0,0,0,0,0,_item_graveyard,0,0,0,0,0,0,0,0,0,0,0,0,0,0,0,0,0,0,0,0,0,0,0,0,0,0
31,10018649925317144938,0,0,0,0,0,0,0,0,0,0,0,0,0,0,0,0,0,0,0,0,0,0,340,0,2447,70375,0,0,0,70174,0,0,0,28,340,816,0,0,0,0,199,0,0,0,0,2767,_history_tree_14_updates,2100,0,0,0,0,0,0,5239,2767,0,0,0,8006,0,0,0,0,0,2452,0,0,0,0,0,0,0
31,10018649925317144938,0,0,0,0,0,0,0,0,0,0,0,0,0,0,0,0,0,0,0,0,0,0,1089,0,7,9811,0,0,0,9796,0,0,0,27,2700,3,0,0,0,0,15,0,0,0,0,2709,_history_tree_13_removes,3154,0,0,0,0,0,0,2716,2709,0,0,0,5425,0,0,0,0,0,9,0,0,0,0,0,0,0
31,10018649925317144938,0,0,0,0,0,0,0,0,0,0,0,0,0,0,0,0,0,0,0,0,0,0,379,0,2427,69840,0,0,0,69635,0,0,0,26,379,886,0,0,0,0,205,0,0,0,0,2839,_history_tree_13_updates,2079,0,0,0,0,0,0,5288,2839,0,0,0,8127,0,0,0,0,0,2482,0,0,0,0,0,0,0
31,10018649925317144938,0,0,0,0,0,0,0,0,0,0,0,0,0,0,0,0,0,0,0,0,0,0,1056,0,5,9654,0,0,0,9646,0,0,0,25,2673,4,0,0,0,0,8,0,0,0,0,2681,_history_tree_12_removes,3156,0,0,0,0,0,0,2686,2681,0,0,0,5367,0,0,0,0,0,8,0,0,0,0,0,0,0
31,10018649925317144938,0,0,0,0,0,0,0,0,0,0,0,0,0,0,0,0,0,0,0,0,0,0,393,0,2420,69582,0,0,0,69362,0,0,0,24,393,910,0,0,0,0,218,0,0,0,0,2848,_history_tree_12_updates,2113,0,0,0,0,0,0,5309,2848,0,0,0,8157,0,0,0,0,0,2496,0,0,0,0,0,0,0
31,10018649925317144938,0,0,0,0,0,0,0,0,0,0,0,0,0,0,0,0,0,0,0,0,0,0,1113,0,3,9597,0,0,0,9577,0,0,0,23,2690,2,0,0,0,0,20,0,0,0,0,2696,_history_tree_11_removes,3168,0,0,0,0,0,0,2699,2696,0,0,0,5395,0,0,0,0,0,6,0,0,0,0,0,0,0
31,10018649925317144938,0,0,0,0,0,0,0,0,0,0,0,0,0,0,0,0,0,0,0,0,0,0,341,0,2409,69131,0,0,0,68894,0,0,0,22,341,849,0,0,0,0,233,0,0,0,0,2795,_history_tree_11_updates,2083,0,0,0,0,0,0,5218,2795,0,0,0,8013,0,0,0,0,0,2469,0,0,0,0,0,0,0
31,10018649925317144938,0,0,0,0,0,0,0,0,0,0,0,0,0,0,0,0,0,0,0,0,0,0,1018,0,7,9493,0,0,0,9477,0,0,0,21,2717,2,0,0,0,0,16,0,0,0,0,2724,_history_tree_10_removes,3185,0,0,0,0,0,0,2731,2724,0,0,0,5455,0,0,0,0,0,7,0,0,0,0,0,0,0
31,10018649925317144938,0,0,0,0,0,0,0,0,0,0,0,0,0,0,0,0,0,0,0,0,0,0,351,0,2418,69368,0,0,0,69132,0,0,0,20,351,800,0,0,0,0,235,0,0,0,0,2737,_history_tree_10_updates,2073,0,0,0,0,0,0,5165,2737,0,0,0,7901,0,0,0,0,0,2396,0,0,0,0,0,0,0
31,10018649925317144938,0,0,0,0,0,0,0,0,0,0,0,0,0,0,0,0,0,0,0,0,0,0,1091,0,8,9828,0,0,0,9810,0,0,0,19,2661,3,0,0,0,0,15,0,0,0,0,2669,_history_tree_9_removes,3144,0,0,0,0,0,0,2677,2669,0,0,0,5346,0,0,0,0,0,8,0,0,0,0,0,0,0
31,10018649925317144938,0,0,0,0,0,0,0,0,0,0,0,0,0,0,0,0,0,0,0,0,0,0,382,0,2434,70339,0,0,0,70126,0,0,0,18,382,871,0,0,0,0,213,0,0,0,0,2844,_history_tree_9_updates,2117,0,0,0,0,0,0,5294,2844,0,0,0,8138,0,0,0,0,0,2478,0,0,0,0,0,0,0
31,10018649925317144938,0,0,0,0,0,0,0,0,0,0,0,0,0,0,0,0,0,0,0,0,0,0,1117,0,5,9842,0,0,0,9828,0,0,0,17,2685,0,0,0,0,0,14,0,0,0,0,2690,_history_tree_8_removes,3164,0,0,0,0,0,0,2695,2690,0,0,0,5385,0,0,0,0,0,5,0,0,0,0,0,0,0
31,10018649925317144938,0,0,0,0,0,0,0,0,0,0,0,0,0,0,0,0,0,0,0,0,0,0,355,0,2441,70473,0,0,0,70227,0,0,0,16,355,818,0,0,0,0,244,0,0,0,0,2789,_history_tree_8_updates,2093,0,0,0,0,0,0,5230,2789,0,0,0,8019,0,0,0,0,0,2434,0,0,0,0,0,0,0
31,10018649925317144938,0,0,0,0,0,0,0,0,0,0,0,0,0,0,0,0,0,0,0,0,0,0,1045,0,6,9626,0,0,0,9612,0,0,0,15,2695,1,0,0,0,0,14,0,0,0,0,2701,_history_tree_7_removes,3165,0,0,0,0,0,0,2707,2701,0,0,0,5408,0,0,0,0,0,6,0,0,0,0,0,0,0
31,10018649925317144938,0,0,0,0,0,0,0,0,0,0,0,0,0,0,0,0,0,0,0,0,0,0,359,0,2450,70298,0,0,0,70093,0,0,0,14,359,825,0,0,0,0,204,0,0,0,0,2754,_history_tree_7_updates,2095,0,0,0,0,0,0,5233,2754,0,0,0,7987,0,0,0,0,0,2425,0,0,0,0,0,0,0
31,10018649925317144938,0,0,0,0,0,0,0,0,0,0,0,0,0,0,0,0,0,0,0,0,0,0,988,0,5,9239,0,0,0,9217,0,0,0,13,2711,4,0,0,0,0,18,0,0,0,0,2717,_history_tree_6_removes,3159,0,0,0,0,0,0,2722,2717,0,0,0,5439,0,0,0,0,0,6,0,0,0,0,0,0,0
31,10018649925317144938,0,0,0,0,0,0,0,0,0,0,0,0,0,22052876,22665252,0,0,0,0,0,0,0,356,0,2419,69510,0,0,0,69304,0,0,0,0,356,839,0,0,0,0,206,0,0,0,0,2752,_history_tree_0_updates,2078,0,1524913,0,0,0,0,5176,2752,0,0,0,7928,0,0,0,0,0,2401,0,0,0,0,702352,0,0
31,10018649925317144938,0,0,0,0,0,0,0,0,0,0,0,0,0,0,0,0,0,0,0,0,0,0,1053,0,4,9502,0,0,0,9489,0,0,0,1,2618,0,0,0,0,0,13,0,0,0,0,2622,_history_tree_0_removes,3107,0,0,0,0,0,0,2626,2622,0,0,0,5248,0,0,0,0,0,4,0,0,0,0,0,0,0
31,10018649925317144938,0,0,0,0,0,0,0,0,0,0,0,0,0,0,0,0,0,0,0,0,0,0,338,0,2434,69695,0,0,0,69451,0,0,0,2,338,789,0,0,0,0,243,0,0,0,0,2715,_history_tree_1_updates,2057,0,0,0,0,0,0,5163,2715,0,0,0,7878,0,0,0,0,0,2391,0,0,0,0,0,0,0
31,10018649925317144938,0,0,0,0,0,0,0,0,0,0,0,0,0,0,0,0,0,0,0,0,0,0,1044,0,5,9426,0,0,0,9409,0,0,0,3,2688,1,0,0,0,0,16,0,0,0,0,2692,_history_tree_1_removes,3161,0,0,0,0,0,0,2697,2692,0,0,0,5389,0,0,0,0,0,4,0,0,0,0,0,0,0
31,10018649925317144938,0,0,0,0,0,0,0,0,0,0,0,0,0,0,0,0,0,0,0,0,0,0,351,0,2429,69935,0,0,0,69681,0,0,0,4,351,813,0,0,0,0,252,0,0,0,0,2758,_history_tree_2_updates,2084,0,0,0,0,0,0,5187,2758,0,0,0,7945,0,0,0,0,0,2407,0,0,0,0,0,0,0
31,10018649925317144938,0,0,0,0,0,0,0,0,0,0,0,0,0,0,0,0,0,0,0,0,0,0,1070,0,4,9582,0,0,0,9566,0,0,0,5,2708,0,0,0,0,0,16,0,0,0,0,2711,_history_tree_2_removes,3194,0,0,0,0,0,0,2715,2711,0,0,0,5426,0,0,0,0,0,3,0,0,0,0,0,0,0
31,10018649925317144938,0,0,0,0,0,0,0,0,0,0,0,0,0,0,0,0,0,0,0,0,0,0,340,0,2411,69276,0,0,0,69071,0,0,0,6,340,814,0,0,0,0,204,0,0,0,0,2727,_history_tree_3_updates,2050,0,0,0,0,0,0,5154,2727,0,0,0,7881,0,0,0,0,0,2403,0,0,0,0,0,0,0
31,10018649925317144938,0,0,0,0,0,0,0,0,0,0,0,0,0,0,0,0,0,0,0,0,0,0,1072,0,4,9516,0,0,0,9500,0,0,0,7,2671,1,0,0,0,0,16,0,0,0,0,2675,_history_tree_3_removes,3131,0,0,0,0,0,0,2679,2675,0,0,0,5354,0,0,0,0,0,4,0,0,0,0,0,0,0
31,10018649925317144938,0,0,0,0,0,0,0,0,0,0,0,0,0,0,0,0,0,0,0,0,0,0,351,0,2416,68923,0,0,0,68662,0,0,0,8,351,764,0,0,0,0,256,0,0,0,0,2717,_history_tree_4_updates,2087,0,0,0,0,0,0,5142,2717,0,0,0,7859,0,0,0,0,0,2375,0,0,0,0,0,0,0
31,10018649925317144938,0,0,0,0,0,0,0,0,0,0,0,0,0,0,0,0,0,0,0,0,0,0,983,0,6,9102,0,0,0,9084,0,0,0,9,2717,0,0,0,0,0,18,0,0,0,0,2722,_history_tree_4_removes,3167,0,0,0,0,0,0,2728,2722,0,0,0,5450,0,0,0,0,0,5,0,0,0,0,0,0,0
31,10018649925317144938,0,0,0,0,0,0,0,0,0,0,0,0,0,0,0,0,0,0,0,0,0,0,345,0,2438,69882,0,0,0,69672,0,0,0,10,345,790,0,0,0,0,210,0,0,0,0,2738,_history_tree_5_updates,2073,0,0,0,0,0,0,5198,2738,0,0,0,7936,0,0,0,0,0,2415,0,0,0,0,0,0,0
31,10018649925317144938,0,0,0,0,0,0,0,0,0,0,0,0,0,0,0,0,0,0,0,0,0,0,1064,0,4,9439,0,0,0,9426,0,0,0,11,2663,1,0,0,0,0,13,0,0,0,0,2667,_history_tree_5_removes,3108,0,0,0,0,0,0,2671,2667,0,0,0,5338,0,0,0,0,0,4,0,0,0,0,0,0,0
31,10018649925317144938,0,0,0,0,0,0,0,0,0,0,0,0,0,0,0,0,0,0,0,0,0,0,318,0,2371,67851,0,0,0,67649,0,0,0,12,318,767,0,0,0,0,201,0,0,0,0,2626,_history_tree_6_updates,2046,0,0,0,0,0,0,5060,2626,0,0,0,7686,0,0,0,0,0,2371,0,0,0,0,0,0,0
31,10018649925317144938,0,0,0,0,0,0,0,0,0,0,0,0,0,0,0,0,0,0,0,0,0,0,1090,0,4,9621,0,0,0,9600,0,0,0,29,2767,1,0,0,0,0,21,0,0,0,0,2770,_history_tree_14_removes,3245,0,0,0,0,0,0,2774,2770,0,0,0,5544,0,0,0,0,0,3,0,0,0,0,0,0,0
31,10018649925317144938,0,0,0,0,0,0,0,0,0,0,0,0,0,0,0,0,0,0,0,0,0,0,340,0,2414,69213,0,0,0,68984,0,0,0,30,340,813,0,0,0,0,227,0,0,0,0,2749,_history_tree_15_updates,2074,0,0,0,0,0,0,5163,2749,0,0,0,7912,0,0,0,0,0,2409,0,0,0,0,0,0,0
31,10018649925317144938,0,0,0,0,0,0,0,0,0,0,0,0,0,0,0,0,0,0,0,0,0,0,1049,0,5,9513,0,0,0,9502,0,0,0,31,2697,0,0,0,0,0,11,0,0,0,0,2701,_history_tree_15_removes,3137,0,0,0,0,0,0,2706,2701,0,0,0,5407,0,0,0,0,0,5,0,0,0,0,0,0,0
31,10018649925317144938,0,0,0,0,0,0,0,0,0,0,0,0,0,0,0,0,0,0,0,0,0,0,379,0,2413,69012,0,0,0,68804,0,0,0,32,379,775,0,0,0,0,207,0,0,0,0,2743,_history_tree_16_updates,2123,0,0,0,0,0,0,5163,2743,0,0,0,7906,0,0,0,0,0,2372,0,0,0,0,0,0,0
31,10018649925317144938,0,0,0,0,0,0,0,0,0,0,0,0,0,0,0,0,0,0,0,0,0,0,1005,0,7,9263,0,0,0,9251,0,0,0,33,2710,2,0,0,0,0,12,0,0,0,0,2715,_history_tree_16_removes,3185,0,0,0,0,0,0,2722,2715,0,0,0,5437,0,0,0,0,0,5,0,0,0,0,0,0,0
31,10018649925317144938,0,0,0,0,0,0,0,0,0,0,0,0,0,0,0,0,0,0,0,0,0,0,367,0,2413,147660,0,0,0,73631,0,0,0,34,10808,2722,0,0,0,0,198,0,0,0,0,6474,_history_tree_17_updates,4092,0,0,0,0,0,0,15576,12948,0,0,0,22051,0,0,0,0,0,2355,0,0,0,0,0,0,0
31,10018649925317144938,0,0,0,0,0,0,0,0,0,0,0,0,0,0,0,0,0,0,0,0,0,0,923,0,17,9399,0,0,0,9384,0,0,0,35,2514,11,0,0,0,0,15,0,0,0,0,2530,_history_tree_17_removes,2962,0,0,0,0,0,0,2547,2530,0,0,0,5077,0,0,0,0,0,16,0,0,0,0,0,0,0
31,10018649925317144938,0,0,0,0,0,0,0,0,0,0,0,0,0,0,0,0,0,0,0,0,0,0,332,0,2441,70201,0,0,0,69978,0,0,0,36,332,809,0,0,0,0,223,0,0,0,0,2744,_history_tree_18_updates,2045,0,0,0,0,0,0,5185,2744,0,0,0,7929,0,0,0,0,0,2413,0,0,0,0,0,0,0
31,10018649925317144938,0,0,0,0,0,0,0,0,0,0,0,0,0,0,0,0,0,0,0,0,0,0,1082,0,3,9729,0,0,0,9710,0,0,0,37,2681,0,0,0,0,0,19,0,0,0,0,2684,_history_tree_18_removes,3127,0,0,0,0,0,0,2687,2684,0,0,0,5369,0,0,0,0,0,3,0,0,0,0,0,0,0
31,10018649925317144938,0,0,0,0,0,0,0,0,0,0,0,0,0,0,0,0,0,0,0,0,0,0,356,0,2455,70498,0,0,0,70269,0,0,0,38,356,791,0,0,0,0,229,0,0,0,0,2686,_history_tree_19_updates,2076,0,0,0,0,0,0,5184,2686,0,0,0,7870,0,0,0,0,0,2373,0,0,0,0,0,0,0
31,10018649925317144938,0,0,0,0,0,0,0,0,0,0,0,0,0,0,0,0,0,0,0,0,0,0,1047,0,9,9488,0,0,0,9473,0,0,0,39,2651,2,0,0,0,0,15,0,0,0,0,2656,_history_tree_19_removes,3111,0,0,0,0,0,0,2665,2656,0,0,0,5321,0,0,0,0,0,5,0,0,0,0,0,0,0
31,10018649925317144938,50610,0,0,0,0,0,46400,0,0,0,0,0,0,0,0,0,0,0,0,0,0,0,0,0,0,301497,0,0,0,99085,0,0,0,40,0,0,0,0,0,0,2179,0,0,97008,0,0,warehouse,0,0,0,0,0,0,0,0,0,0,0,0,0,199746,0,0,199745,0,0,0,0,0,97003,0,0,0
31,10018649925317144938,0,0,0,0,0,0,0,0,0,0,0,0,0,0,0,0,0,0,0,0,0,0,0,0,0,0,0,0,0,0,0,0,0,41,0,0,0,0,0,0,0,0,0,0,0,0,_warehouse_graveyard,0,0,0,0,0,0,0,0,0,0,0,0,0,0,0,0,0,0,0,0,0,0,0,0,0,0
31,10018649925317144938,99109,0,0,0,0,0,97431,0,0,0,0,0,0,0,0,0,0,0,0,0,0,0,0,0,0,305990,0,0,0,198777,0,0,0,42,0,0,0,0,0,0,1056,0,0,196525,0,0,district,0,0,0,0,0,0,0,0,0,0,0,0,0,106080,0,0,106077,0,0,0,0,0,196509,0,0,0
31,10018649925317144938,0,0,0,0,0,0,0,0,0,0,0,0,0,0,0,0,0,0,0,0,0,0,0,0,0,0,0,0,0,0,0,0,0,43,0,0,0,0,0,0,0,0,0,0,0,0,_district_graveyard,0,0,0,0,0,0,0,0,0,0,0,0,0,0,0,0,0,0,0,0,0,0,0,0,0,0
31,10018649925317144938,65141,0,0,0,0,0,61660,0,0,0,0,0,0,0,0,0,0,0,0,0,0,0,0,0,0,811269,0,0,0,126829,0,0,0,44,0,0,0,0,0,0,9,0,0,126792,0,0,customer,0,0,0,0,0,0,0,0,0,0,0,0,0,143576,0,0,143573,0,0,0,0,0,126788,0,0,0
31,10018649925317144938,0,0,0,0,0,0,0,0,0,0,0,0,0,0,0,0,0,0,0,0,0,0,0,0,0,0,0,0,0,0,0,0,0,45,0,0,0,0,0,0,0,0,0,0,0,0,_customer_graveyard,0,0,0,0,0,0,0,0,0,0,0,0,0,0,0,0,0,0,0,0,0,0,0,0,0,0
31,10018649925317144938,0,0,0,0,0,0,0,0,0,0,0,0,0,0,0,0,0,0,0,0,0,0,0,0,0,189138,0,0,0,0,0,0,0,46,0,0,0,0,0,0,63043,0,0,0,0,0,customerwdl,0,0,0,0,0,0,0,0,0,0,0,63037,0,63036,0,0,63035,0,0,0,0,0,0,0,0,0
31,10018649925317144938,0,0,0,0,0,0,0,0,0,0,0,0,0,0,0,0,0,0,0,0,0,0,0,0,0,0,0,0,0,0,0,0,0,47,0,0,0,0,0,0,0,0,0,0,0,0,_customerwdl_graveyard,0,0,0,0,0,0,0,0,0,0,0,0,0,0,0,0,0,0,0,0,0,0,0,0,0,0
31,10018649925317144938,0,0,0,0,0,0,0,0,0,0,0,0,0,0,0,0,0,0,0,0,0,0,0,0,2282,121953,0,0,0,40651,0,0,0,48,0,0,0,0,0,0,0,0,0,0,0,0,history,0,0,0,0,0,0,0,2308,0,0,0,0,2308,0,0,0,0,0,0,0,0,0,0,0,0,0
31,10018649925317144938,0,0,0,0,0,0,0,0,0,0,0,0,0,0,0,0,0,0,0,0,0,0,0,0,0,0,0,0,0,0,0,0,0,49,0,0,0,0,0,0,0,0,0,0,0,0,_history_graveyard,0,0,0,0,0,0,0,0,0,0,0,0,0,0,0,0,0,0,0,0,0,0,0,0,0,0
31,10018649925317144938,44201,87430,0,87430,0,0,44129,0,0,0,0,0,0,0,0,0,0,0,0,0,0,0,58814,0,2094,1171681,0,0,0,278740,0,9159,0,50,57,0,0,0,0,0,111805,0,0,0,0,0,neworder,91128,9159,0,0,0,0,0,3993,0,0,0,88619,3993,97778,0,0,97777,0,1843,0,0,0,0,0,0,0
31,10018649925317144938,0,0,0,0,0,0,0,0,0,0,0,0,0,0,0,0,0,0,0,0,0,0,0,0,0,0,0,0,0,0,0,0,0,51,0,0,0,0,0,0,0,0,0,0,0,0,_neworder_graveyard,0,0,0,0,0,0,0,0,0,0,0,0,0,0,0,0,0,0,0,0,0,0,0,0,0,0
31,10018649925317144938,44543,0,0,0,0,0,43750,0,0,0,0,0,0,0,0,0,0,0,0,0,0,0,0,0,4387,855402,0,0,0,193229,0,0,0,52,0,0,0,0,0,0,0,0,0,88289,0,0,order,0,0,0,0,0,0,0,4390,0,0,0,0,4390,91900,0,0,91900,0,0,0,0,0,88286,0,0,0
31,10018649925317144938,0,0,0,0,0,0,0,0,0,0,0,0,0,0,0,0,0,0,0,0,0,0,0,0,0,0,0,0,0,0,0,0,0,53,0,0,0,0,0,0,0,0,0,0,0,0,_order_graveyard,0,0,0,0,0,0,0,0,0,0,0,0,0,0,0,0,0,0,0,0,0,0,0,0,0,0
31,10018649925317144938,0,0,0,0,0,0,0,0,0,0,0,0,0,0,0,0,3613,0,0,0,0,0,0,0,1371,316419,0,0,0,101859,0,0,0,54,0,0,0,0,0,0,3613,0,0,0,0,0,order_wdc,0,0,0,0,0,0,0,1378,0,0,0,0,1378,3613,0,0,3613,0,0,0,0,0,0,0,0,0
31,10018649925317144938,0,0,0,0,0,0,0,0,0,0,0,0,0,0,0,0,0,0,0,0,0,0,0,0,0,0,0,0,0,0,0,0,0,55,0,0,0,0,0,0,0,0,0,0,0,0,_order_wdc_graveyard,0,0,0,0,0,0,0,0,0,0,0,0,0,0,0,0,0,0,0,0,0,0,0,0,0,0
31,10018649925317144938,446705,0,0,0,0,0,436404,0,0,0,0,0,0,0,0,0,0,0,0,0,0,0,102113,0,59668,7828240,0,0,0,1944250,0,1022,0,56,0,0,0,0,0,0,12780,0,0,883048,0,0,orderline,1855508,1022,0,0,0,0,0,60457,0,0,0,12695,60456,1868122,0,0,1868108,0,0,0,0,0,883034,0,0,0
31,10018649925317144938,0,0,0,0,0,0,0,0,0,0,0,0,0,0,0,0,0,0,0,0,0,0,0,0,0,0,0,0,0,0,0,0,0,57,0,0,0,0,0,0,0,0,0,0,0,0,_orderline_graveyard,0,0,0,0,0,0,0,0,0,0,0,0,0,0,0,0,0,0,0,0,0,0,0,0,0,0
31,10018649925317144938,0,0,0,0,0,0,0,0,0,0,0,0,0,0,0,0,0,0,0,0,0,0,0,0,0,2001634,0,0,0,0,0,0,0,58,0,0,0,0,0,0,0,0,0,0,0,0,item,0,0,0,0,0,0,0,0,0,0,0,0,0,1000749,0,0,1000730,0,0,0,0,0,0,0,0,0
32,10018649925317144938,0,0,0,0,0,0,0,0,0,0,0,0,0,0,0,0,0,0,0,0,0,0,0,0,0,0,0,0,0,0,0,0,0,61,0,0,0,0,0,0,0,0,0,0,0,0,_stock_graveyard,0,0,0,0,0,0,0,0,0,0,0,0,0,0,0,0,0,0,0,0,0,0,0,0,0,0
32,10018649925317144938,504646,0,0,0,0,0,492508,0,0,0,0,0,0,0,0,0,0,0,0,0,0,0,0,0,0,15195987,0,0,0,998171,0,0,0,60,0,0,0,0,0,0,1082,0,0,997205,0,0,stock,0,0,0,0,0,0,0,0,0,0,0,0,0,2799950,0,0,2799975,0,0,0,0,0,997263,0,0,0
32,10018649925317144938,0,0,0,0,0,0,0,0,0,0,0,0,0,0,0,0,0,0,0,0,0,0,0,0,0,0,0,0,0,0,0,0,0,59,0,0,0,0,0,0,0,0,0,0,0,0,_item_graveyard,0,0,0,0,0,0,0,0,0,0,0,0,0,0,0,0,0,0,0,0,0,0,0,0,0,0
32,10018649925317144938,0,0,0,0,0,0,0,0,0,0,0,0,0,0,0,0,0,0,0,0,0,0,365,0,2393,68641,0,0,0,68415,0,0,0,28,365,872,0,0,0,0,226,0,0,0,0,2776,_history_tree_14_updates,2039,0,0,0,0,0,0,5186,2776,0,0,0,7962,0,0,0,0,0,2428,0,0,0,0,0,0,0
32,10018649925317144938,0,0,0,0,0,0,0,0,0,0,0,0,0,0,0,0,0,0,0,0,0,0,1098,0,5,9714,0,0,0,9700,0,0,0,27,2676,0,0,0,0,0,14,0,0,0,0,2681,_history_tree_13_removes,3172,0,0,0,0,0,0,2686,2681,0,0,0,5367,0,0,0,0,0,5,0,0,0,0,0,0,0
32,10018649925317144938,0,0,0,0,0,0,0,0,0,0,0,0,0,0,0,0,0,0,0,0,0,0,328,0,2432,70047,0,0,0,69815,0,0,0,26,328,825,0,0,0,0,232,0,0,0,0,2743,_history_tree_13_updates,2078,0,0,0,0,0,0,5191,2743,0,0,0,7934,0,0,0,0,0,2430,0,0,0,0,0,0,0
32,10018649925317144938,0,0,0,0,0,0,0,0,0,0,0,0,0,0,0,0,0,0,0,0,0,0,1074,0,2,9448,0,0,0,9435,0,0,0,25,2768,0,0,0,0,0,13,0,0,0,0,2770,_history_tree_12_removes,3241,0,0,0,0,0,0,2772,2770,0,0,0,5542,0,0,0,0,0,2,0,0,0,0,0,0,0
32,10018649925317144938,0,0,0,0,0,0,0,0,0,0,0,0,0,0,0,0,0,0,0,0,0,0,341,0,2401,68923,0,0,0,68685,0,0,0,24,341,771,0,0,0,0,232,0,0,0,0,2752,_history_tree_12_updates,2099,0,0,0,0,0,0,5153,2752,0,0,0,7905,0,0,0,0,0,2411,0,0,0,0,0,0,0
32,10018649925317144938,0,0,0,0,0,0,0,0,0,0,0,0,0,0,0,0,0,0,0,0,0,0,1066,0,4,9522,0,0,0,9510,0,0,0,23,2673,2,0,0,0,0,12,0,0,0,0,2677,_history_tree_11_removes,3136,0,0,0,0,0,0,2681,2677,0,0,0,5358,0,0,0,0,0,4,0,0,0,0,0,0,0
32,10018649925317144938,0,0,0,0,0,0,0,0,0,0,0,0,0,0,0,0,0,0,0,0,0,0,346,0,2400,69022,0,0,0,68813,0,0,0,22,346,813,0,0,0,0,209,0,0,0,0,2731,_history_tree_11_updates,2054,0,0,0,0,0,0,5150,2731,0,0,0,7882,0,0,0,0,0,2404,0,0,0,0,0,0,0
32,10018649925317144938,0,0,0,0,0,0,0,0,0,0,0,0,0,0,0,0,0,0,0,0,0,0,1075,0,5,9823,0,0,0,9808,0,0,0,21,2672,1,0,0,0,0,15,0,0,0,0,2678,_history_tree_10_removes,3143,0,0,0,0,0,0,2683,2678,0,0,0,5361,0,0,0,0,0,6,0,0,0,0,0,0,0
32,10018649925317144938,0,0,0,0,0,0,0,0,0,0,0,0,0,0,0,0,0,0,0,0,0,0,334,0,2413,69573,0,0,0,69380,0,0,0,20,334,832,0,0,0,0,192,0,0,0,0,2767,_history_tree_10_updates,2051,0,0,0,0,0,0,5180,2767,0,0,0,7947,0,0,0,0,0,2433,0,0,0,0,0,0,0
32,10018649925317144938,0,0,0,0,0,0,0,0,0,0,0,0,0,0,0,0,0,0,0,0,0,0,1069,0,6,9307,0,0,0,9301,0,0,0,19,2702,1,0,0,0,0,6,0,0,0,0,2709,_history_tree_9_removes,3173,0,0,0,0,0,0,2715,2709,0,0,0,5424,0,0,0,0,0,7,0,0,0,0,0,0,0
32,10018649925317144938,0,0,0,0,0,0,0,0,0,0,0,0,0,0,0,0,0,0,0,0,0,0,355,0,2383,68448,0,0,0,68207,0,0,0,18,355,801,0,0,0,0,240,0,0,0,0,2754,_history_tree_9_updates,2080,0,0,0,0,0,0,5144,2754,0,0,0,7898,0,0,0,0,0,2405,0,0,0,0,0,0,0
32,10018649925317144938,0,0,0,0,0,0,0,0,0,0,0,0,0,0,0,0,0,0,0,0,0,0,986,0,8,9388,0,0,0,9373,0,0,0,17,2611,3,0,0,0,0,15,0,0,0,0,2619,_history_tree_8_removes,3078,0,0,0,0,0,0,2627,2619,0,0,0,5246,0,0,0,0,0,8,0,0,0,0,0,0,0
32,10018649925317144938,0,0,0,0,0,0,0,0,0,0,0,0,0,0,0,0,0,0,0,0,0,0,386,0,2385,68377,0,0,0,68201,0,0,0,16,386,818,0,0,0,0,176,0,0,0,0,2770,_history_tree_8_updates,2099,0,0,0,0,0,0,5164,2770,0,0,0,7934,0,0,0,0,0,2393,0,0,0,0,0,0,0
32,10018649925317144938,0,0,0,0,0,0,0,0,0,0,0,0,0,0,0,0,0,0,0,0,0,0,1089,0,5,9533,0,0,0,9516,0,0,0,15,2665,2,0,0,0,0,17,0,0,0,0,2670,_history_tree_7_removes,3125,0,0,0,0,0,0,2675,2670,0,0,0,5345,0,0,0,0,0,5,0,0,0,0,0,0,0
32,10018649925317144938,0,0,0,0,0,0,0,0,0,0,0,0,0,0,0,0,0,0,0,0,0,0,318,0,2389,68639,0,0,0,68450,0,0,0,14,318,810,0,0,0,0,189,0,0,0,0,2712,_history_tree_7_updates,2044,0,0,0,0,0,0,5125,2714,0,0,0,7841,0,0,0,0,0,2417,0,0,0,0,0,0,0
32,10018649925317144938,0,0,0,0,0,0,0,0,0,0,0,0,0,0,0,0,0,0,0,0,0,0,963,0,6,9076,0,0,0,9065,0,0,0,13,2674,3,0,0,0,0,11,0,0,0,0,2680,_history_tree_6_removes,3132,0,0,0,0,0,0,2686,2680,0,0,0,5366,0,0,0,0,0,6,0,0,0,0,0,0,0
32,10018649925317144938,0,0,0,0,0,0,0,0,0,0,0,0,0,21812067,22405597,0,0,0,0,0,0,0,329,0,2385,68296,0,0,0,68076,0,0,0,0,329,790,0,0,0,0,222,0,0,0,0,2718,_history_tree_0_updates,2045,0,1505599,0,0,0,0,5116,2719,0,0,0,7835,0,0,0,0,0,2402,0,0,0,0,727728,0,0
32,10018649925317144938,0,0,0,0,0,0,0,0,0,0,0,0,0,0,0,0,0,0,0,0,0,0,1015,0,5,9276,0,0,0,9261,0,0,0,1,2718,1,0,0,0,0,15,0,0,0,0,2723,_history_tree_0_removes,3162,0,0,0,0,0,0,2728,2723,0,0,0,5451,0,0,0,0,0,5,0,0,0,0,0,0,0
32,10018649925317144938,0,0,0,0,0,0,0,0,0,0,0,0,0,0,0,0,0,0,0,0,0,0,374,0,2370,67883,0,0,0,67668,0,0,0,2,374,874,0,0,0,0,215,0,0,0,0,2756,_history_tree_1_updates,2024,0,0,0,0,0,0,5160,2756,0,0,0,7916,0,0,0,0,0,2416,0,0,0,0,0,0,0
32,10018649925317144938,0,0,0,0,0,0,0,0,0,0,0,0,0,0,0,0,0,0,0,0,0,0,952,0,8,9317,0,0,0,9301,0,0,0,3,2563,2,0,0,0,0,16,0,0,0,0,2572,_history_tree_1_removes,3007,0,0,0,0,0,0,2580,2572,0,0,0,5152,0,0,0,0,0,9,0,0,0,0,0,0,0
32,10018649925317144938,0,0,0,0,0,0,0,0,0,0,0,0,0,0,0,0,0,0,0,0,0,0,388,0,2359,67324,0,0,0,67135,0,0,0,4,388,802,0,0,0,0,189,0,0,0,0,2769,_history_tree_2_updates,2083,0,0,0,0,0,0,5128,2769,0,0,0,7897,0,0,0,0,0,2381,0,0,0,0,0,0,0
32,10018649925317144938,0,0,0,0,0,0,0,0,0,0,0,0,0,0,0,0,0,0,0,0,0,0,986,0,5,9095,0,0,0,9087,0,0,0,5,2693,1,0,0,0,0,8,0,0,0,0,2699,_history_tree_2_removes,3146,0,0,0,0,0,0,2704,2699,0,0,0,5403,0,0,0,0,0,6,0,0,0,0,0,0,0
32,10018649925317144938,0,0,0,0,0,0,0,0,0,0,0,0,0,0,0,0,0,0,0,0,0,0,388,0,2415,69360,0,0,0,69166,0,0,0,6,388,837,0,0,0,0,194,0,0,0,0,2805,_history_tree_3_updates,2073,0,0,0,0,0,0,5225,2805,0,0,0,8030,0,0,0,0,0,2422,0,0,0,0,0,0,0
32,10018649925317144938,0,0,0,0,0,0,0,0,0,0,0,0,0,0,0,0,0,0,0,0,0,0,1056,0,4,9549,0,0,0,9536,0,0,0,7,2658,1,0,0,0,0,13,0,0,0,0,2662,_history_tree_3_removes,3097,0,0,0,0,0,0,2666,2662,0,0,0,5328,0,0,0,0,0,4,0,0,0,0,0,0,0
32,10018649925317144938,0,0,0,0,0,0,0,0,0,0,0,0,0,0,0,0,0,0,0,0,0,0,347,0,2369,67681,0,0,0,67462,0,0,0,8,347,793,0,0,0,0,218,0,0,0,0,2731,_history_tree_4_updates,2079,0,0,0,0,0,0,5123,2731,0,0,0,7854,0,0,0,0,0,2407,0,0,0,0,0,0,0
32,10018649925317144938,0,0,0,0,0,0,0,0,0,0,0,0,0,0,0,0,0,0,0,0,0,0,976,0,6,9087,0,0,0,9082,0,0,0,9,2713,2,0,0,0,0,5,0,0,0,0,2720,_history_tree_4_removes,3149,0,0,0,0,0,0,2726,2720,0,0,0,5446,0,0,0,0,0,7,0,0,0,0,0,0,0
32,10018649925317144938,0,0,0,0,0,0,0,0,0,0,0,0,0,0,0,0,0,0,0,0,0,0,374,0,2408,69257,0,0,0,69058,0,0,0,10,374,877,0,0,0,0,199,0,0,0,0,2786,_history_tree_5_updates,2047,0,0,0,0,0,0,5213,2786,0,0,0,7999,0,0,0,0,0,2431,0,0,0,0,0,0,0
32,10018649925317144938,0,0,0,0,0,0,0,0,0,0,0,0,0,0,0,0,0,0,0,0,0,0,1024,0,8,9626,0,0,0,9609,0,0,0,11,2646,1,0,0,0,0,17,0,0,0,0,2654,_history_tree_5_removes,3097,0,0,0,0,0,0,2662,2654,0,0,0,5316,0,0,0,0,0,8,0,0,0,0,0,0,0
32,10018649925317144938,0,0,0,0,0,0,0,0,0,0,0,0,0,0,0,0,0,0,0,0,0,0,383,0,2376,67887,0,0,0,67685,0,0,0,12,383,805,0,0,0,0,202,0,0,0,0,2686,_history_tree_6_updates,2086,0,0,0,0,0,0,5138,2686,0,0,0,7824,0,0,0,0,0,2378,0,0,0,0,0,0,0
32,10018649925317144938,0,0,0,0,0,0,0,0,0,0,0,0,0,0,0,0,0,0,0,0,0,0,1076,0,3,9472,0,0,0,9459,0,0,0,29,2710,0,0,0,0,0,13,0,0,0,0,2714,_history_tree_14_removes,3160,0,0,0,0,0,0,2717,2714,0,0,0,5431,0,0,0,0,0,4,0,0,0,0,0,0,0
32,10018649925317144938,0,0,0,0,0,0,0,0,0,0,0,0,0,0,0,0,0,0,0,0,0,0,330,0,2387,68484,0,0,0,68264,0,0,0,30,330,795,0,0,0,0,218,0,0,0,0,2719,_history_tree_15_updates,2039,0,0,0,0,0,0,5110,2719,0,0,0,7829,0,0,0,0,0,2393,0,0,0,0,0,0,0
32,10018649925317144938,0,0,0,0,0,0,0,0,0,0,0,0,0,0,0,0,0,0,0,0,0,0,1068,0,5,9438,0,0,0,9421,0,0,0,31,2705,1,0,0,0,0,17,0,0,0,0,2710,_history_tree_15_removes,3141,0,0,0,0,0,0,2715,2710,0,0,0,5425,0,0,0,0,0,5,0,0,0,0,0,0,0
32,10018649925317144938,0,0,0,0,0,0,0,0,0,0,0,0,0,0,0,0,0,0,0,0,0,0,346,0,2432,69987,0,0,0,69776,0,0,0,32,346,864,0,0,0,0,212,0,0,0,0,2815,_history_tree_16_updates,2068,0,0,0,0,0,0,5247,2815,0,0,0,8062,0,0,0,0,0,2469,0,0,0,0,0,0,0
32,10018649925317144938,0,0,0,0,0,0,0,0,0,0,0,0,0,0,0,0,0,0,0,0,0,0,1088,0,4,9817,0,0,0,9794,0,0,0,33,2720,2,0,0,0,0,23,0,0,0,0,2726,_history_tree_16_removes,3184,0,0,0,0,0,0,2730,2726,0,0,0,5456,0,0,0,0,0,6,0,0,0,0,0,0,0
32,10018649925317144938,0,0,0,0,0,0,0,0,0,0,0,0,0,0,0,0,0,0,0,0,0,0,349,0,2355,144552,0,0,0,72086,0,0,0,34,10749,2758,0,0,0,0,189,0,0,0,0,6455,_history_tree_17_updates,4054,0,0,0,0,0,0,15514,12910,0,0,0,21968,0,0,0,0,0,2409,0,0,0,0,0,0,0
32,10018649925317144938,0,0,0,0,0,0,0,0,0,0,0,0,0,0,0,0,0,0,0,0,0,0,885,0,19,9308,0,0,0,9295,0,0,0,35,2518,14,0,0,0,0,13,0,0,0,0,2538,_history_tree_17_removes,2943,0,0,0,0,0,0,2557,2538,0,0,0,5095,0,0,0,0,0,20,0,0,0,0,0,0,0
32,10018649925317144938,0,0,0,0,0,0,0,0,0,0,0,0,0,0,0,0,0,0,0,0,0,0,361,0,2364,67665,0,0,0,67460,0,0,0,36,362,813,0,0,0,0,207,0,0,0,0,2739,_history_tree_18_updates,2080,0,0,0,0,0,0,5112,2739,0,0,0,7851,0,0,0,0,0,2386,0,0,0,0,0,0,0
32,10018649925317144938,0,0,0,0,0,0,0,0,0,0,0,0,0,0,0,0,0,0,0,0,0,0,973,0,4,9137,0,0,0,9126,0,0,0,37,2654,0,0,0,0,0,11,0,0,0,0,2658,_history_tree_18_removes,3125,0,0,0,0,0,0,2662,2658,0,0,0,5320,0,0,0,0,0,4,0,0,0,0,0,0,0
32,10018649925317144938,0,0,0,0,0,0,0,0,0,0,0,0,0,0,0,0,0,0,0,0,0,0,309,0,2397,68837,0,0,0,68609,0,0,0,38,309,861,0,0,0,0,227,0,0,0,0,2739,_history_tree_19_updates,2056,0,0,0,0,0,0,5185,2739,0,0,0,7924,0,0,0,0,0,2479,0,0,0,0,0,0,0
32,10018649925317144938,0,0,0,0,0,0,0,0,0,0,0,0,0,0,0,0,0,0,0,0,0,0,1048,0,3,9660,0,0,0,9649,0,0,0,39,2714,4,0,0,0,0,11,0,0,0,0,2721,_history_tree_19_removes,3175,0,0,0,0,0,0,2724,2721,0,0,0,5445,0,0,0,0,0,7,0,0,0,0,0,0,0
32,10018649925317144938,49733,0,0,0,0,0,45918,0,0,0,0,0,0,0,0,0,0,0,0,0,0,0,0,0,0,298279,0,0,0,97645,0,0,0,40,0,0,0,0,0,0,2111,0,0,95660,0,0,warehouse,0,0,0,0,0,0,0,0,0,0,0,0,0,198051,0,0,198050,0,0,0,0,0,95661,0,0,0
32,10018649925317144938,0,0,0,0,0,0,0,0,0,0,0,0,0,0,0,0,0,0,0,0,0,0,0,0,0,0,0,0,0,0,0,0,0,41,0,0,0,0,0,0,0,0,0,0,0,0,_warehouse_graveyard,0,0,0,0,0,0,0,0,0,0,0,0,0,0,0,0,0,0,0,0,0,0,0,0,0,0
32,10018649925317144938,98411,0,0,0,0,0,96628,0,0,0,0,0,0,0,0,0,0,0,0,0,0,0,0,0,0,303010,0,0,0,197187,0,0,0,42,0,0,0,0,0,0,1006,0,0,195061,0,0,district,0,0,0,0,0,0,0,0,0,0,0,0,0,104761,0,0,104764,0,0,0,0,0,195076,0,0,0
32,10018649925317144938,0,0,0,0,0,0,0,0,0,0,0,0,0,0,0,0,0,0,0,0,0,0,0,0,0,0,0,0,0,0,0,0,0,43,0,0,0,0,0,0,0,0,0,0,0,0,_district_graveyard,0,0,0,0,0,0,0,0,0,0,0,0,0,0,0,0,0,0,0,0,0,0,0,0,0,0
32,10018649925317144938,64088,0,0,0,0,0,60984,0,0,0,0,0,0,0,0,0,0,0,0,0,0,0,0,0,0,804134,0,0,0,125090,0,0,0,44,0,0,0,0,0,0,5,0,0,125081,0,0,customer,0,0,0,0,0,0,0,0,0,0,0,0,0,142954,0,0,142954,0,0,0,0,0,125088,0,0,0
32,10018649925317144938,0,0,0,0,0,0,0,0,0,0,0,0,0,0,0,0,0,0,0,0,0,0,0,0,0,0,0,0,0,0,0,0,0,45,0,0,0,0,0,0,0,0,0,0,0,0,_customer_graveyard,0,0,0,0,0,0,0,0,0,0,0,0,0,0,0,0,0,0,0,0,0,0,0,0,0,0
32,10018649925317144938,0,0,0,0,0,0,0,0,0,0,0,0,0,0,0,0,0,0,0,0,0,0,0,0,0,186318,0,0,0,0,0,0,0,46,0,0,0,0,0,0,62110,0,0,0,0,0,customerwdl,0,0,0,0,0,0,0,0,0,0,0,62115,0,62115,0,0,62115,0,0,0,0,0,0,0,0,0
32,10018649925317144938,0,0,0,0,0,0,0,0,0,0,0,0,0,0,0,0,0,0,0,0,0,0,0,0,0,0,0,0,0,0,0,0,0,47,0,0,0,0,0,0,0,0,0,0,0,0,_customerwdl_graveyard,0,0,0,0,0,0,0,0,0,0,0,0,0,0,0,0,0,0,0,0,0,0,0,0,0,0
32,10018649925317144938,0,0,0,0,0,0,0,0,0,0,0,0,0,0,0,0,0,0,0,0,0,0,0,0,2260,120801,0,0,0,40267,0,0,0,48,0,0,0,0,0,0,0,0,0,0,0,0,history,0,0,0,0,0,0,0,2285,0,0,0,0,2285,0,0,0,0,0,0,0,0,0,0,0,0,0
32,10018649925317144938,0,0,0,0,0,0,0,0,0,0,0,0,0,0,0,0,0,0,0,0,0,0,0,0,0,0,0,0,0,0,0,0,0,49,0,0,0,0,0,0,0,0,0,0,0,0,_history_graveyard,0,0,0,0,0,0,0,0,0,0,0,0,0,0,0,0,0,0,0,0,0,0,0,0,0,0
32,10018649925317144938,43635,87690,0,87690,0,0,43550,0,0,0,0,0,0,0,0,0,0,0,0,0,0,0,57916,0,2139,1165239,0,0,0,277857,0,9997,0,50,17,0,0,0,0,0,110545,0,0,0,0,0,neworder,90984,9998,0,0,0,0,0,3981,0,0,0,87468,3981,97467,0,0,97469,0,1825,0,0,0,0,0,0,0
32,10018649925317144938,0,0,0,0,0,0,0,0,0,0,0,0,0,0,0,0,0,0,0,0,0,0,0,0,0,0,0,0,0,0,0,0,0,51,0,0,0,0,0,0,0,0,0,0,0,0,_neworder_graveyard,0,0,0,0,0,0,0,0,0,0,0,0,0,0,0,0,0,0,0,0,0,0,0,0,0,0
32,10018649925317144938,44180,0,0,0,0,0,43039,0,0,0,0,0,0,0,0,0,0,0,0,0,0,0,0,0,4384,849003,0,0,0,192202,0,0,0,52,0,0,0,0,0,0,0,0,0,87227,0,0,order,0,0,0,0,0,0,0,4389,0,0,0,0,4389,90809,0,0,90810,0,0,0,0,0,87233,0,0,0
32,10018649925317144938,0,0,0,0,0,0,0,0,0,0,0,0,0,0,0,0,0,0,0,0,0,0,0,0,0,0,0,0,0,0,0,0,0,53,0,0,0,0,0,0,0,0,0,0,0,0,_order_graveyard,0,0,0,0,0,0,0,0,0,0,0,0,0,0,0,0,0,0,0,0,0,0,0,0,0,0
32,10018649925317144938,0,0,0,0,0,0,0,0,0,0,0,0,0,0,0,0,3580,0,0,0,0,0,0,0,1354,316626,0,0,0,101962,0,0,0,54,0,0,0,0,0,0,3580,0,0,0,0,0,order_wdc,0,0,0,0,0,0,0,1361,0,0,0,0,1361,3581,0,0,3581,0,0,0,0,0,0,0,0,0
32,10018649925317144938,0,0,0,0,0,0,0,0,0,0,0,0,0,0,0,0,0,0,0,0,0,0,0,0,0,0,0,0,0,0,0,0,0,55,0,0,0,0,0,0,0,0,0,0,0,0,_order_wdc_graveyard,0,0,0,0,0,0,0,0,0,0,0,0,0,0,0,0,0,0,0,0,0,0,0,0,0,0
32,10018649925317144938,440855,0,0,0,0,0,430798,0,0,0,0,0,0,0,0,0,0,0,0,0,0,0,102076,0,59864,7792803,0,0,0,1935486,0,1083,0,56,0,0,0,0,0,0,12731,0,0,871711,0,0,orderline,1855182,1083,0,0,0,0,0,60685,0,0,0,12667,60685,1867839,0,0,1867847,0,0,0,0,0,871742,0,0,0
32,10018649925317144938,0,0,0,0,0,0,0,0,0,0,0,0,0,0,0,0,0,0,0,0,0,0,0,0,0,0,0,0,0,0,0,0,0,57,0,0,0,0,0,0,0,0,0,0,0,0,_orderline_graveyard,0,0,0,0,0,0,0,0,0,0,0,0,0,0,0,0,0,0,0,0,0,0,0,0,0,0
32,10018649925317144938,0,0,0,0,0,0,0,0,0,0,0,0,0,0,0,0,0,0,0,0,0,0,0,0,0,2008227,0,0,0,0,0,0,0,58,0,0,0,0,0,0,0,0,0,0,0,0,item,0,0,0,0,0,0,0,0,0,0,0,0,0,1004233,0,0,1004250,0,0,0,0,0,0,0,0,0
33,10018649925317144938,0,0,0,0,0,0,0,0,0,0,0,0,0,0,0,0,0,0,0,0,0,0,0,0,0,0,0,0,0,0,0,0,0,61,0,0,0,0,0,0,0,0,0,0,0,0,_stock_graveyard,0,0,0,0,0,0,0,0,0,0,0,0,0,0,0,0,0,0,0,0,0,0,0,0,0,0
33,10018649925317144938,499872,0,0,0,0,0,487654,0,0,0,0,0,0,0,0,0,0,0,0,0,0,0,0,0,0,15079703,0,0,0,988612,0,0,0,60,0,0,0,0,0,0,1153,0,0,987524,0,0,stock,0,0,0,0,0,0,0,0,0,0,0,0,0,2780147,0,0,2780137,0,0,0,0,0,987519,0,0,0
33,10018649925317144938,0,0,0,0,0,0,0,0,0,0,0,0,0,0,0,0,0,0,0,0,0,0,0,0,0,0,0,0,0,0,0,0,0,59,0,0,0,0,0,0,0,0,0,0,0,0,_item_graveyard,0,0,0,0,0,0,0,0,0,0,0,0,0,0,0,0,0,0,0,0,0,0,0,0,0,0
33,10018649925317144938,0,0,0,0,0,0,0,0,0,0,0,0,0,0,0,0,0,0,0,0,0,0,336,0,2326,66683,0,0,0,66454,0,0,0,28,336,754,0,0,0,0,225,0,0,0,0,2659,_history_tree_14_updates,2027,0,0,0,0,0,0,4991,2661,0,0,0,7652,0,0,0,0,0,2327,0,0,0,0,0,0,0
33,10018649925317144938,0,0,0,0,0,0,0,0,0,0,0,0,0,0,0,0,0,0,0,0,0,0,1009,0,6,9201,0,0,0,9186,0,0,0,27,2613,2,0,0,0,0,15,0,0,0,0,2619,_history_tree_13_removes,3060,0,0,0,0,0,0,2625,2619,0,0,0,5244,0,0,0,0,0,6,0,0,0,0,0,0,0
33,10018649925317144938,0,0,0,0,0,0,0,0,0,0,0,0,0,0,0,0,0,0,0,0,0,0,324,0,2349,67285,0,0,0,67066,0,0,0,26,324,792,0,0,0,0,217,0,0,0,0,2669,_history_tree_13_updates,2005,0,0,0,0,0,0,5023,2669,0,0,0,7692,0,0,0,0,0,2351,0,0,0,0,0,0,0
33,10018649925317144938,0,0,0,0,0,0,0,0,0,0,0,0,0,0,0,0,0,0,0,0,0,0,1020,0,3,9097,0,0,0,9080,0,0,0,25,2585,0,0,0,0,0,17,0,0,0,0,2589,_history_tree_12_removes,3038,0,0,0,0,0,0,2592,2589,0,0,0,5181,0,0,0,0,0,3,0,0,0,0,0,0,0
33,10018649925317144938,0,0,0,0,0,0,0,0,0,0,0,0,0,0,0,0,0,0,0,0,0,0,352,0,2353,67395,0,0,0,67185,0,0,0,24,352,795,0,0,0,0,209,0,0,0,0,2706,_history_tree_12_updates,2041,0,0,0,0,0,0,5059,2706,0,0,0,7765,0,0,0,0,0,2354,0,0,0,0,0,0,0
33,10018649925317144938,0,0,0,0,0,0,0,0,0,0,0,0,0,0,0,0,0,0,0,0,0,0,1015,0,5,9043,0,0,0,9030,0,0,0,23,2630,1,0,0,0,0,13,0,0,0,0,2635,_history_tree_11_removes,3082,0,0,0,0,0,0,2640,2635,0,0,0,5275,0,0,0,0,0,5,0,0,0,0,0,0,0
33,10018649925317144938,0,0,0,0,0,0,0,0,0,0,0,0,0,0,0,0,0,0,0,0,0,0,353,0,2364,67568,0,0,0,67377,0,0,0,22,353,787,0,0,0,0,191,0,0,0,0,2710,_history_tree_11_updates,2050,0,0,0,0,0,0,5081,2710,0,0,0,7790,0,0,0,0,0,2364,0,0,0,0,0,0,0
33,10018649925317144938,0,0,0,0,0,0,0,0,0,0,0,0,0,0,0,0,0,0,0,0,0,0,1037,0,4,9417,0,0,0,9404,0,0,0,21,2609,1,0,0,0,0,13,0,0,0,0,2613,_history_tree_10_removes,3077,0,0,0,0,0,0,2617,2613,0,0,0,5230,0,0,0,0,0,4,0,0,0,0,0,0,0
33,10018649925317144938,0,0,0,0,0,0,0,0,0,0,0,0,0,0,0,0,0,0,0,0,0,0,339,0,2383,68499,0,0,0,68255,0,0,0,20,339,818,0,0,0,0,242,0,0,0,0,2721,_history_tree_10_updates,2032,0,0,0,0,0,0,5105,2721,0,0,0,7826,0,0,0,0,0,2383,0,0,0,0,0,0,0
33,10018649925317144938,0,0,0,0,0,0,0,0,0,0,0,0,0,0,0,0,0,0,0,0,0,0,1013,0,7,9483,0,0,0,9466,0,0,0,19,2566,3,0,0,0,0,17,0,0,0,0,2573,_history_tree_9_removes,3000,0,0,0,0,0,0,2580,2573,0,0,0,5153,0,0,0,0,0,7,0,0,0,0,0,0,0
33,10018649925317144938,0,0,0,0,0,0,0,0,0,0,0,0,0,0,0,0,0,0,0,0,0,0,313,0,2399,68963,0,0,0,68740,0,0,0,18,313,840,0,0,0,0,221,0,0,0,0,2704,_history_tree_9_updates,1989,0,0,0,0,0,0,5109,2704,0,0,0,7813,0,0,0,0,0,2398,0,0,0,0,0,0,0
33,10018649925317144938,0,0,0,0,0,0,0,0,0,0,0,0,0,0,0,0,0,0,0,0,0,0,1091,0,7,9685,0,0,0,9672,0,0,0,17,2567,2,0,0,0,0,13,0,0,0,0,2574,_history_tree_8_removes,3019,0,0,0,0,0,0,2581,2574,0,0,0,5157,0,0,0,0,0,7,0,0,0,0,0,0,0
33,10018649925317144938,0,0,0,0,0,0,0,0,0,0,0,0,0,0,0,0,0,0,0,0,0,0,321,0,2402,69282,0,0,0,69060,0,0,0,16,321,849,0,0,0,0,217,0,0,0,0,2717,_history_tree_8_updates,1985,0,0,0,0,0,0,5124,2717,0,0,0,7841,0,0,0,0,0,2401,0,0,0,0,0,0,0
33,10018649925317144938,0,0,0,0,0,0,0,0,0,0,0,0,0,0,0,0,0,0,0,0,0,0,992,0,5,9329,0,0,0,9312,0,0,0,15,2634,3,0,0,0,0,17,0,0,0,0,2639,_history_tree_7_removes,3071,0,0,0,0,0,0,2644,2639,0,0,0,5283,0,0,0,0,0,5,0,0,0,0,0,0,0
33,10018649925317144938,0,0,0,0,0,0,0,0,0,0,0,0,0,0,0,0,0,0,0,0,0,0,338,0,2363,67886,0,0,0,67669,0,0,0,14,338,811,0,0,0,0,217,0,0,0,0,2677,_history_tree_7_updates,2002,0,0,0,0,0,0,5063,2675,0,0,0,7736,0,0,0,0,0,2363,0,0,0,0,0,0,0
33,10018649925317144938,0,0,0,0,0,0,0,0,0,0,0,0,0,0,0,0,0,0,0,0,0,0,1014,0,9,9594,0,0,0,9578,0,0,0,13,2583,6,0,0,0,0,16,0,0,0,0,2592,_history_tree_6_removes,3008,0,0,0,0,0,0,2601,2592,0,0,0,5193,0,0,0,0,0,9,0,0,0,0,0,0,0
33,10018649925317144938,0,0,0,0,0,0,0,0,0,0,0,0,0,21617459,22212667,0,0,0,0,0,0,0,347,0,2372,67730,0,0,0,67565,0,0,0,0,347,824,0,0,0,0,162,0,0,0,0,2715,_history_tree_0_updates,2038,0,1494174,0,0,0,0,5090,2714,0,0,0,7804,0,0,0,0,0,2371,0,0,0,0,699668,0,0
33,10018649925317144938,0,0,0,0,0,0,0,0,0,0,0,0,0,0,0,0,0,0,0,0,0,0,966,0,6,9084,0,0,0,9066,0,0,0,1,2590,1,0,0,0,0,18,0,0,0,0,2596,_history_tree_0_removes,3063,0,0,0,0,0,0,2602,2596,0,0,0,5198,0,0,0,0,0,6,0,0,0,0,0,0,0
33,10018649925317144938,0,0,0,0,0,0,0,0,0,0,0,0,0,0,0,0,0,0,0,0,0,0,347,0,2397,68828,0,0,0,68617,0,0,0,2,347,825,0,0,0,0,210,0,0,0,0,2736,_history_tree_1_updates,2046,0,0,0,0,0,0,5142,2736,0,0,0,7878,0,0,0,0,0,2398,0,0,0,0,0,0,0
33,10018649925317144938,0,0,0,0,0,0,0,0,0,0,0,0,0,0,0,0,0,0,0,0,0,0,1007,0,8,9450,0,0,0,9433,0,0,0,3,2583,3,0,0,0,0,17,0,0,0,0,2591,_history_tree_1_removes,3032,0,0,0,0,0,0,2599,2591,0,0,0,5190,0,0,0,0,0,8,0,0,0,0,0,0,0
33,10018649925317144938,0,0,0,0,0,0,0,0,0,0,0,0,0,0,0,0,0,0,0,0,0,0,345,0,2400,69060,0,0,0,68815,0,0,0,4,345,855,0,0,0,0,245,0,0,0,0,2719,_history_tree_2_updates,2000,0,0,0,0,0,0,5144,2719,0,0,0,7863,0,0,0,0,0,2399,0,0,0,0,0,0,0
33,10018649925317144938,0,0,0,0,0,0,0,0,0,0,0,0,0,0,0,0,0,0,0,0,0,0,1035,0,7,9498,0,0,0,9477,0,0,0,5,2542,3,0,0,0,0,21,0,0,0,0,2550,_history_tree_2_removes,3013,0,0,0,0,0,0,2557,2550,0,0,0,5107,0,0,0,0,0,7,0,0,0,0,0,0,0
33,10018649925317144938,0,0,0,0,0,0,0,0,0,0,0,0,0,0,0,0,0,0,0,0,0,0,336,0,2354,67271,0,0,0,67063,0,0,0,6,336,804,0,0,0,0,207,0,0,0,0,2661,_history_tree_3_updates,1989,0,0,0,0,0,0,5047,2661,0,0,0,7708,0,0,0,0,0,2356,0,0,0,0,0,0,0
33,10018649925317144938,0,0,0,0,0,0,0,0,0,0,0,0,0,0,0,0,0,0,0,0,0,0,995,0,7,9097,0,0,0,9081,0,0,0,7,2635,4,0,0,0,0,16,0,0,0,0,2642,_history_tree_3_removes,3072,0,0,0,0,0,0,2649,2642,0,0,0,5291,0,0,0,0,0,7,0,0,0,0,0,0,0
33,10018649925317144938,0,0,0,0,0,0,0,0,0,0,0,0,0,0,0,0,0,0,0,0,0,0,370,0,2369,67910,0,0,0,67708,0,0,0,8,370,816,0,0,0,0,203,0,0,0,0,2738,_history_tree_4_updates,2051,0,0,0,0,0,0,5109,2738,0,0,0,7847,0,0,0,0,0,2370,0,0,0,0,0,0,0
33,10018649925317144938,0,0,0,0,0,0,0,0,0,0,0,0,0,0,0,0,0,0,0,0,0,0,995,0,8,9235,0,0,0,9218,0,0,0,9,2587,2,0,0,0,0,17,0,0,0,0,2595,_history_tree_4_removes,3035,0,0,0,0,0,0,2603,2595,0,0,0,5198,0,0,0,0,0,8,0,0,0,0,0,0,0
33,10018649925317144938,0,0,0,0,0,0,0,0,0,0,0,0,0,0,0,0,0,0,0,0,0,0,391,0,2363,67763,0,0,0,67566,0,0,0,10,391,829,0,0,0,0,197,0,0,0,0,2745,_history_tree_5_updates,2053,0,0,0,0,0,0,5118,2745,0,0,0,7863,0,0,0,0,0,2364,0,0,0,0,0,0,0
33,10018649925317144938,0,0,0,0,0,0,0,0,0,0,0,0,0,0,0,0,0,0,0,0,0,0,1002,0,5,9212,0,0,0,9202,0,0,0,11,2582,1,0,0,0,0,10,0,0,0,0,2587,_history_tree_5_removes,3041,0,0,0,0,0,0,2592,2587,0,0,0,5179,0,0,0,0,0,5,0,0,0,0,0,0,0
33,10018649925317144938,0,0,0,0,0,0,0,0,0,0,0,0,0,0,0,0,0,0,0,0,0,0,318,0,2425,69668,0,0,0,69465,0,0,0,12,318,888,0,0,0,0,201,0,0,0,0,2641,_history_tree_6_updates,1952,0,0,0,0,0,0,5167,2641,0,0,0,7808,0,0,0,0,0,2425,0,0,0,0,0,0,0
33,10018649925317144938,0,0,0,0,0,0,0,0,0,0,0,0,0,0,0,0,0,0,0,0,0,0,1006,0,3,9069,0,0,0,9053,0,0,0,29,2648,0,0,0,0,0,16,0,0,0,0,2651,_history_tree_14_removes,3093,0,0,0,0,0,0,2654,2651,0,0,0,5305,0,0,0,0,0,3,0,0,0,0,0,0,0
33,10018649925317144938,0,0,0,0,0,0,0,0,0,0,0,0,0,0,0,0,0,0,0,0,0,0,375,0,2398,68995,0,0,0,68791,0,0,0,30,375,871,0,0,0,0,205,0,0,0,0,2766,_history_tree_15_updates,2016,0,0,0,0,0,0,5173,2766,0,0,0,7939,0,0,0,0,0,2400,0,0,0,0,0,0,0
33,10018649925317144938,0,0,0,0,0,0,0,0,0,0,0,0,0,0,0,0,0,0,0,0,0,0,1029,0,5,9475,0,0,0,9458,0,0,0,31,2561,1,0,0,0,0,17,0,0,0,0,2566,_history_tree_15_removes,3007,0,0,0,0,0,0,2571,2566,0,0,0,5137,0,0,0,0,0,5,0,0,0,0,0,0,0
33,10018649925317144938,0,0,0,0,0,0,0,0,0,0,0,0,0,0,0,0,0,0,0,0,0,0,268,0,2382,68753,0,0,0,68544,0,0,0,32,268,811,0,0,0,0,209,0,0,0,0,2653,_history_tree_16_updates,1963,0,0,0,0,0,0,5036,2653,0,0,0,7689,0,0,0,0,0,2386,0,0,0,0,0,0,0
33,10018649925317144938,0,0,0,0,0,0,0,0,0,0,0,0,0,0,0,0,0,0,0,0,0,0,1075,0,4,9636,0,0,0,9622,0,0,0,33,2577,1,0,0,0,0,14,0,0,0,0,2581,_history_tree_16_removes,3034,0,0,0,0,0,0,2585,2581,0,0,0,5166,0,0,0,0,0,4,0,0,0,0,0,0,0
33,10018649925317144938,0,0,0,0,0,0,0,0,0,0,0,0,0,0,0,0,0,0,0,0,0,0,340,0,2358,143800,0,0,0,71676,0,0,0,34,10639,2702,0,0,0,0,222,0,0,0,0,6379,_history_tree_17_updates,4066,0,0,0,0,0,0,15360,12760,0,0,0,21740,0,0,0,0,0,2362,0,0,0,0,0,0,0
33,10018649925317144938,0,0,0,0,0,0,0,0,0,0,0,0,0,0,0,0,0,0,0,0,0,0,829,0,18,9044,0,0,0,9030,0,0,0,35,2490,12,0,0,0,0,14,0,0,0,0,2508,_history_tree_17_removes,2939,0,0,0,0,0,0,2526,2508,0,0,0,5034,0,0,0,0,0,18,0,0,0,0,0,0,0
33,10018649925317144938,0,0,0,0,0,0,0,0,0,0,0,0,0,0,0,0,0,0,0,0,0,0,336,0,2386,68796,0,0,0,68583,0,0,0,36,336,833,0,0,0,0,211,0,0,0,0,2713,_history_tree_18_updates,2016,0,0,0,0,0,0,5114,2713,0,0,0,7827,0,0,0,0,0,2392,0,0,0,0,0,0,0
33,10018649925317144938,0,0,0,0,0,0,0,0,0,0,0,0,0,0,0,0,0,0,0,0,0,0,1069,0,6,9552,0,0,0,9539,0,0,0,37,2589,3,0,0,0,0,13,0,0,0,0,2595,_history_tree_18_removes,3051,0,0,0,0,0,0,2601,2595,0,0,0,5196,0,0,0,0,0,6,0,0,0,0,0,0,0
33,10018649925317144938,0,0,0,0,0,0,0,0,0,0,0,0,0,0,0,0,0,0,0,0,0,0,340,0,2341,67216,0,0,0,66977,0,0,0,38,340,790,0,0,0,0,241,0,0,0,0,2652,_history_tree_19_updates,1998,0,0,0,0,0,0,5020,2652,0,0,0,7672,0,0,0,0,0,2339,0,0,0,0,0,0,0
33,10018649925317144938,0,0,0,0,0,0,0,0,0,0,0,0,0,0,0,0,0,0,0,0,0,0,1040,0,5,9129,0,0,0,9112,0,0,0,39,2611,3,0,0,0,0,17,0,0,0,0,2616,_history_tree_19_removes,3033,0,0,0,0,0,0,2621,2616,0,0,0,5237,0,0,0,0,0,5,0,0,0,0,0,0,0
33,10018649925317144938,48669,0,0,0,0,0,45526,0,0,0,0,0,0,0,0,0,0,0,0,0,0,0,0,0,0,293791,0,0,0,96159,0,0,0,40,0,0,0,0,0,0,2055,0,0,94194,0,0,warehouse,0,0,0,0,0,0,0,0,0,0,0,0,0,195128,0,0,195131,0,0,0,0,0,94201,0,0,0
33,10018649925317144938,0,0,0,0,0,0,0,0,0,0,0,0,0,0,0,0,0,0,0,0,0,0,0,0,0,0,0,0,0,0,0,0,0,41,0,0,0,0,0,0,0,0,0,0,0,0,_warehouse_graveyard,0,0,0,0,0,0,0,0,0,0,0,0,0,0,0,0,0,0,0,0,0,0,0,0,0,0
33,10018649925317144938,97361,0,0,0,0,0,94762,0,0,0,0,0,0,0,0,0,0,0,0,0,0,0,0,0,0,298550,0,0,0,194298,0,0,0,42,0,0,0,0,0,0,1023,0,0,192126,0,0,district,0,0,0,0,0,0,0,0,0,0,0,0,0,103159,0,0,103156,0,0,0,0,0,192122,0,0,0
33,10018649925317144938,0,0,0,0,0,0,0,0,0,0,0,0,0,0,0,0,0,0,0,0,0,0,0,0,0,0,0,0,0,0,0,0,0,43,0,0,0,0,0,0,0,0,0,0,0,0,_district_graveyard,0,0,0,0,0,0,0,0,0,0,0,0,0,0,0,0,0,0,0,0,0,0,0,0,0,0
33,10018649925317144938,63489,0,0,0,0,0,60584,0,0,0,0,0,0,0,0,0,0,0,0,0,0,0,0,0,0,794131,0,0,0,124098,0,0,0,44,0,0,0,0,0,0,10,0,0,124071,0,0,customer,0,0,0,0,0,0,0,0,0,0,0,0,0,140606,0,0,140606,0,0,0,0,0,124066,0,0,0
33,10018649925317144938,0,0,0,0,0,0,0,0,0,0,0,0,0,0,0,0,0,0,0,0,0,0,0,0,0,0,0,0,0,0,0,0,0,45,0,0,0,0,0,0,0,0,0,0,0,0,_customer_graveyard,0,0,0,0,0,0,0,0,0,0,0,0,0,0,0,0,0,0,0,0,0,0,0,0,0,0
33,10018649925317144938,0,0,0,0,0,0,0,0,0,0,0,0,0,0,0,0,0,0,0,0,0,0,0,0,0,184047,0,0,0,0,0,0,0,46,0,0,0,0,0,0,61353,0,0,0,0,0,customerwdl,0,0,0,0,0,0,0,0,0,0,0,61351,0,61352,0,0,61352,0,0,0,0,0,0,0,0,0
33,10018649925317144938,0,0,0,0,0,0,0,0,0,0,0,0,0,0,0,0,0,0,0,0,0,0,0,0,0,0,0,0,0,0,0,0,0,47,0,0,0,0,0,0,0,0,0,0,0,0,_customerwdl_graveyard,0,0,0,0,0,0,0,0,0,0,0,0,0,0,0,0,0,0,0,0,0,0,0,0,0,0
33,10018649925317144938,0,0,0,0,0,0,0,0,0,0,0,0,0,0,0,0,0,0,0,0,0,0,0,0,2214,118215,0,0,0,39405,0,0,0,48,0,0,0,0,0,0,0,0,0,0,0,0,history,0,0,0,0,0,0,0,2242,0,0,0,0,2243,0,0,0,0,0,0,0,0,0,0,0,0,0
33,10018649925317144938,0,0,0,0,0,0,0,0,0,0,0,0,0,0,0,0,0,0,0,0,0,0,0,0,0,0,0,0,0,0,0,0,0,49,0,0,0,0,0,0,0,0,0,0,0,0,_history_graveyard,0,0,0,0,0,0,0,0,0,0,0,0,0,0,0,0,0,0,0,0,0,0,0,0,0,0
33,10018649925317144938,43481,87170,0,87170,0,0,43399,0,0,0,0,0,0,0,0,0,0,0,0,0,0,0,58077,0,2074,1157424,0,0,0,275512,0,9695,0,50,30,0,0,0,0,0,110278,0,0,0,0,0,neworder,90848,9694,0,0,0,0,0,3917,0,0,0,87192,3919,96885,0,0,96884,0,1813,0,0,0,0,0,0,0
33,10018649925317144938,0,0,0,0,0,0,0,0,0,0,0,0,0,0,0,0,0,0,0,0,0,0,0,0,0,0,0,0,0,0,0,0,0,51,0,0,0,0,0,0,0,0,0,0,0,0,_neworder_graveyard,0,0,0,0,0,0,0,0,0,0,0,0,0,0,0,0,0,0,0,0,0,0,0,0,0,0
33,10018649925317144938,43926,0,0,0,0,0,42944,0,0,0,0,0,0,0,0,0,0,0,0,0,0,0,0,0,4308,841821,0,0,0,190253,0,0,0,52,0,0,0,0,0,0,0,0,0,86866,0,0,order,0,0,0,0,0,0,0,4310,0,0,0,0,4310,90353,0,0,90352,0,0,0,0,0,86865,0,0,0
33,10018649925317144938,0,0,0,0,0,0,0,0,0,0,0,0,0,0,0,0,0,0,0,0,0,0,0,0,0,0,0,0,0,0,0,0,0,53,0,0,0,0,0,0,0,0,0,0,0,0,_order_graveyard,0,0,0,0,0,0,0,0,0,0,0,0,0,0,0,0,0,0,0,0,0,0,0,0,0,0
33,10018649925317144938,0,0,0,0,0,0,0,0,0,0,0,0,0,0,0,0,3487,0,0,0,0,0,0,0,1281,311490,0,0,0,100343,0,0,0,54,0,0,0,0,0,0,3488,0,0,0,0,0,order_wdc,0,0,0,0,0,0,0,1292,0,0,0,0,1292,3487,0,0,3487,0,0,0,0,0,0,0,0,0
33,10018649925317144938,0,0,0,0,0,0,0,0,0,0,0,0,0,0,0,0,0,0,0,0,0,0,0,0,0,0,0,0,0,0,0,0,0,55,0,0,0,0,0,0,0,0,0,0,0,0,_order_wdc_graveyard,0,0,0,0,0,0,0,0,0,0,0,0,0,0,0,0,0,0,0,0,0,0,0,0,0,0
33,10018649925317144938,439261,0,0,0,0,0,429195,0,0,0,0,0,0,0,0,0,0,0,0,0,0,0,100560,0,58896,7710875,0,0,0,1915203,0,979,0,56,0,0,0,0,0,0,12520,0,0,868486,0,0,orderline,1827513,979,0,0,0,0,0,59690,0,0,0,12445,59690,1839945,0,0,1839937,0,0,0,0,0,868527,0,0,0
33,10018649925317144938,0,0,0,0,0,0,0,0,0,0,0,0,0,0,0,0,0,0,0,0,0,0,0,0,0,0,0,0,0,0,0,0,0,57,0,0,0,0,0,0,0,0,0,0,0,0,_orderline_graveyard,0,0,0,0,0,0,0,0,0,0,0,0,0,0,0,0,0,0,0,0,0,0,0,0,0,0
33,10018649925317144938,0,0,0,0,0,0,0,0,0,0,0,0,0,0,0,0,0,0,0,0,0,0,0,0,0,1975089,0,0,0,0,0,0,0,58,0,0,0,0,0,0,0,0,0,0,0,0,item,0,0,0,0,0,0,0,0,0,0,0,0,0,987494,0,0,987488,0,0,0,0,0,0,0,0,0
34,10018649925317144938,0,0,0,0,0,0,0,0,0,0,0,0,0,0,0,0,0,0,0,0,0,0,0,0,0,0,0,0,0,0,0,0,0,61,0,0,0,0,0,0,0,0,0,0,0,0,_stock_graveyard,0,0,0,0,0,0,0,0,0,0,0,0,0,0,0,0,0,0,0,0,0,0,0,0,0,0
34,10018649925317144938,499107,0,0,0,0,0,487159,0,0,0,0,0,0,0,0,0,0,0,0,0,0,0,0,0,0,14932734,0,0,0,987412,0,0,0,60,0,0,0,0,0,0,1065,0,0,986285,0,0,stock,0,0,0,0,0,0,0,0,0,0,0,0,0,2744816,0,0,2744817,0,0,0,0,0,986271,0,0,0
34,10018649925317144938,0,0,0,0,0,0,0,0,0,0,0,0,0,0,0,0,0,0,0,0,0,0,0,0,0,0,0,0,0,0,0,0,0,59,0,0,0,0,0,0,0,0,0,0,0,0,_item_graveyard,0,0,0,0,0,0,0,0,0,0,0,0,0,0,0,0,0,0,0,0,0,0,0,0,0,0
34,10018649925317144938,0,0,0,0,0,0,0,0,0,0,0,0,0,0,0,0,0,0,0,0,0,0,289,0,2363,67407,0,0,0,67179,0,0,0,28,289,836,0,0,0,0,231,0,0,0,0,2630,_history_tree_14_updates,1932,0,0,0,0,0,0,5014,2628,0,0,0,7642,0,0,0,0,0,2363,0,0,0,0,0,0,0
34,10018649925317144938,0,0,0,0,0,0,0,0,0,0,0,0,0,0,0,0,0,0,0,0,0,0,1104,0,6,9739,0,0,0,9725,0,0,0,27,2578,2,0,0,0,0,14,0,0,0,0,2584,_history_tree_13_removes,3041,0,0,0,0,0,0,2590,2584,0,0,0,5174,0,0,0,0,0,6,0,0,0,0,0,0,0
34,10018649925317144938,0,0,0,0,0,0,0,0,0,0,0,0,0,0,0,0,0,0,0,0,0,0,346,0,2375,68677,0,0,0,68484,0,0,0,26,346,848,0,0,0,0,191,0,0,0,0,2712,_history_tree_13_updates,1994,0,0,0,0,0,0,5097,2712,0,0,0,7809,0,0,0,0,0,2376,0,0,0,0,0,0,0
34,10018649925317144938,0,0,0,0,0,0,0,0,0,0,0,0,0,0,0,0,0,0,0,0,0,0,1001,0,5,9210,0,0,0,9197,0,0,0,25,2549,1,0,0,0,0,13,0,0,0,0,2553,_history_tree_12_removes,3001,0,0,0,0,0,0,2558,2553,0,0,0,5111,0,0,0,0,0,5,0,0,0,0,0,0,0
34,10018649925317144938,0,0,0,0,0,0,0,0,0,0,0,0,0,0,0,0,0,0,0,0,0,0,337,0,2364,67871,0,0,0,67652,0,0,0,24,337,849,0,0,0,0,218,0,0,0,0,2684,_history_tree_12_updates,1976,0,0,0,0,0,0,5064,2684,0,0,0,7748,0,0,0,0,0,2363,0,0,0,0,0,0,0
34,10018649925317144938,0,0,0,0,0,0,0,0,0,0,0,0,0,0,0,0,0,0,0,0,0,0,999,0,7,9057,0,0,0,9040,0,0,0,23,2532,2,0,0,0,0,17,0,0,0,0,2539,_history_tree_11_removes,2969,0,0,0,0,0,0,2546,2539,0,0,0,5085,0,0,0,0,0,7,0,0,0,0,0,0,0
34,10018649925317144938,0,0,0,0,0,0,0,0,0,0,0,0,0,0,0,0,0,0,0,0,0,0,309,0,2345,67131,0,0,0,66912,0,0,0,22,310,836,0,0,0,0,221,0,0,0,0,2614,_history_tree_11_updates,1933,0,0,0,0,0,0,5001,2614,0,0,0,7615,0,0,0,0,0,2346,0,0,0,0,0,0,0
34,10018649925317144938,0,0,0,0,0,0,0,0,0,0,0,0,0,0,0,0,0,0,0,0,0,0,924,0,9,8880,0,0,0,8866,0,0,0,21,2552,4,0,0,0,0,14,0,0,0,0,2562,_history_tree_10_removes,2960,0,0,0,0,0,0,2571,2562,0,0,0,5133,0,0,0,0,0,9,0,0,0,0,0,0,0
34,10018649925317144938,0,0,0,0,0,0,0,0,0,0,0,0,0,0,0,0,0,0,0,0,0,0,347,0,2339,66748,0,0,0,66489,0,0,0,20,347,825,0,0,0,0,258,0,0,0,0,2647,_history_tree_10_updates,1974,0,0,0,0,0,0,5026,2647,0,0,0,7673,0,0,0,0,0,2340,0,0,0,0,0,0,0
34,10018649925317144938,0,0,0,0,0,0,0,0,0,0,0,0,0,0,0,0,0,0,0,0,0,0,1097,0,7,9655,0,0,0,9634,0,0,0,19,2566,2,0,0,0,0,21,0,0,0,0,2573,_history_tree_9_removes,3035,0,0,0,0,0,0,2580,2573,0,0,0,5153,0,0,0,0,0,7,0,0,0,0,0,0,0
34,10018649925317144938,0,0,0,0,0,0,0,0,0,0,0,0,0,0,0,0,0,0,0,0,0,0,293,0,2376,68420,0,0,0,68239,0,0,0,18,293,848,0,0,0,0,179,0,0,0,0,2662,_history_tree_9_updates,1933,0,0,0,0,0,0,5046,2662,0,0,0,7708,0,0,0,0,0,2377,0,0,0,0,0,0,0
34,10018649925317144938,0,0,0,0,0,0,0,0,0,0,0,0,0,0,0,0,0,0,0,0,0,0,918,0,7,8846,0,0,0,8829,0,0,0,17,2587,1,0,0,0,0,17,0,0,0,0,2594,_history_tree_8_removes,3029,0,0,0,0,0,0,2601,2594,0,0,0,5193,0,0,0,0,0,7,0,0,0,0,0,0,0
34,10018649925317144938,0,0,0,0,0,0,0,0,0,0,0,0,0,0,0,0,0,0,0,0,0,0,324,0,2315,66013,0,0,0,65801,0,0,0,16,324,767,0,0,0,0,212,0,0,0,0,2638,_history_tree_8_updates,2012,0,0,0,0,0,0,4953,2638,0,0,0,7591,0,0,0,0,0,2314,0,0,0,0,0,0,0
34,10018649925317144938,0,0,0,0,0,0,0,0,0,0,0,0,0,0,0,0,0,0,0,0,0,0,967,0,11,8985,0,0,0,8971,0,0,0,15,2538,6,0,0,0,0,14,0,0,0,0,2549,_history_tree_7_removes,2976,0,0,0,0,0,0,2560,2549,0,0,0,5109,0,0,0,0,0,11,0,0,0,0,0,0,0
34,10018649925317144938,0,0,0,0,0,0,0,0,0,0,0,0,0,0,0,0,0,0,0,0,0,0,334,0,2370,67510,0,0,0,67298,0,0,0,14,334,873,0,0,0,0,211,0,0,0,0,2609,_history_tree_7_updates,1942,0,0,0,0,0,0,5075,2609,0,0,0,7684,0,0,0,0,0,2370,0,0,0,0,0,0,0
34,10018649925317144938,0,0,0,0,0,0,0,0,0,0,0,0,0,0,0,0,0,0,0,0,0,0,938,0,7,8863,0,0,0,8850,0,0,0,13,2530,4,0,0,0,0,13,0,0,0,0,2537,_history_tree_6_removes,2950,0,0,0,0,0,0,2544,2537,0,0,0,5081,0,0,0,0,0,7,0,0,0,0,0,0,0
34,10018649925317144938,0,0,0,0,0,0,0,0,0,0,0,0,0,21313285,22007044,0,0,0,0,0,0,0,334,0,2338,66920,0,0,0,66699,0,0,0,0,334,863,0,0,0,0,220,0,0,0,0,2606,_history_tree_0_updates,1938,0,1477130,0,0,0,0,5010,2606,0,0,0,7616,0,0,0,0,0,2338,0,0,0,0,695480,0,0
34,10018649925317144938,0,0,0,0,0,0,0,0,0,0,0,0,0,0,0,0,0,0,0,0,0,0,943,0,9,9110,0,0,0,9090,0,0,0,1,2485,4,0,0,0,0,20,0,0,0,0,2495,_history_tree_0_removes,2939,0,0,0,0,0,0,2504,2495,0,0,0,4999,0,0,0,0,0,9,0,0,0,0,0,0,0
34,10018649925317144938,0,0,0,0,0,0,0,0,0,0,0,0,0,0,0,0,0,0,0,0,0,0,362,0,2373,68048,0,0,0,67826,0,0,0,2,362,886,0,0,0,0,222,0,0,0,0,2691,_history_tree_1_updates,1991,0,0,0,0,0,0,5108,2691,0,0,0,7799,0,0,0,0,0,2373,0,0,0,0,0,0,0
34,10018649925317144938,0,0,0,0,0,0,0,0,0,0,0,0,0,0,0,0,0,0,0,0,0,0,970,0,11,9372,0,0,0,9358,0,0,0,3,2554,3,0,0,0,0,14,0,0,0,0,2565,_history_tree_1_removes,3024,0,0,0,0,0,0,2576,2565,0,0,0,5141,0,0,0,0,0,11,0,0,0,0,0,0,0
34,10018649925317144938,0,0,0,0,0,0,0,0,0,0,0,0,0,0,0,0,0,0,0,0,0,0,373,0,2328,66163,0,0,0,65984,0,0,0,4,373,839,0,0,0,0,180,0,0,0,0,2645,_history_tree_2_updates,1996,0,0,0,0,0,0,5029,2645,0,0,0,7674,0,0,0,0,0,2328,0,0,0,0,0,0,0
34,10018649925317144938,0,0,0,0,0,0,0,0,0,0,0,0,0,0,0,0,0,0,0,0,0,0,898,0,10,8727,0,0,0,8715,0,0,0,5,2536,3,0,0,0,0,12,0,0,0,0,2545,_history_tree_2_removes,2973,0,0,0,0,0,0,2555,2545,0,0,0,5100,0,0,0,0,0,10,0,0,0,0,0,0,0
34,10018649925317144938,0,0,0,0,0,0,0,0,0,0,0,0,0,0,0,0,0,0,0,0,0,0,315,0,2347,67416,0,0,0,67211,0,0,0,6,315,806,0,0,0,0,205,0,0,0,0,2643,_history_tree_3_updates,1997,0,0,0,0,0,0,5009,2643,0,0,0,7652,0,0,0,0,0,2347,0,0,0,0,0,0,0
34,10018649925317144938,0,0,0,0,0,0,0,0,0,0,0,0,0,0,0,0,0,0,0,0,0,0,993,0,4,9262,0,0,0,9235,0,0,0,7,2560,0,0,0,0,0,27,0,0,0,0,2564,_history_tree_3_removes,3049,0,0,0,0,0,0,2568,2564,0,0,0,5132,0,0,0,0,0,4,0,0,0,0,0,0,0
34,10018649925317144938,0,0,0,0,0,0,0,0,0,0,0,0,0,0,0,0,0,0,0,0,0,0,362,0,2384,68617,0,0,0,68410,0,0,0,8,362,867,0,0,0,0,205,0,0,0,0,2713,_history_tree_4_updates,1996,0,0,0,0,0,0,5129,2713,0,0,0,7842,0,0,0,0,0,2383,0,0,0,0,0,0,0
34,10018649925317144938,0,0,0,0,0,0,0,0,0,0,0,0,0,0,0,0,0,0,0,0,0,0,1021,0,10,9531,0,0,0,9518,0,0,0,9,2545,3,0,0,0,0,13,0,0,0,0,2555,_history_tree_4_removes,3005,0,0,0,0,0,0,2565,2555,0,0,0,5120,0,0,0,0,0,10,0,0,0,0,0,0,0
34,10018649925317144938,0,0,0,0,0,0,0,0,0,0,0,0,0,0,0,0,0,0,0,0,0,0,356,0,2357,67521,0,0,0,67316,0,0,0,10,356,849,0,0,0,0,205,0,0,0,0,2707,_history_tree_5_updates,1979,0,0,0,0,0,0,5067,2707,0,0,0,7774,0,0,0,0,0,2354,0,0,0,0,0,0,0
34,10018649925317144938,0,0,0,0,0,0,0,0,0,0,0,0,0,0,0,0,0,0,0,0,0,0,1028,0,3,9164,0,0,0,9155,0,0,0,11,2539,0,0,0,0,0,9,0,0,0,0,2542,_history_tree_5_removes,2988,0,0,0,0,0,0,2545,2542,0,0,0,5087,0,0,0,0,0,3,0,0,0,0,0,0,0
34,10018649925317144938,0,0,0,0,0,0,0,0,0,0,0,0,0,0,0,0,0,0,0,0,0,0,309,0,2307,65907,0,0,0,65702,0,0,0,12,309,811,0,0,0,0,206,0,0,0,0,2526,_history_tree_6_updates,1912,0,0,0,0,0,0,4922,2526,0,0,0,7448,0,0,0,0,0,2306,0,0,0,0,0,0,0
34,10018649925317144938,0,0,0,0,0,0,0,0,0,0,0,0,0,0,0,0,0,0,0,0,0,0,950,0,7,8966,0,0,0,8951,0,0,0,29,2548,2,0,0,0,0,15,0,0,0,0,2555,_history_tree_14_removes,2989,0,0,0,0,0,0,2562,2555,0,0,0,5117,0,0,0,0,0,7,0,0,0,0,0,0,0
34,10018649925317144938,0,0,0,0,0,0,0,0,0,0,0,0,0,0,0,0,0,0,0,0,0,0,321,0,2298,65569,0,0,0,65365,0,0,0,30,321,789,0,0,0,0,203,0,0,0,0,2604,_history_tree_15_updates,1967,0,0,0,0,0,0,4920,2604,0,0,0,7524,0,0,0,0,0,2300,0,0,0,0,0,0,0
34,10018649925317144938,0,0,0,0,0,0,0,0,0,0,0,0,0,0,0,0,0,0,0,0,0,0,965,0,6,8735,0,0,0,8722,0,0,0,31,2581,3,0,0,0,0,13,0,0,0,0,2587,_history_tree_15_removes,3035,0,0,0,0,0,0,2594,2588,0,0,0,5182,0,0,0,0,0,6,0,0,0,0,0,0,0
34,10018649925317144938,0,0,0,0,0,0,0,0,0,0,0,0,0,0,0,0,0,0,0,0,0,0,325,0,2325,66517,0,0,0,66280,0,0,0,32,325,844,0,0,0,0,235,0,0,0,0,2637,_history_tree_16_updates,1925,0,0,0,0,0,0,4976,2637,0,0,0,7613,0,0,0,0,0,2325,0,0,0,0,0,0,0
34,10018649925317144938,0,0,0,0,0,0,0,0,0,0,0,0,0,0,0,0,0,0,0,0,0,0,924,0,7,8918,0,0,0,8906,0,0,0,33,2482,1,0,0,0,0,12,0,0,0,0,2489,_history_tree_16_removes,2894,0,0,0,0,0,0,2496,2489,0,0,0,4985,0,0,0,0,0,7,0,0,0,0,0,0,0
34,10018649925317144938,0,0,0,0,0,0,0,0,0,0,0,0,0,0,0,0,0,0,0,0,0,0,337,0,2363,143644,0,0,0,71657,0,0,0,34,10464,2698,0,0,0,0,166,0,0,0,0,6265,_history_tree_17_updates,3970,0,0,0,0,0,0,15187,12528,0,0,0,21451,0,0,0,0,0,2361,0,0,0,0,0,0,0
34,10018649925317144938,0,0,0,0,0,0,0,0,0,0,0,0,0,0,0,0,0,0,0,0,0,0,817,0,20,8904,0,0,0,8887,0,0,0,35,2471,13,0,0,0,0,17,0,0,0,0,2492,_history_tree_17_removes,2870,0,0,0,0,0,0,2512,2492,0,0,0,5004,0,0,0,0,0,20,0,0,0,0,0,0,0
34,10018649925317144938,0,0,0,0,0,0,0,0,0,0,0,0,0,0,0,0,0,0,0,0,0,0,331,0,2359,67480,0,0,0,67292,0,0,0,36,331,848,0,0,0,0,189,0,0,0,0,2660,_history_tree_18_updates,1973,0,0,0,0,0,0,5046,2660,0,0,0,7706,0,0,0,0,0,2356,0,0,0,0,0,0,0
34,10018649925317144938,0,0,0,0,0,0,0,0,0,0,0,0,0,0,0,0,0,0,0,0,0,0,925,0,9,9105,0,0,0,9090,0,0,0,37,2543,4,0,0,0,0,15,0,0,0,0,2552,_history_tree_18_removes,2986,0,0,0,0,0,0,2561,2552,0,0,0,5113,0,0,0,0,0,9,0,0,0,0,0,0,0
34,10018649925317144938,0,0,0,0,0,0,0,0,0,0,0,0,0,0,0,0,0,0,0,0,0,0,305,0,2368,67612,0,0,0,67434,0,0,0,38,305,806,0,0,0,0,177,0,0,0,0,2639,_history_tree_19_updates,1990,0,0,0,0,0,0,5042,2639,0,0,0,7681,0,0,0,0,0,2370,0,0,0,0,0,0,0
34,10018649925317144938,0,0,0,0,0,0,0,0,0,0,0,0,0,0,0,0,0,0,0,0,0,0,1019,0,7,9069,0,0,0,9051,0,0,0,39,2611,3,0,0,0,0,18,0,0,0,0,2618,_history_tree_19_removes,3062,0,0,0,0,0,0,2625,2618,0,0,0,5243,0,0,0,0,0,7,0,0,0,0,0,0,0
34,10018649925317144938,49059,0,0,0,0,0,45434,0,0,0,0,0,0,0,0,0,0,0,0,0,0,0,0,0,1,294382,0,0,0,96485,0,0,0,40,0,0,0,0,0,0,2079,0,0,94491,0,0,warehouse,0,0,0,0,0,0,0,1,0,0,0,0,1,195354,0,0,195352,1,0,0,0,0,94490,0,0,0
34,10018649925317144938,0,0,0,0,0,0,0,0,0,0,0,0,0,0,0,0,0,0,0,0,0,0,0,0,0,0,0,0,0,0,0,0,0,41,0,0,0,0,0,0,0,0,0,0,0,0,_warehouse_graveyard,0,0,0,0,0,0,0,0,0,0,0,0,0,0,0,0,0,0,0,0,0,0,0,0,0,0
34,10018649925317144938,97210,0,0,0,0,0,95090,0,0,0,0,0,0,0,0,0,0,0,0,0,0,0,0,0,1,298758,0,0,0,194423,0,0,0,42,0,0,0,0,0,0,982,0,0,192297,0,0,district,0,0,0,0,0,0,0,1,0,0,0,0,1,103293,0,0,103293,1,0,0,0,0,192297,0,0,0
34,10018649925317144938,0,0,0,0,0,0,0,0,0,0,0,0,0,0,0,0,0,0,0,0,0,0,0,0,0,0,0,0,0,0,0,0,0,43,0,0,0,0,0,0,0,0,0,0,0,0,_district_graveyard,0,0,0,0,0,0,0,0,0,0,0,0,0,0,0,0,0,0,0,0,0,0,0,0,0,0
34,10018649925317144938,62428,0,0,0,0,0,59456,0,0,0,0,0,0,0,0,0,0,0,0,0,0,0,0,0,0,787938,0,0,0,121901,0,0,0,44,0,0,0,0,0,0,7,0,0,121892,0,0,customer,0,0,0,0,0,0,0,0,0,0,0,0,0,140748,0,0,140750,0,0,0,0,0,121897,0,0,0
34,10018649925317144938,0,0,0,0,0,0,0,0,0,0,0,0,0,0,0,0,0,0,0,0,0,0,0,0,0,0,0,0,0,0,0,0,0,45,0,0,0,0,0,0,0,0,0,0,0,0,_customer_graveyard,0,0,0,0,0,0,0,0,0,0,0,0,0,0,0,0,0,0,0,0,0,0,0,0,0,0
34,10018649925317144938,0,0,0,0,0,0,0,0,0,0,0,0,0,0,0,0,0,0,0,0,0,0,0,0,0,184830,0,0,0,0,0,0,0,46,0,0,0,0,0,0,61604,0,0,0,0,0,customerwdl,0,0,0,0,0,0,0,0,0,0,0,61603,0,61602,0,0,61602,0,0,0,0,0,0,0,0,0
34,10018649925317144938,0,0,0,0,0,0,0,0,0,0,0,0,0,0,0,0,0,0,0,0,0,0,0,0,0,0,0,0,0,0,0,0,0,47,0,0,0,0,0,0,0,0,0,0,0,0,_customerwdl_graveyard,0,0,0,0,0,0,0,0,0,0,0,0,0,0,0,0,0,0,0,0,0,0,0,0,0,0
34,10018649925317144938,0,0,0,0,0,0,0,0,0,0,0,0,0,0,0,0,0,0,0,0,0,0,0,0,2222,118782,0,0,0,39594,0,0,0,48,0,0,0,0,0,0,0,0,0,0,0,0,history,0,0,0,0,0,0,0,2248,0,0,0,0,2247,0,0,0,0,0,0,0,0,0,0,0,0,0
34,10018649925317144938,0,0,0,0,0,0,0,0,0,0,0,0,0,0,0,0,0,0,0,0,0,0,0,0,0,0,0,0,0,0,0,0,0,49,0,0,0,0,0,0,0,0,0,0,0,0,_history_graveyard,0,0,0,0,0,0,0,0,0,0,0,0,0,0,0,0,0,0,0,0,0,0,0,0,0,0
34,10018649925317144938,42315,84530,0,84530,0,0,42194,0,0,0,0,0,0,0,0,0,0,0,0,0,0,0,56076,0,2064,1133316,0,0,0,270300,0,11993,0,50,27,0,0,0,0,0,107468,0,0,0,0,0,neworder,90697,11993,0,0,0,0,0,3909,0,0,0,84820,3910,96813,0,0,96812,0,1817,0,0,0,0,0,0,0
34,10018649925317144938,0,0,0,0,0,0,0,0,0,0,0,0,0,0,0,0,0,0,0,0,0,0,0,0,0,0,0,0,0,0,0,0,0,51,0,0,0,0,0,0,0,0,0,0,0,0,_neworder_graveyard,0,0,0,0,0,0,0,0,0,0,0,0,0,0,0,0,0,0,0,0,0,0,0,0,0,0
34,10018649925317144938,42722,0,0,0,0,0,41783,0,0,0,0,0,0,0,0,0,0,0,0,0,0,0,0,0,4299,827433,0,0,0,187701,0,0,0,52,0,0,0,0,0,0,0,0,0,84505,0,0,order,0,0,0,0,0,0,0,4301,0,0,0,0,4301,88105,0,0,88105,0,0,0,0,0,84502,0,0,0
34,10018649925317144938,0,0,0,0,0,0,0,0,0,0,0,0,0,0,0,0,0,0,0,0,0,0,0,0,0,0,0,0,0,0,0,0,0,53,0,0,0,0,0,0,0,0,0,0,0,0,_order_graveyard,0,0,0,0,0,0,0,0,0,0,0,0,0,0,0,0,0,0,0,0,0,0,0,0,0,0
34,10018649925317144938,0,0,0,0,0,0,0,0,0,0,0,0,0,0,0,0,3601,0,0,0,0,0,0,0,1413,311703,0,0,0,100301,0,0,0,54,0,0,0,0,0,0,3600,0,0,0,0,0,order_wdc,0,0,0,0,0,0,0,1439,0,0,0,0,1439,3600,0,0,3600,0,0,0,0,0,0,0,0,0
34,10018649925317144938,0,0,0,0,0,0,0,0,0,0,0,0,0,0,0,0,0,0,0,0,0,0,0,0,0,0,0,0,0,0,0,0,0,55,0,0,0,0,0,0,0,0,0,0,0,0,_order_wdc_graveyard,0,0,0,0,0,0,0,0,0,0,0,0,0,0,0,0,0,0,0,0,0,0,0,0,0,0
34,10018649925317144938,427146,0,0,0,0,0,417314,0,0,0,0,0,0,0,0,0,0,0,0,0,0,0,98767,0,58755,7604534,0,0,0,1888644,0,937,0,56,0,0,0,0,0,0,12474,0,0,844413,0,0,orderline,1795401,937,0,0,0,0,0,59534,0,0,0,12405,59535,1807858,0,0,1807873,0,0,0,0,0,844362,0,0,0
34,10018649925317144938,0,0,0,0,0,0,0,0,0,0,0,0,0,0,0,0,0,0,0,0,0,0,0,0,0,0,0,0,0,0,0,0,0,57,0,0,0,0,0,0,0,0,0,0,0,0,_orderline_graveyard,0,0,0,0,0,0,0,0,0,0,0,0,0,0,0,0,0,0,0,0,0,0,0,0,0,0
34,10018649925317144938,0,0,0,0,0,0,0,0,0,0,0,0,0,0,0,0,0,0,0,0,0,0,0,0,0,1970969,0,0,0,0,0,0,0,58,0,0,0,0,0,0,0,0,0,0,0,0,item,0,0,0,0,0,0,0,0,0,0,0,0,0,985502,0,0,985499,0,0,0,0,0,0,0,0,0
35,10018649925317144938,0,0,0,0,0,0,0,0,0,0,0,0,0,0,0,0,0,0,0,0,0,0,0,0,0,0,0,0,0,0,0,0,0,61,0,0,0,0,0,0,0,0,0,0,0,0,_stock_graveyard,0,0,0,0,0,0,0,0,0,0,0,0,0,0,0,0,0,0,0,0,0,0,0,0,0,0
35,10018649925317144938,503521,0,0,0,0,0,491062,0,0,0,0,0,0,0,0,0,0,0,0,0,0,0,0,0,0,15118690,0,0,0,995769,0,0,0,60,0,0,0,0,0,0,1039,0,0,994602,0,0,stock,0,0,0,0,0,0,0,0,0,0,0,0,0,2782849,0,0,2782839,0,0,0,0,0,994611,0,0,0
35,10018649925317144938,0,0,0,0,0,0,0,0,0,0,0,0,0,0,0,0,0,0,0,0,0,0,0,0,0,0,0,0,0,0,0,0,0,59,0,0,0,0,0,0,0,0,0,0,0,0,_item_graveyard,0,0,0,0,0,0,0,0,0,0,0,0,0,0,0,0,0,0,0,0,0,0,0,0,0,0
35,10018649925317144938,0,0,0,0,0,0,0,0,0,0,0,0,0,0,0,0,0,0,0,0,0,0,340,0,2380,68546,0,0,0,68328,0,0,0,28,340,807,0,0,0,0,215,0,0,0,0,2720,_history_tree_14_updates,2040,0,0,0,0,0,0,5099,2720,0,0,0,7819,0,0,0,0,0,2380,0,0,0,0,0,0,0
35,10018649925317144938,0,0,0,0,0,0,0,0,0,0,0,0,0,0,0,0,0,0,0,0,0,0,1028,0,5,9209,0,0,0,9197,0,0,0,27,2626,0,0,0,0,0,12,0,0,0,0,2631,_history_tree_13_removes,3073,0,0,0,0,0,0,2636,2631,0,0,0,5267,0,0,0,0,0,5,0,0,0,0,0,0,0
35,10018649925317144938,0,0,0,0,0,0,0,0,0,0,0,0,0,0,0,0,0,0,0,0,0,0,349,0,2358,67507,0,0,0,67294,0,0,0,26,349,796,0,0,0,0,214,0,0,0,0,2707,_history_tree_13_updates,2022,0,0,0,0,0,0,5065,2707,0,0,0,7772,0,0,0,0,0,2358,0,0,0,0,0,0,0
35,10018649925317144938,0,0,0,0,0,0,0,0,0,0,0,0,0,0,0,0,0,0,0,0,0,0,1006,0,5,9158,0,0,0,9147,0,0,0,25,2617,0,0,0,0,0,12,0,0,0,0,2622,_history_tree_12_removes,3072,0,0,0,0,0,0,2627,2622,0,0,0,5249,0,0,0,0,0,5,0,0,0,0,0,0,0
35,10018649925317144938,0,0,0,0,0,0,0,0,0,0,0,0,0,0,0,0,0,0,0,0,0,0,326,0,2371,67768,0,0,0,67585,0,0,0,24,326,803,0,0,0,0,183,0,0,0,0,2696,_history_tree_12_updates,2022,0,0,0,0,0,0,5067,2696,0,0,0,7763,0,0,0,0,0,2370,0,0,0,0,0,0,0
35,10018649925317144938,0,0,0,0,0,0,0,0,0,0,0,0,0,0,0,0,0,0,0,0,0,0,1017,0,3,9096,0,0,0,9072,0,0,0,23,2641,0,0,0,0,0,24,0,0,0,0,2644,_history_tree_11_removes,3079,0,0,0,0,0,0,2647,2644,0,0,0,5291,0,0,0,0,0,3,0,0,0,0,0,0,0
35,10018649925317144938,0,0,0,0,0,0,0,0,0,0,0,0,0,0,0,0,0,0,0,0,0,0,329,0,2371,67828,0,0,0,67568,0,0,0,22,329,789,0,0,0,0,255,0,0,0,0,2698,_history_tree_11_updates,2023,0,0,0,0,0,0,5071,2698,0,0,0,7769,0,0,0,0,0,2370,0,0,0,0,0,0,0
35,10018649925317144938,0,0,0,0,0,0,0,0,0,0,0,0,0,0,0,0,0,0,0,0,0,0,978,0,8,9302,0,0,0,9288,0,0,0,21,2569,2,0,0,0,0,14,0,0,0,0,2576,_history_tree_10_removes,3047,0,0,0,0,0,0,2584,2576,0,0,0,5160,0,0,0,0,0,8,0,0,0,0,0,0,0
35,10018649925317144938,0,0,0,0,0,0,0,0,0,0,0,0,0,0,0,0,0,0,0,0,0,0,382,0,2360,67846,0,0,0,67648,0,0,0,20,382,836,0,0,0,0,198,0,0,0,0,2728,_history_tree_10_updates,2035,0,0,0,0,0,0,5103,2728,0,0,0,7831,0,0,0,0,0,2361,0,0,0,0,0,0,0
35,10018649925317144938,0,0,0,0,0,0,0,0,0,0,0,0,0,0,0,0,0,0,0,0,0,0,977,0,5,9032,0,0,0,9013,0,0,0,19,2574,0,0,0,0,0,19,0,0,0,0,2579,_history_tree_9_removes,3015,0,0,0,0,0,0,2584,2579,0,0,0,5163,0,0,0,0,0,5,0,0,0,0,0,0,0
35,10018649925317144938,0,0,0,0,0,0,0,0,0,0,0,0,0,0,0,0,0,0,0,0,0,0,336,0,2355,67431,0,0,0,67223,0,0,0,18,336,797,0,0,0,0,208,0,0,0,0,2690,_history_tree_9_updates,2025,0,0,0,0,0,0,5046,2690,0,0,0,7736,0,0,0,0,0,2355,0,0,0,0,0,0,0
35,10018649925317144938,0,0,0,0,0,0,0,0,0,0,0,0,0,0,0,0,0,0,0,0,0,0,1010,0,7,9553,0,0,0,9538,0,0,0,17,2625,2,0,0,0,0,15,0,0,0,0,2632,_history_tree_8_removes,3075,0,0,0,0,0,0,2639,2632,0,0,0,5271,0,0,0,0,0,7,0,0,0,0,0,0,0
35,10018649925317144938,0,0,0,0,0,0,0,0,0,0,0,0,0,0,0,0,0,0,0,0,0,0,326,0,2427,69778,0,0,0,69547,0,0,0,16,326,841,0,0,0,0,229,0,0,0,0,2740,_history_tree_8_updates,2026,0,0,0,0,0,0,5181,2740,0,0,0,7921,0,0,0,0,0,2428,0,0,0,0,0,0,0
35,10018649925317144938,0,0,0,0,0,0,0,0,0,0,0,0,0,0,0,0,0,0,0,0,0,0,953,0,5,8868,0,0,0,8851,0,0,0,15,2588,1,0,0,0,0,17,0,0,0,0,2593,_history_tree_7_removes,3032,0,0,0,0,0,0,2598,2593,0,0,0,5191,0,0,0,0,0,5,0,0,0,0,0,0,0
35,10018649925317144938,0,0,0,0,0,0,0,0,0,0,0,0,0,0,0,0,0,0,0,0,0,0,332,0,2317,66138,0,0,0,65941,0,0,0,14,332,755,0,0,0,0,197,0,0,0,0,2610,_history_tree_7_updates,2016,0,0,0,0,0,0,4962,2610,0,0,0,7573,0,0,0,0,0,2314,0,0,0,0,0,0,0
35,10018649925317144938,0,0,0,0,0,0,0,0,0,0,0,0,0,0,0,0,0,0,0,0,0,0,1007,0,9,9380,0,0,0,9361,0,0,0,13,2582,5,0,0,0,0,19,0,0,0,0,2591,_history_tree_6_removes,3035,0,0,0,0,0,0,2600,2591,0,0,0,5191,0,0,0,0,0,9,0,0,0,0,0,0,0
35,10018649925317144938,0,0,0,0,0,0,0,0,0,0,0,0,0,21613170,22262471,0,0,0,0,0,0,0,364,0,2389,68237,0,0,0,68037,0,0,0,0,364,812,0,0,0,0,199,0,0,0,0,2736,_history_tree_0_updates,2079,0,1496562,0,0,0,0,5143,2736,0,0,0,7879,0,0,0,0,0,2390,0,0,0,0,723524,0,0
35,10018649925317144938,0,0,0,0,0,0,0,0,0,0,0,0,0,0,0,0,0,0,0,0,0,0,977,0,7,9183,0,0,0,9172,0,0,0,1,2652,1,0,0,0,0,11,0,0,0,0,2658,_history_tree_0_removes,3110,0,0,0,0,0,0,2665,2658,0,0,0,5323,0,0,0,0,0,7,0,0,0,0,0,0,0
35,10018649925317144938,0,0,0,0,0,0,0,0,0,0,0,0,0,0,0,0,0,0,0,0,0,0,317,0,2362,67625,0,0,0,67400,0,0,0,2,317,796,0,0,0,0,225,0,0,0,0,2675,_history_tree_1_updates,2003,0,0,0,0,0,0,5040,2675,0,0,0,7715,0,0,0,0,0,2361,0,0,0,0,0,0,0
35,10018649925317144938,0,0,0,0,0,0,0,0,0,0,0,0,0,0,0,0,0,0,0,0,0,0,955,0,6,9146,0,0,0,9133,0,0,0,3,2627,2,0,0,0,0,13,0,0,0,0,2633,_history_tree_1_removes,3070,0,0,0,0,0,0,2639,2633,0,0,0,5272,0,0,0,0,0,6,0,0,0,0,0,0,0
35,10018649925317144938,0,0,0,0,0,0,0,0,0,0,0,0,0,0,0,0,0,0,0,0,0,0,342,0,2381,68233,0,0,0,68017,0,0,0,4,342,800,0,0,0,0,215,0,0,0,0,2714,_history_tree_2_updates,2061,0,0,0,0,0,0,5104,2714,0,0,0,7818,0,0,0,0,0,2381,0,0,0,0,0,0,0
35,10018649925317144938,0,0,0,0,0,0,0,0,0,0,0,0,0,0,0,0,0,0,0,0,0,0,977,0,6,9209,0,0,0,9196,0,0,0,5,2655,2,0,0,0,0,13,0,0,0,0,2661,_history_tree_2_removes,3117,0,0,0,0,0,0,2667,2661,0,0,0,5328,0,0,0,0,0,6,0,0,0,0,0,0,0
35,10018649925317144938,0,0,0,0,0,0,0,0,0,0,0,0,0,0,0,0,0,0,0,0,0,0,318,0,2419,69609,0,0,0,69392,0,0,0,6,318,821,0,0,0,0,217,0,0,0,0,2714,_history_tree_3_updates,2043,0,0,0,0,0,0,5153,2714,0,0,0,7867,0,0,0,0,0,2417,0,0,0,0,0,0,0
35,10018649925317144938,0,0,0,0,0,0,0,0,0,0,0,0,0,0,0,0,0,0,0,0,0,0,1064,0,5,9687,0,0,0,9676,0,0,0,7,2659,2,0,0,0,0,11,0,0,0,0,2664,_history_tree_3_removes,3118,0,0,0,0,0,0,2670,2665,0,0,0,5335,0,0,0,0,0,5,0,0,0,0,0,0,0
35,10018649925317144938,0,0,0,0,0,0,0,0,0,0,0,0,0,0,0,0,0,0,0,0,0,0,341,0,2340,66923,0,0,0,66724,0,0,0,8,341,781,0,0,0,0,199,0,0,0,0,2676,_history_tree_4_updates,2018,0,0,0,0,0,0,5023,2676,0,0,0,7699,0,0,0,0,0,2342,0,0,0,0,0,0,0
35,10018649925317144938,0,0,0,0,0,0,0,0,0,0,0,0,0,0,0,0,0,0,0,0,0,0,934,0,5,8960,0,0,0,8946,0,0,0,9,2628,2,0,0,0,0,14,0,0,0,0,2633,_history_tree_4_removes,3058,0,0,0,0,0,0,2638,2633,0,0,0,5271,0,0,0,0,0,5,0,0,0,0,0,0,0
35,10018649925317144938,0,0,0,0,0,0,0,0,0,0,0,0,0,0,0,0,0,0,0,0,0,0,328,0,2382,68453,0,0,0,68230,0,0,0,10,328,802,0,0,0,0,223,0,0,0,0,2705,_history_tree_5_updates,2032,0,0,0,0,0,0,5093,2705,0,0,0,7798,0,0,0,0,0,2383,0,0,0,0,0,0,0
35,10018649925317144938,0,0,0,0,0,0,0,0,0,0,0,0,0,0,0,0,0,0,0,0,0,0,1070,0,5,9504,0,0,0,9492,0,0,0,11,2598,1,0,0,0,0,12,0,0,0,0,2603,_history_tree_5_removes,3072,0,0,0,0,0,0,2608,2603,0,0,0,5211,0,0,0,0,0,5,0,0,0,0,0,0,0
35,10018649925317144938,0,0,0,0,0,0,0,0,0,0,0,0,0,0,0,0,0,0,0,0,0,0,372,0,2419,69213,0,0,0,69018,0,0,0,12,372,877,0,0,0,0,194,0,0,0,0,2717,_history_tree_6_updates,2042,0,0,0,0,0,0,5211,2717,0,0,0,7928,0,0,0,0,0,2420,0,0,0,0,0,0,0
35,10018649925317144938,0,0,0,0,0,0,0,0,0,0,0,0,0,0,0,0,0,0,0,0,0,0,1016,0,4,9406,0,0,0,9387,0,0,0,29,2589,0,0,0,0,0,19,0,0,0,0,2593,_history_tree_14_removes,3058,0,0,0,0,0,0,2597,2593,0,0,0,5190,0,0,0,0,0,4,0,0,0,0,0,0,0
35,10018649925317144938,0,0,0,0,0,0,0,0,0,0,0,0,0,0,0,0,0,0,0,0,0,0,306,0,2414,69229,0,0,0,69031,0,0,0,30,306,842,0,0,0,0,199,0,0,0,0,2693,_history_tree_15_updates,2010,0,0,0,0,0,0,5131,2693,0,0,0,7824,0,0,0,0,0,2412,0,0,0,0,0,0,0
35,10018649925317144938,0,0,0,0,0,0,0,0,0,0,0,0,0,0,0,0,0,0,0,0,0,0,1027,0,5,9431,0,0,0,9425,0,0,0,31,2623,2,0,0,0,0,6,0,0,0,0,2628,_history_tree_15_removes,3077,0,0,0,0,0,0,2632,2627,0,0,0,5259,0,0,0,0,0,5,0,0,0,0,0,0,0
35,10018649925317144938,0,0,0,0,0,0,0,0,0,0,0,0,0,0,0,0,0,0,0,0,0,0,314,0,2390,68534,0,0,0,68312,0,0,0,32,314,805,0,0,0,0,220,0,0,0,0,2683,_history_tree_16_updates,2013,0,0,0,0,0,0,5092,2683,0,0,0,7775,0,0,0,0,0,2389,0,0,0,0,0,0,0
35,10018649925317144938,0,0,0,0,0,0,0,0,0,0,0,0,0,0,0,0,0,0,0,0,0,0,1052,0,5,9309,0,0,0,9293,0,0,0,33,2631,2,0,0,0,0,16,0,0,0,0,2636,_history_tree_16_removes,3093,0,0,0,0,0,0,2642,2637,0,0,0,5279,0,0,0,0,0,5,0,0,0,0,0,0,0
35,10018649925317144938,0,0,0,0,0,0,0,0,0,0,0,0,0,0,0,0,0,0,0,0,0,0,319,0,2376,145442,0,0,0,72516,0,0,0,34,10617,2696,0,0,0,0,203,0,0,0,0,6390,_history_tree_17_updates,4024,0,0,0,0,0,0,15369,12780,0,0,0,21759,0,0,0,0,0,2377,0,0,0,0,0,0,0
35,10018649925317144938,0,0,0,0,0,0,0,0,0,0,0,0,0,0,0,0,0,0,0,0,0,0,873,0,18,9325,0,0,0,9307,0,0,0,35,2471,12,0,0,0,0,18,0,0,0,0,2488,_history_tree_17_removes,2891,0,0,0,0,0,0,2506,2488,0,0,0,4994,0,0,0,0,0,18,0,0,0,0,0,0,0
35,10018649925317144938,0,0,0,0,0,0,0,0,0,0,0,0,0,0,0,0,0,0,0,0,0,0,328,0,2395,68782,0,0,0,68586,0,0,0,36,328,790,0,0,0,0,193,0,0,0,0,2725,_history_tree_18_updates,2054,0,0,0,0,0,0,5120,2725,0,0,0,7845,0,0,0,0,0,2397,0,0,0,0,0,0,0
35,10018649925317144938,0,0,0,0,0,0,0,0,0,0,0,0,0,0,0,0,0,0,0,0,0,0,1073,0,4,9495,0,0,0,9484,0,0,0,37,2688,1,0,0,0,0,11,0,0,0,0,2692,_history_tree_18_removes,3155,0,0,0,0,0,0,2696,2692,0,0,0,5388,0,0,0,0,0,4,0,0,0,0,0,0,0
35,10018649925317144938,0,0,0,0,0,0,0,0,0,0,0,0,0,0,0,0,0,0,0,0,0,0,324,0,2348,67784,0,0,0,67579,0,0,0,38,325,782,0,0,0,0,204,0,0,0,0,2666,_history_tree_19_updates,1993,0,0,0,0,0,0,5023,2666,0,0,0,7689,0,0,0,0,0,2349,0,0,0,0,0,0,0
35,10018649925317144938,0,0,0,0,0,0,0,0,0,0,0,0,0,0,0,0,0,0,0,0,0,0,1080,0,4,9551,0,0,0,9532,0,0,0,39,2624,1,0,0,0,0,19,0,0,0,0,2628,_history_tree_19_removes,3075,0,0,0,0,0,0,2632,2628,0,0,0,5260,0,0,0,0,0,4,0,0,0,0,0,0,0
35,10018649925317144938,49322,0,0,0,0,0,45491,0,0,0,0,0,0,0,0,0,0,0,0,0,0,0,0,0,0,295852,0,0,0,96797,0,0,0,40,0,0,0,0,0,0,2132,0,0,94812,0,0,warehouse,0,0,0,0,0,0,0,0,0,0,0,0,0,196473,0,0,196472,0,0,0,0,0,94809,0,0,0
35,10018649925317144938,0,0,0,0,0,0,0,0,0,0,0,0,0,0,0,0,0,0,0,0,0,0,0,0,0,0,0,0,0,0,0,0,0,41,0,0,0,0,0,0,0,0,0,0,0,0,_warehouse_graveyard,0,0,0,0,0,0,0,0,0,0,0,0,0,0,0,0,0,0,0,0,0,0,0,0,0,0
35,10018649925317144938,97364,0,0,0,0,0,96041,0,0,0,0,0,0,0,0,0,0,0,0,0,0,0,0,0,0,300425,0,0,0,195581,0,0,0,42,0,0,0,0,0,0,1008,0,0,193412,0,0,district,0,0,0,0,0,0,0,0,0,0,0,0,0,103769,0,0,103770,0,0,0,0,0,193419,0,0,0
35,10018649925317144938,0,0,0,0,0,0,0,0,0,0,0,0,0,0,0,0,0,0,0,0,0,0,0,0,0,0,0,0,0,0,0,0,0,43,0,0,0,0,0,0,0,0,0,0,0,0,_district_graveyard,0,0,0,0,0,0,0,0,0,0,0,0,0,0,0,0,0,0,0,0,0,0,0,0,0,0
35,10018649925317144938,63737,0,0,0,0,0,60181,0,0,0,0,0,0,0,0,0,0,0,0,0,0,0,0,0,0,796938,0,0,0,123927,0,0,0,44,0,0,0,0,0,0,6,0,0,123915,0,0,customer,0,0,0,0,0,0,0,0,0,0,0,0,0,141705,0,0,141704,0,0,0,0,0,123914,0,0,0
35,10018649925317144938,0,0,0,0,0,0,0,0,0,0,0,0,0,0,0,0,0,0,0,0,0,0,0,0,0,0,0,0,0,0,0,0,0,45,0,0,0,0,0,0,0,0,0,0,0,0,_customer_graveyard,0,0,0,0,0,0,0,0,0,0,0,0,0,0,0,0,0,0,0,0,0,0,0,0,0,0
35,10018649925317144938,0,0,0,0,0,0,0,0,0,0,0,0,0,0,0,0,0,0,0,0,0,0,0,0,0,185067,0,0,0,0,0,0,0,46,0,0,0,0,0,0,61688,0,0,0,0,0,customerwdl,0,0,0,0,0,0,0,0,0,0,0,61686,0,61686,0,0,61686,0,0,0,0,0,0,0,0,0
35,10018649925317144938,0,0,0,0,0,0,0,0,0,0,0,0,0,0,0,0,0,0,0,0,0,0,0,0,0,0,0,0,0,0,0,0,0,47,0,0,0,0,0,0,0,0,0,0,0,0,_customerwdl_graveyard,0,0,0,0,0,0,0,0,0,0,0,0,0,0,0,0,0,0,0,0,0,0,0,0,0,0
35,10018649925317144938,0,0,0,0,0,0,0,0,0,0,0,0,0,0,0,0,0,0,0,0,0,0,0,0,2239,119547,0,0,0,39849,0,0,0,48,0,0,0,0,0,0,0,0,0,0,0,0,history,0,0,0,0,0,0,0,2266,0,0,0,0,2266,0,0,0,0,0,0,0,0,0,0,0,0,0
35,10018649925317144938,0,0,0,0,0,0,0,0,0,0,0,0,0,0,0,0,0,0,0,0,0,0,0,0,0,0,0,0,0,0,0,0,0,49,0,0,0,0,0,0,0,0,0,0,0,0,_history_graveyard,0,0,0,0,0,0,0,0,0,0,0,0,0,0,0,0,0,0,0,0,0,0,0,0,0,0
35,10018649925317144938,43194,86300,0,86300,0,0,43119,0,0,0,0,0,0,0,0,0,0,0,0,0,0,0,57484,0,2085,1153677,0,0,0,274682,0,10095,0,50,59,0,0,0,0,0,109871,0,0,0,0,0,neworder,90821,10095,0,0,0,0,0,3964,0,0,0,86616,3965,96712,0,0,96713,0,1820,0,0,0,0,0,0,0
35,10018649925317144938,0,0,0,0,0,0,0,0,0,0,0,0,0,0,0,0,0,0,0,0,0,0,0,0,0,0,0,0,0,0,0,0,0,51,0,0,0,0,0,0,0,0,0,0,0,0,_neworder_graveyard,0,0,0,0,0,0,0,0,0,0,0,0,0,0,0,0,0,0,0,0,0,0,0,0,0,0
35,10018649925317144938,43386,0,0,0,0,0,42950,0,0,0,0,0,0,0,0,0,0,0,0,0,0,0,0,0,4335,840573,0,0,0,190346,0,0,0,52,0,0,0,0,0,0,0,0,0,86342,0,0,order,0,0,0,0,0,0,0,4336,0,0,0,0,4336,89851,0,0,89851,0,0,0,0,0,86344,0,0,0
35,10018649925317144938,0,0,0,0,0,0,0,0,0,0,0,0,0,0,0,0,0,0,0,0,0,0,0,0,0,0,0,0,0,0,0,0,0,53,0,0,0,0,0,0,0,0,0,0,0,0,_order_graveyard,0,0,0,0,0,0,0,0,0,0,0,0,0,0,0,0,0,0,0,0,0,0,0,0,0,0
35,10018649925317144938,0,0,0,0,0,0,0,0,0,0,0,0,0,0,0,0,3506,0,0,0,0,0,0,0,1312,313403,0,0,0,100961,0,0,0,54,0,0,0,0,0,0,3506,0,0,0,0,0,order_wdc,0,0,0,0,0,0,0,1334,0,0,0,0,1334,3506,0,0,3506,0,0,0,0,0,0,0,0,0
35,10018649925317144938,0,0,0,0,0,0,0,0,0,0,0,0,0,0,0,0,0,0,0,0,0,0,0,0,0,0,0,0,0,0,0,0,0,55,0,0,0,0,0,0,0,0,0,0,0,0,_order_wdc_graveyard,0,0,0,0,0,0,0,0,0,0,0,0,0,0,0,0,0,0,0,0,0,0,0,0,0,0
35,10018649925317144938,436888,0,0,0,0,0,426826,0,0,0,0,0,0,0,0,0,0,0,0,0,0,0,100689,0,59168,7712355,0,0,0,1915547,0,1076,0,56,0,0,0,0,0,0,12550,0,0,863760,0,0,orderline,1828832,1076,0,0,0,0,0,59965,0,0,0,12470,59964,1841236,0,0,1841221,0,0,0,0,0,863779,0,0,0
35,10018649925317144938,0,0,0,0,0,0,0,0,0,0,0,0,0,0,0,0,0,0,0,0,0,0,0,0,0,0,0,0,0,0,0,0,0,57,0,0,0,0,0,0,0,0,0,0,0,0,_orderline_graveyard,0,0,0,0,0,0,0,0,0,0,0,0,0,0,0,0,0,0,0,0,0,0,0,0,0,0
35,10018649925317144938,0,0,0,0,0,0,0,0,0,0,0,0,0,0,0,0,0,0,0,0,0,0,0,0,0,1984856,0,0,0,0,0,0,0,58,0,0,0,0,0,0,0,0,0,0,0,0,item,0,0,0,0,0,0,0,0,0,0,0,0,0,992429,0,0,992431,0,0,0,0,0,0,0,0,0
36,10018649925317144938,0,0,0,0,0,0,0,0,0,0,0,0,0,0,0,0,0,0,0,0,0,0,0,0,0,0,0,0,0,0,0,0,0,61,0,0,0,0,0,0,0,0,0,0,0,0,_stock_graveyard,0,0,0,0,0,0,0,0,0,0,0,0,0,0,0,0,0,0,0,0,0,0,0,0,0,0
36,10018649925317144938,500116,0,0,0,0,0,487998,0,0,0,0,0,0,0,0,0,0,0,0,0,0,0,0,0,0,15066807,0,0,0,989136,0,0,0,60,0,0,0,0,0,0,1156,0,0,988114,0,0,stock,0,0,0,0,0,0,0,0,0,0,0,0,0,2776374,0,0,2776373,0,0,0,0,0,988101,0,0,0
36,10018649925317144938,0,0,0,0,0,0,0,0,0,0,0,0,0,0,0,0,0,0,0,0,0,0,0,0,0,0,0,0,0,0,0,0,0,59,0,0,0,0,0,0,0,0,0,0,0,0,_item_graveyard,0,0,0,0,0,0,0,0,0,0,0,0,0,0,0,0,0,0,0,0,0,0,0,0,0,0
36,10018649925317144938,0,0,0,0,0,0,0,0,0,0,0,0,0,0,0,0,0,0,0,0,0,0,327,0,2356,67798,0,0,0,67571,0,0,0,28,327,810,0,0,0,0,228,0,0,0,0,2676,_history_tree_14_updates,1999,0,0,0,0,0,0,5040,2676,0,0,0,7716,0,0,0,0,0,2356,0,0,0,0,0,0,0
36,10018649925317144938,0,0,0,0,0,0,0,0,0,0,0,0,0,0,0,0,0,0,0,0,0,0,1015,0,3,9042,0,0,0,9030,0,0,0,27,2673,0,0,0,0,0,12,0,0,0,0,2676,_history_tree_13_removes,3091,0,0,0,0,0,0,2679,2676,0,0,0,5355,0,0,0,0,0,3,0,0,0,0,0,0,0
36,10018649925317144938,0,0,0,0,0,0,0,0,0,0,0,0,0,0,0,0,0,0,0,0,0,0,300,0,2335,66805,0,0,0,66609,0,0,0,26,300,738,0,0,0,0,194,0,0,0,0,2633,_history_tree_13_updates,1995,0,0,0,0,0,0,4968,2633,0,0,0,7601,0,0,0,0,0,2333,0,0,0,0,0,0,0
36,10018649925317144938,0,0,0,0,0,0,0,0,0,0,0,0,0,0,0,0,0,0,0,0,0,0,957,0,5,8808,0,0,0,8794,0,0,0,25,2627,2,0,0,0,0,13,0,0,0,0,2632,_history_tree_12_removes,3086,0,0,0,0,0,0,2637,2632,0,0,0,5269,0,0,0,0,0,5,0,0,0,0,0,0,0
36,10018649925317144938,0,0,0,0,0,0,0,0,0,0,0,0,0,0,0,0,0,0,0,0,0,0,368,0,2323,66413,0,0,0,66188,0,0,0,24,368,774,0,0,0,0,226,0,0,0,0,2676,_history_tree_12_updates,2044,0,0,0,0,0,0,5016,2677,0,0,0,7693,0,0,0,0,0,2324,0,0,0,0,0,0,0
36,10018649925317144938,0,0,0,0,0,0,0,0,0,0,0,0,0,0,0,0,0,0,0,0,0,0,974,0,6,8960,0,0,0,8946,0,0,0,23,2594,2,0,0,0,0,14,0,0,0,0,2600,_history_tree_11_removes,3021,0,0,0,0,0,0,2606,2600,0,0,0,5206,0,0,0,0,0,6,0,0,0,0,0,0,0
36,10018649925317144938,0,0,0,0,0,0,0,0,0,0,0,0,0,0,0,0,0,0,0,0,0,0,365,0,2333,66679,0,0,0,66474,0,0,0,22,365,810,0,0,0,0,203,0,0,0,0,2663,_history_tree_11_updates,2007,0,0,0,0,0,0,5031,2663,0,0,0,7694,0,0,0,0,0,2334,0,0,0,0,0,0,0
36,10018649925317144938,0,0,0,0,0,0,0,0,0,0,0,0,0,0,0,0,0,0,0,0,0,0,986,0,5,9078,0,0,0,9065,0,0,0,21,2588,1,0,0,0,0,13,0,0,0,0,2593,_history_tree_10_removes,3041,0,0,0,0,0,0,2598,2593,0,0,0,5191,0,0,0,0,0,5,0,0,0,0,0,0,0
36,10018649925317144938,0,0,0,0,0,0,0,0,0,0,0,0,0,0,0,0,0,0,0,0,0,0,356,0,2362,67630,0,0,0,67423,0,0,0,20,356,816,0,0,0,0,205,0,0,0,0,2711,_history_tree_10_updates,2021,0,0,0,0,0,0,5081,2711,0,0,0,7792,0,0,0,0,0,2362,0,0,0,0,0,0,0
36,10018649925317144938,0,0,0,0,0,0,0,0,0,0,0,0,0,0,0,0,0,0,0,0,0,0,1010,0,4,9143,0,0,0,9130,0,0,0,19,2653,1,0,0,0,0,13,0,0,0,0,2657,_history_tree_9_removes,3108,0,0,0,0,0,0,2661,2657,0,0,0,5318,0,0,0,0,0,4,0,0,0,0,0,0,0
36,10018649925317144938,0,0,0,0,0,0,0,0,0,0,0,0,0,0,0,0,0,0,0,0,0,0,297,0,2331,66729,0,0,0,66548,0,0,0,18,297,754,0,0,0,0,181,0,0,0,0,2612,_history_tree_9_updates,1997,0,0,0,0,0,0,4959,2612,0,0,0,7571,0,0,0,0,0,2331,0,0,0,0,0,0,0
36,10018649925317144938,0,0,0,0,0,0,0,0,0,0,0,0,0,0,0,0,0,0,0,0,0,0,1007,0,4,9127,0,0,0,9114,0,0,0,17,2626,1,0,0,0,0,13,0,0,0,0,2630,_history_tree_8_removes,3096,0,0,0,0,0,0,2634,2630,0,0,0,5264,0,0,0,0,0,4,0,0,0,0,0,0,0
36,10018649925317144938,0,0,0,0,0,0,0,0,0,0,0,0,0,0,0,0,0,0,0,0,0,0,346,0,2330,66867,0,0,0,66666,0,0,0,16,346,772,0,0,0,0,202,0,0,0,0,2670,_history_tree_8_updates,2047,0,0,0,0,0,0,5004,2670,0,0,0,7674,0,0,0,0,0,2328,0,0,0,0,0,0,0
36,10018649925317144938,0,0,0,0,0,0,0,0,0,0,0,0,0,0,0,0,0,0,0,0,0,0,1011,0,9,9376,0,0,0,9360,0,0,0,15,2588,3,0,0,0,0,16,0,0,0,0,2597,_history_tree_7_removes,3039,0,0,0,0,0,0,2606,2597,0,0,0,5203,0,0,0,0,0,9,0,0,0,0,0,0,0
36,10018649925317144938,0,0,0,0,0,0,0,0,0,0,0,0,0,0,0,0,0,0,0,0,0,0,329,0,2390,68569,0,0,0,68352,0,0,0,14,329,846,0,0,0,0,216,0,0,0,0,2671,_history_tree_7_updates,1989,0,0,0,0,0,0,5109,2671,0,0,0,7779,0,0,0,0,0,2390,0,0,0,0,0,0,0
36,10018649925317144938,0,0,0,0,0,0,0,0,0,0,0,0,0,0,0,0,0,0,0,0,0,0,935,0,9,8953,0,0,0,8944,0,0,0,13,2647,5,0,0,0,0,9,0,0,0,0,2656,_history_tree_6_removes,3053,0,0,0,0,0,0,2665,2656,0,0,0,5321,0,0,0,0,0,9,0,0,0,0,0,0,0
36,10018649925317144938,0,0,0,0,0,0,0,0,0,0,0,0,0,21391826,22069667,0,0,0,0,0,0,0,305,0,2319,66310,0,0,0,66083,0,0,0,0,305,718,0,0,0,0,229,0,0,0,0,2607,_history_tree_0_updates,2025,0,1475196,0,0,0,0,4943,2607,0,0,0,7550,0,0,0,0,0,2319,0,0,0,0,682328,0,0
36,10018649925317144938,0,0,0,0,0,0,0,0,0,0,0,0,0,0,0,0,0,0,0,0,0,0,963,0,4,8906,0,0,0,8895,0,0,0,1,2697,2,0,0,0,0,11,0,0,0,0,2701,_history_tree_0_removes,3148,0,0,0,0,0,0,2705,2701,0,0,0,5406,0,0,0,0,0,4,0,0,0,0,0,0,0
36,10018649925317144938,0,0,0,0,0,0,0,0,0,0,0,0,0,0,0,0,0,0,0,0,0,0,355,0,2353,67171,0,0,0,66955,0,0,0,2,355,833,0,0,0,0,216,0,0,0,0,2694,_history_tree_1_updates,1989,0,0,0,0,0,0,5062,2694,0,0,0,7756,0,0,0,0,0,2354,0,0,0,0,0,0,0
36,10018649925317144938,0,0,0,0,0,0,0,0,0,0,0,0,0,0,0,0,0,0,0,0,0,0,955,0,8,9049,0,0,0,9033,0,0,0,3,2609,3,0,0,0,0,16,0,0,0,0,2617,_history_tree_1_removes,3030,0,0,0,0,0,0,2625,2617,0,0,0,5242,0,0,0,0,0,8,0,0,0,0,0,0,0
36,10018649925317144938,0,0,0,0,0,0,0,0,0,0,0,0,0,0,0,0,0,0,0,0,0,0,333,0,2320,66406,0,0,0,66185,0,0,0,4,333,764,0,0,0,0,221,0,0,0,0,2655,_history_tree_2_updates,2019,0,0,0,0,0,0,4975,2655,0,0,0,7630,0,0,0,0,0,2322,0,0,0,0,0,0,0
36,10018649925317144938,0,0,0,0,0,0,0,0,0,0,0,0,0,0,0,0,0,0,0,0,0,0,981,0,4,8915,0,0,0,8909,0,0,0,5,2610,0,0,0,0,0,6,0,0,0,0,2614,_history_tree_2_removes,3063,0,0,0,0,0,0,2618,2614,0,0,0,5232,0,0,0,0,0,4,0,0,0,0,0,0,0
36,10018649925317144938,0,0,0,0,0,0,0,0,0,0,0,0,0,0,0,0,0,0,0,0,0,0,377,0,2353,67985,0,0,0,67740,0,0,0,6,377,819,0,0,0,0,244,0,0,0,0,2701,_history_tree_3_updates,2029,0,0,0,0,0,0,5085,2701,0,0,0,7786,0,0,0,0,0,2355,0,0,0,0,0,0,0
36,10018649925317144938,0,0,0,0,0,0,0,0,0,0,0,0,0,0,0,0,0,0,0,0,0,0,1037,0,7,9548,0,0,0,9538,0,0,0,7,2604,3,0,0,0,0,10,0,0,0,0,2611,_history_tree_3_removes,3045,0,0,0,0,0,0,2617,2610,0,0,0,5227,0,0,0,0,0,7,0,0,0,0,0,0,0
36,10018649925317144938,0,0,0,0,0,0,0,0,0,0,0,0,0,0,0,0,0,0,0,0,0,0,360,0,2353,67274,0,0,0,67072,0,0,0,8,360,814,0,0,0,0,202,0,0,0,0,2698,_history_tree_4_updates,2013,0,0,0,0,0,0,5066,2698,0,0,0,7764,0,0,0,0,0,2353,0,0,0,0,0,0,0
36,10018649925317144938,0,0,0,0,0,0,0,0,0,0,0,0,0,0,0,0,0,0,0,0,0,0,990,0,8,9062,0,0,0,9053,0,0,0,9,2649,3,0,0,0,0,9,0,0,0,0,2657,_history_tree_4_removes,3085,0,0,0,0,0,0,2665,2657,0,0,0,5322,0,0,0,0,0,8,0,0,0,0,0,0,0
36,10018649925317144938,0,0,0,0,0,0,0,0,0,0,0,0,0,0,0,0,0,0,0,0,0,0,332,0,2343,66971,0,0,0,66738,0,0,0,10,332,784,0,0,0,0,231,0,0,0,0,2675,_history_tree_5_updates,2006,0,0,0,0,0,0,5018,2675,0,0,0,7693,0,0,0,0,0,2343,0,0,0,0,0,0,0
36,10018649925317144938,0,0,0,0,0,0,0,0,0,0,0,0,0,0,0,0,0,0,0,0,0,0,1008,0,4,8893,0,0,0,8884,0,0,0,11,2596,1,0,0,0,0,13,0,0,0,0,2600,_history_tree_5_removes,3047,0,0,0,0,0,0,2604,2600,0,0,0,5204,0,0,0,0,0,4,0,0,0,0,0,0,0
36,10018649925317144938,0,0,0,0,0,0,0,0,0,0,0,0,0,0,0,0,0,0,0,0,0,0,325,0,2301,65761,0,0,0,65560,0,0,0,12,325,744,0,0,0,0,200,0,0,0,0,2553,_history_tree_6_updates,1983,0,0,0,0,0,0,4927,2553,0,0,0,7480,0,0,0,0,0,2301,0,0,0,0,0,0,0
36,10018649925317144938,0,0,0,0,0,0,0,0,0,0,0,0,0,0,0,0,0,0,0,0,0,0,1029,0,6,9386,0,0,0,9376,0,0,0,29,2583,2,0,0,0,0,10,0,0,0,0,2589,_history_tree_14_removes,3047,0,0,0,0,0,0,2595,2589,0,0,0,5184,0,0,0,0,0,6,0,0,0,0,0,0,0
36,10018649925317144938,0,0,0,0,0,0,0,0,0,0,0,0,0,0,0,0,0,0,0,0,0,0,348,0,2307,65889,0,0,0,65674,0,0,0,30,348,772,0,0,0,0,213,0,0,0,0,2639,_history_tree_15_updates,2021,0,0,0,0,0,0,4963,2639,0,0,0,7602,0,0,0,0,0,2308,0,0,0,0,0,0,0
36,10018649925317144938,0,0,0,0,0,0,0,0,0,0,0,0,0,0,0,0,0,0,0,0,0,0,959,0,7,8852,0,0,0,8837,0,0,0,31,2591,3,0,0,0,0,15,0,0,0,0,2598,_history_tree_15_removes,3060,0,0,0,0,0,0,2605,2598,0,0,0,5203,0,0,0,0,0,7,0,0,0,0,0,0,0
36,10018649925317144938,0,0,0,0,0,0,0,0,0,0,0,0,0,0,0,0,0,0,0,0,0,0,368,0,2329,66346,0,0,0,66120,0,0,0,32,369,769,0,0,0,0,224,0,0,0,0,2692,_history_tree_16_updates,2049,0,0,0,0,0,0,5026,2692,0,0,0,7718,0,0,0,0,0,2328,0,0,0,0,0,0,0
36,10018649925317144938,0,0,0,0,0,0,0,0,0,0,0,0,0,0,0,0,0,0,0,0,0,0,975,0,5,8844,0,0,0,8829,0,0,0,33,2671,1,0,0,0,0,15,0,0,0,0,2676,_history_tree_16_removes,3103,0,0,0,0,0,0,2680,2675,0,0,0,5355,0,0,0,0,0,5,0,0,0,0,0,0,0
36,10018649925317144938,0,0,0,0,0,0,0,0,0,0,0,0,0,0,0,0,0,0,0,0,0,0,356,0,2360,143974,0,0,0,71775,0,0,0,34,10469,2717,0,0,0,0,211,0,0,0,0,6271,_history_tree_17_updates,3983,0,0,0,0,0,0,15191,12541,1,0,0,21462,0,0,0,0,0,2361,0,0,0,0,0,0,0
36,10018649925317144938,0,0,0,0,0,0,0,0,0,0,0,0,0,0,0,0,0,0,0,0,0,0,835,0,22,9075,0,0,0,9060,0,0,0,35,2442,16,0,0,0,0,15,0,0,0,0,2464,_history_tree_17_removes,2896,0,0,0,0,0,0,2486,2464,0,0,0,4950,0,0,0,0,0,22,0,0,0,0,0,0,0
36,10018649925317144938,0,0,0,0,0,0,0,0,0,0,0,0,0,0,0,0,0,0,0,0,0,0,330,0,2358,67969,0,0,0,67731,0,0,0,36,330,831,0,0,0,0,237,0,0,0,0,2683,_history_tree_18_updates,1969,0,0,0,0,0,0,5046,2683,0,0,0,7729,0,0,0,0,0,2358,0,0,0,0,0,0,0
36,10018649925317144938,0,0,0,0,0,0,0,0,0,0,0,0,0,0,0,0,0,0,0,0,0,0,1001,0,6,9344,0,0,0,9319,0,0,0,37,2615,1,0,0,0,0,25,0,0,0,0,2621,_history_tree_18_removes,3060,0,0,0,0,0,0,2627,2621,0,0,0,5248,0,0,0,0,0,6,0,0,0,0,0,0,0
36,10018649925317144938,0,0,0,0,0,0,0,0,0,0,0,0,0,0,0,0,0,0,0,0,0,0,312,0,2404,69303,0,0,0,69126,0,0,0,38,312,819,0,0,0,0,179,0,0,0,0,2680,_history_tree_19_updates,2008,0,0,0,0,0,0,5118,2680,0,0,0,7798,0,0,0,0,0,2402,0,0,0,0,0,0,0
36,10018649925317144938,0,0,0,0,0,0,0,0,0,0,0,0,0,0,0,0,0,0,0,0,0,0,1095,0,6,9664,0,0,0,9652,0,0,0,39,2651,3,0,0,0,0,12,0,0,0,0,2657,_history_tree_19_removes,3110,0,0,0,0,0,0,2663,2657,0,0,0,5320,0,0,0,0,0,6,0,0,0,0,0,0,0
36,10018649925317144938,49484,0,0,0,0,0,45404,0,0,0,0,0,0,0,0,0,0,0,0,0,0,0,0,0,0,295361,0,0,0,96903,0,0,0,40,0,0,0,0,0,0,2034,0,0,94885,0,0,warehouse,0,0,0,0,0,0,0,0,0,0,0,0,0,195961,0,0,195964,0,0,0,0,0,94888,0,0,0
36,10018649925317144938,0,0,0,0,0,0,0,0,0,0,0,0,0,0,0,0,0,0,0,0,0,0,0,0,0,0,0,0,0,0,0,0,0,41,0,0,0,0,0,0,0,0,0,0,0,0,_warehouse_graveyard,0,0,0,0,0,0,0,0,0,0,0,0,0,0,0,0,0,0,0,0,0,0,0,0,0,0
36,10018649925317144938,97072,0,0,0,0,0,95809,0,0,0,0,0,0,0,0,0,0,0,0,0,0,0,0,0,0,300060,0,0,0,195096,0,0,0,42,0,0,0,0,0,0,1064,0,0,192880,0,0,district,0,0,0,0,0,0,0,0,0,0,0,0,0,103854,0,0,103856,0,0,0,0,0,192881,0,0,0
36,10018649925317144938,0,0,0,0,0,0,0,0,0,0,0,0,0,0,0,0,0,0,0,0,0,0,0,0,0,0,0,0,0,0,0,0,0,43,0,0,0,0,0,0,0,0,0,0,0,0,_district_graveyard,0,0,0,0,0,0,0,0,0,0,0,0,0,0,0,0,0,0,0,0,0,0,0,0,0,0
36,10018649925317144938,61889,0,0,0,0,0,58870,0,0,0,0,0,0,0,0,0,0,0,0,0,0,0,0,0,0,784794,0,0,0,120780,0,0,0,44,0,0,0,0,0,0,5,0,0,120754,0,0,customer,0,0,0,0,0,0,0,0,0,0,0,0,0,140807,0,0,140808,0,0,0,0,0,120751,0,0,0
36,10018649925317144938,0,0,0,0,0,0,0,0,0,0,0,0,0,0,0,0,0,0,0,0,0,0,0,0,0,0,0,0,0,0,0,0,0,45,0,0,0,0,0,0,0,0,0,0,0,0,_customer_graveyard,0,0,0,0,0,0,0,0,0,0,0,0,0,0,0,0,0,0,0,0,0,0,0,0,0,0
36,10018649925317144938,0,0,0,0,0,0,0,0,0,0,0,0,0,0,0,0,0,0,0,0,0,0,0,0,0,185847,0,0,0,0,0,0,0,46,0,0,0,0,0,0,61951,0,0,0,0,0,customerwdl,0,0,0,0,0,0,0,0,0,0,0,61955,0,61955,0,0,61955,0,0,0,0,0,0,0,0,0
36,10018649925317144938,0,0,0,0,0,0,0,0,0,0,0,0,0,0,0,0,0,0,0,0,0,0,0,0,0,0,0,0,0,0,0,0,0,47,0,0,0,0,0,0,0,0,0,0,0,0,_customerwdl_graveyard,0,0,0,0,0,0,0,0,0,0,0,0,0,0,0,0,0,0,0,0,0,0,0,0,0,0
36,10018649925317144938,0,0,0,0,0,0,0,0,0,0,0,0,0,0,0,0,0,0,0,0,0,0,0,0,2213,118422,0,0,0,39474,0,0,0,48,0,0,0,0,0,0,0,0,0,0,0,0,history,0,0,0,0,0,0,0,2238,0,0,0,0,2238,0,0,0,0,0,0,0,0,0,0,0,0,0
36,10018649925317144938,0,0,0,0,0,0,0,0,0,0,0,0,0,0,0,0,0,0,0,0,0,0,0,0,0,0,0,0,0,0,0,0,0,49,0,0,0,0,0,0,0,0,0,0,0,0,_history_graveyard,0,0,0,0,0,0,0,0,0,0,0,0,0,0,0,0,0,0,0,0,0,0,0,0,0,0
36,10018649925317144938,41772,83467,0,83470,0,0,41688,0,0,0,0,0,0,0,0,0,0,0,0,0,0,0,55394,0,2093,1124541,0,0,0,268434,0,10888,0,50,20,0,0,0,0,0,106397,0,0,0,0,0,neworder,88954,10888,0,0,0,0,0,3857,0,0,0,83707,3860,94595,0,0,94594,0,1743,0,0,0,0,0,0,0
36,10018649925317144938,0,0,0,0,0,0,0,0,0,0,0,0,0,0,0,0,0,0,0,0,0,0,0,0,0,0,0,0,0,0,0,0,0,51,0,0,0,0,0,0,0,0,0,0,0,0,_neworder_graveyard,0,0,0,0,0,0,0,0,0,0,0,0,0,0,0,0,0,0,0,0,0,0,0,0,0,0
36,10018649925317144938,42345,0,0,0,0,0,41101,0,0,0,0,0,0,0,0,0,0,0,0,0,0,0,0,0,4316,821628,0,0,0,186928,0,0,0,52,0,0,0,0,0,0,0,0,0,83447,0,0,order,0,0,0,0,0,0,0,4320,0,0,0,0,4320,86950,0,0,86950,0,0,0,0,0,83449,0,0,0
36,10018649925317144938,0,0,0,0,0,0,0,0,0,0,0,0,0,0,0,0,0,0,0,0,0,0,0,0,0,0,0,0,0,0,0,0,0,53,0,0,0,0,0,0,0,0,0,0,0,0,_order_graveyard,0,0,0,0,0,0,0,0,0,0,0,0,0,0,0,0,0,0,0,0,0,0,0,0,0,0
36,10018649925317144938,0,0,0,0,0,0,0,0,0,0,0,0,0,0,0,0,3502,0,0,0,0,0,0,0,1305,311883,0,0,0,100458,0,0,0,54,0,0,0,0,0,0,3502,0,0,0,0,0,order_wdc,0,0,0,0,0,0,0,1340,0,0,0,0,1340,3502,0,0,3502,0,0,0,0,0,0,0,0,0
36,10018649925317144938,0,0,0,0,0,0,0,0,0,0,0,0,0,0,0,0,0,0,0,0,0,0,0,0,0,0,0,0,0,0,0,0,0,55,0,0,0,0,0,0,0,0,0,0,0,0,_order_wdc_graveyard,0,0,0,0,0,0,0,0,0,0,0,0,0,0,0,0,0,0,0,0,0,0,0,0,0,0
36,10018649925317144938,421991,0,0,0,0,0,412262,0,0,0,0,0,0,0,0,0,0,0,0,0,0,0,100317,0,58953,7577121,0,0,0,1881741,0,1144,0,56,0,0,0,0,0,0,12528,0,0,834166,0,0,orderline,1823906,1144,0,0,0,0,0,59801,0,0,0,12448,59802,1836406,0,0,1836421,0,0,0,0,0,834126,0,0,0
36,10018649925317144938,0,0,0,0,0,0,0,0,0,0,0,0,0,0,0,0,0,0,0,0,0,0,0,0,0,0,0,0,0,0,0,0,0,57,0,0,0,0,0,0,0,0,0,0,0,0,_orderline_graveyard,0,0,0,0,0,0,0,0,0,0,0,0,0,0,0,0,0,0,0,0,0,0,0,0,0,0
36,10018649925317144938,0,0,0,0,0,0,0,0,0,0,0,0,0,0,0,0,0,0,0,0,0,0,0,0,0,1976836,0,0,0,0,0,0,0,58,0,0,0,0,0,0,0,0,0,0,0,0,item,0,0,0,0,0,0,0,0,0,0,0,0,0,988424,0,0,988426,0,0,0,0,0,0,0,0,0
37,10018649925317144938,0,0,0,0,0,0,0,0,0,0,0,0,0,0,0,0,0,0,0,0,0,0,0,0,0,0,0,0,0,0,0,0,0,61,0,0,0,0,0,0,0,0,0,0,0,0,_stock_graveyard,0,0,0,0,0,0,0,0,0,0,0,0,0,0,0,0,0,0,0,0,0,0,0,0,0,0
37,10018649925317144938,503204,0,0,0,0,0,491017,0,0,0,0,0,0,0,0,0,0,0,0,0,0,0,0,0,0,15021254,0,0,0,995200,0,0,0,60,0,0,0,0,0,0,1046,0,0,994178,0,0,stock,0,0,0,0,0,0,0,0,0,0,0,0,0,2759101,0,0,2759101,0,0,0,0,0,994158,0,0,0
37,10018649925317144938,0,0,0,0,0,0,0,0,0,0,0,0,0,0,0,0,0,0,0,0,0,0,0,0,0,0,0,0,0,0,0,0,0,59,0,0,0,0,0,0,0,0,0,0,0,0,_item_graveyard,0,0,0,0,0,0,0,0,0,0,0,0,0,0,0,0,0,0,0,0,0,0,0,0,0,0
37,10018649925317144938,0,0,0,0,0,0,0,0,0,0,0,0,0,0,0,0,0,0,0,0,0,0,353,0,2357,67308,0,0,0,67111,0,0,0,28,353,806,0,0,0,0,196,0,0,0,0,2692,_history_tree_14_updates,2027,0,0,0,0,0,0,5065,2692,0,0,0,7757,0,0,0,0,0,2356,0,0,0,0,0,0,0
37,10018649925317144938,0,0,0,0,0,0,0,0,0,0,0,0,0,0,0,0,0,0,0,0,0,0,1002,0,5,9086,0,0,0,9069,0,0,0,27,2567,1,0,0,0,0,17,0,0,0,0,2572,_history_tree_13_removes,3023,0,0,0,0,0,0,2577,2572,0,0,0,5149,0,0,0,0,0,5,0,0,0,0,0,0,0
37,10018649925317144938,0,0,0,0,0,0,0,0,0,0,0,0,0,0,0,0,0,0,0,0,0,0,361,0,2388,68172,0,0,0,67992,0,0,0,26,361,862,0,0,0,0,179,0,0,0,0,2735,_history_tree_13_updates,2014,0,0,0,0,0,0,5139,2735,0,0,0,7874,0,0,0,0,0,2390,0,0,0,0,0,0,0
37,10018649925317144938,0,0,0,0,0,0,0,0,0,0,0,0,0,0,0,0,0,0,0,0,0,0,1025,0,5,9303,0,0,0,9289,0,0,0,25,2681,1,0,0,0,0,14,0,0,0,0,2686,_history_tree_12_removes,3129,0,0,0,0,0,0,2691,2686,0,0,0,5379,0,0,0,0,0,5,0,0,0,0,0,0,0
37,10018649925317144938,0,0,0,0,0,0,0,0,0,0,0,0,0,0,0,0,0,0,0,0,0,0,316,0,2385,68428,0,0,0,68199,0,0,0,24,316,825,0,0,0,0,227,0,0,0,0,2692,_history_tree_12_updates,1999,0,0,0,0,0,0,5084,2691,0,0,0,7775,0,0,0,0,0,2384,0,0,0,0,0,0,0
37,10018649925317144938,0,0,0,0,0,0,0,0,0,0,0,0,0,0,0,0,0,0,0,0,0,0,1026,0,6,9388,0,0,0,9372,0,0,0,23,2562,2,0,0,0,0,16,0,0,0,0,2568,_history_tree_11_removes,3014,0,0,0,0,0,0,2574,2568,0,0,0,5142,0,0,0,0,0,6,0,0,0,0,0,0,0
37,10018649925317144938,0,0,0,0,0,0,0,0,0,0,0,0,0,0,0,0,0,0,0,0,0,0,324,0,2396,68805,0,0,0,68600,0,0,0,22,324,860,0,0,0,0,207,0,0,0,0,2705,_history_tree_11_updates,1972,0,0,0,0,0,0,5114,2705,0,0,0,7819,0,0,0,0,0,2394,0,0,0,0,0,0,0
37,10018649925317144938,0,0,0,0,0,0,0,0,0,0,0,0,0,0,0,0,0,0,0,0,0,0,1054,0,6,9375,0,0,0,9366,0,0,0,21,2589,3,0,0,0,0,9,0,0,0,0,2595,_history_tree_10_removes,3056,0,0,0,0,0,0,2601,2595,0,0,0,5196,0,0,0,0,0,6,0,0,0,0,0,0,0
37,10018649925317144938,0,0,0,0,0,0,0,0,0,0,0,0,0,0,0,0,0,0,0,0,0,0,318,0,2382,68382,0,0,0,68154,0,0,0,20,318,827,0,0,0,0,226,0,0,0,0,2694,_history_tree_10_updates,1994,0,0,0,0,0,0,5081,2694,0,0,0,7775,0,0,0,0,0,2382,0,0,0,0,0,0,0
37,10018649925317144938,0,0,0,0,0,0,0,0,0,0,0,0,0,0,0,0,0,0,0,0,0,0,974,0,8,9170,0,0,0,9154,0,0,0,19,2604,3,0,0,0,0,16,0,0,0,0,2612,_history_tree_9_removes,3056,0,0,0,0,0,0,2620,2612,0,0,0,5232,0,0,0,0,0,8,0,0,0,0,0,0,0
37,10018649925317144938,0,0,0,0,0,0,0,0,0,0,0,0,0,0,0,0,0,0,0,0,0,0,347,0,2394,68430,0,0,0,68235,0,0,0,18,347,843,0,0,0,0,193,0,0,0,0,2737,_history_tree_9_updates,2022,0,0,0,0,0,0,5136,2737,0,0,0,7873,0,0,0,0,0,2394,0,0,0,0,0,0,0
37,10018649925317144938,0,0,0,0,0,0,0,0,0,0,0,0,0,0,0,0,0,0,0,0,0,0,1049,0,6,9440,0,0,0,9426,0,0,0,17,2610,0,0,0,0,0,14,0,0,0,0,2616,_history_tree_8_removes,3051,0,0,0,0,0,0,2622,2616,0,0,0,5240,0,0,0,0,0,6,0,0,0,0,0,0,0
37,10018649925317144938,0,0,0,0,0,0,0,0,0,0,0,0,0,0,0,0,0,0,0,0,0,0,324,0,2389,68688,0,0,0,68467,0,0,0,16,324,786,0,0,0,0,219,0,0,0,0,2709,_history_tree_8_updates,2036,0,0,0,0,0,0,5104,2709,0,0,0,7813,0,0,0,0,0,2391,0,0,0,0,0,0,0
37,10018649925317144938,0,0,0,0,0,0,0,0,0,0,0,0,0,0,0,0,0,0,0,0,0,0,942,0,7,8868,0,0,0,8856,0,0,0,15,2663,3,0,0,0,0,12,0,0,0,0,2671,_history_tree_7_removes,3122,0,0,0,0,0,0,2678,2671,0,0,0,5349,0,0,0,0,0,7,0,0,0,0,0,0,0
37,10018649925317144938,0,0,0,0,0,0,0,0,0,0,0,0,0,0,0,0,0,0,0,0,0,0,342,0,2329,66377,0,0,0,66137,0,0,0,14,342,756,0,0,0,0,239,0,0,0,0,2650,_history_tree_7_updates,2043,0,0,0,0,0,0,5004,2650,0,0,0,7654,0,0,0,0,0,2332,0,0,0,0,0,0,0
37,10018649925317144938,0,0,0,0,0,0,0,0,0,0,0,0,0,0,0,0,0,0,0,0,0,0,1075,0,11,9841,0,0,0,9834,0,0,0,13,2678,7,0,0,0,0,7,0,0,0,0,2689,_history_tree_6_removes,3171,0,0,0,0,0,0,2700,2689,0,0,0,5389,0,0,0,0,0,11,0,0,0,0,0,0,0
37,10018649925317144938,0,0,0,0,0,0,0,0,0,0,0,0,0,21502473,22201619,0,0,0,0,0,0,0,344,0,2383,68226,0,0,0,68038,0,0,0,0,344,816,0,0,0,0,188,0,0,0,0,2725,_history_tree_0_updates,2036,0,1497217,0,0,0,0,5113,2725,0,0,0,7838,0,0,0,0,0,2385,0,0,0,0,718349,0,0
37,10018649925317144938,0,0,0,0,0,0,0,0,0,0,0,0,0,0,0,0,0,0,0,0,0,0,998,0,9,9239,0,0,0,9223,0,0,0,1,2585,3,0,0,0,0,16,0,0,0,0,2594,_history_tree_0_removes,3028,0,0,0,0,0,0,2603,2594,0,0,0,5197,0,0,0,0,0,9,0,0,0,0,0,0,0
37,10018649925317144938,0,0,0,0,0,0,0,0,0,0,0,0,0,0,0,0,0,0,0,0,0,0,342,0,2363,67560,0,0,0,67298,0,0,0,2,342,823,0,0,0,0,261,0,0,0,0,2682,_history_tree_1_updates,2013,0,0,0,0,0,0,5068,2682,0,0,0,7750,0,0,0,0,0,2363,0,0,0,0,0,0,0
37,10018649925317144938,0,0,0,0,0,0,0,0,0,0,0,0,0,0,0,0,0,0,0,0,0,0,986,0,7,9133,0,0,0,9115,0,0,0,3,2603,2,0,0,0,0,18,0,0,0,0,2610,_history_tree_1_removes,3064,0,0,0,0,0,0,2617,2610,0,0,0,5227,0,0,0,0,0,7,0,0,0,0,0,0,0
37,10018649925317144938,0,0,0,0,0,0,0,0,0,0,0,0,0,0,0,0,0,0,0,0,0,0,329,0,2386,68468,0,0,0,68269,0,0,0,4,329,818,0,0,0,0,200,0,0,0,0,2707,_history_tree_2_updates,2012,0,0,0,0,0,0,5100,2707,0,0,0,7808,0,0,0,0,0,2385,0,0,0,0,0,0,0
37,10018649925317144938,0,0,0,0,0,0,0,0,0,0,0,0,0,0,0,0,0,0,0,0,0,0,1008,0,6,9352,0,0,0,9332,0,0,0,5,2636,1,0,0,0,0,20,0,0,0,0,2642,_history_tree_2_removes,3079,0,0,0,0,0,0,2648,2642,0,0,0,5290,0,0,0,0,0,6,0,0,0,0,0,0,0
37,10018649925317144938,0,0,0,0,0,0,0,0,0,0,0,0,0,0,0,0,0,0,0,0,0,0,335,0,2405,69099,0,0,0,68914,0,0,0,6,335,897,0,0,0,0,184,0,0,0,0,2708,_history_tree_3_updates,1950,0,0,0,0,0,0,5144,2708,0,0,0,7852,0,0,0,0,0,2404,0,0,0,0,0,0,0
37,10018649925317144938,0,0,0,0,0,0,0,0,0,0,0,0,0,0,0,0,0,0,0,0,0,0,999,0,8,9479,0,0,0,9463,0,0,0,7,2505,4,0,0,0,0,16,0,0,0,0,2513,_history_tree_3_removes,2951,0,0,0,0,0,0,2521,2513,0,0,0,5034,0,0,0,0,0,8,0,0,0,0,0,0,0
37,10018649925317144938,0,0,0,0,0,0,0,0,0,0,0,0,0,0,0,0,0,0,0,0,0,0,386,0,2384,68294,0,0,0,68103,0,0,0,8,386,856,0,0,0,0,193,0,0,0,0,2758,_history_tree_4_updates,2021,0,0,0,0,0,0,5155,2758,0,0,0,7913,0,0,0,0,0,2385,0,0,0,0,0,0,0
37,10018649925317144938,0,0,0,0,0,0,0,0,0,0,0,0,0,0,0,0,0,0,0,0,0,0,1016,0,5,9301,0,0,0,9291,0,0,0,9,2574,1,0,0,0,0,11,0,0,0,0,2579,_history_tree_4_removes,3019,0,0,0,0,0,0,2584,2579,0,0,0,5163,0,0,0,0,0,5,0,0,0,0,0,0,0
37,10018649925317144938,0,0,0,0,0,0,0,0,0,0,0,0,0,0,0,0,0,0,0,0,0,0,340,0,2367,67807,0,0,0,67605,0,0,0,10,340,836,0,0,0,0,200,0,0,0,0,2708,_history_tree_5_updates,1993,0,0,0,0,0,0,5075,2708,0,0,0,7783,0,0,0,0,0,2368,0,0,0,0,0,0,0
37,10018649925317144938,0,0,0,0,0,0,0,0,0,0,0,0,0,0,0,0,0,0,0,0,0,0,1050,0,5,9269,0,0,0,9252,0,0,0,11,2606,1,0,0,0,0,12,0,0,0,0,2612,_history_tree_5_removes,3064,0,0,0,0,0,0,2617,2612,0,0,0,5229,0,0,0,0,0,5,0,0,0,0,0,0,0
37,10018649925317144938,0,0,0,0,0,0,0,0,0,0,0,0,0,0,0,0,0,0,0,0,0,0,324,0,2439,70326,0,0,0,70082,0,0,0,12,324,877,0,0,0,0,242,0,0,0,0,2659,_history_tree_6_updates,2019,0,0,0,0,0,0,5201,2659,0,0,0,7860,0,0,0,0,0,2438,0,0,0,0,0,0,0
37,10018649925317144938,0,0,0,0,0,0,0,0,0,0,0,0,0,0,0,0,0,0,0,0,0,0,1040,0,4,9063,0,0,0,9045,0,0,0,29,2621,1,0,0,0,0,18,0,0,0,0,2626,_history_tree_14_removes,3077,0,0,0,0,0,0,2630,2626,0,0,0,5256,0,0,0,0,0,4,0,0,0,0,0,0,0
37,10018649925317144938,0,0,0,0,0,0,0,0,0,0,0,0,0,0,0,0,0,0,0,0,0,0,321,0,2392,68442,0,0,0,68233,0,0,0,30,321,833,0,0,0,0,209,0,0,0,0,2706,_history_tree_15_updates,2003,0,0,0,0,0,0,5104,2706,0,0,0,7810,0,0,0,0,0,2391,0,0,0,0,0,0,0
37,10018649925317144938,0,0,0,0,0,0,0,0,0,0,0,0,0,0,0,0,0,0,0,0,0,0,993,0,9,9202,0,0,0,9196,0,0,0,31,2604,3,0,0,0,0,7,0,0,0,0,2613,_history_tree_15_removes,3051,0,0,0,0,0,0,2622,2613,0,0,0,5235,0,0,0,0,0,9,0,0,0,0,0,0,0
37,10018649925317144938,0,0,0,0,0,0,0,0,0,0,0,0,0,0,0,0,0,0,0,0,0,0,362,0,2359,67398,0,0,0,67178,0,0,0,32,362,812,0,0,0,0,219,0,0,0,0,2711,_history_tree_16_updates,2032,0,0,0,0,0,0,5082,2714,0,0,0,7796,0,0,0,0,0,2361,0,0,0,0,0,0,0
37,10018649925317144938,0,0,0,0,0,0,0,0,0,0,0,0,0,0,0,0,0,0,0,0,0,0,984,0,8,9061,0,0,0,9045,0,0,0,33,2627,2,0,0,0,0,16,0,0,0,0,2635,_history_tree_16_removes,3083,0,0,0,0,0,0,2643,2635,0,0,0,5278,0,0,0,0,0,8,0,0,0,0,0,0,0
37,10018649925317144938,0,0,0,0,0,0,0,0,0,0,0,0,0,0,0,0,0,0,0,0,0,0,349,0,2395,146810,0,0,0,73237,0,0,0,34,10535,2740,0,0,0,0,168,0,0,0,0,6341,_history_tree_17_updates,3985,0,0,0,0,0,0,15325,12681,1,0,0,21666,0,0,0,0,0,2394,0,0,0,0,0,0,0
37,10018649925317144938,0,0,0,0,0,0,0,0,0,0,0,0,0,0,0,0,0,0,0,0,0,0,921,0,18,9533,0,0,0,9519,0,0,0,35,2441,11,0,0,0,0,14,0,0,0,0,2460,_history_tree_17_removes,2900,0,0,0,0,0,0,2478,2460,0,0,0,4938,0,0,0,0,0,18,0,0,0,0,0,0,0
37,10018649925317144938,0,0,0,0,0,0,0,0,0,0,0,0,0,0,0,0,0,0,0,0,0,0,327,0,2356,67567,0,0,0,67363,0,0,0,36,327,784,0,0,0,0,205,0,0,0,0,2681,_history_tree_18_updates,2012,0,0,0,0,0,0,5041,2681,0,0,0,7722,0,0,0,0,0,2357,0,0,0,0,0,0,0
37,10018649925317144938,0,0,0,0,0,0,0,0,0,0,0,0,0,0,0,0,0,0,0,0,0,0,1032,0,6,9171,0,0,0,9163,0,0,0,37,2636,2,0,0,0,0,9,0,0,0,0,2642,_history_tree_18_removes,3084,0,0,0,0,0,0,2648,2642,0,0,0,5290,0,0,0,0,0,6,0,0,0,0,0,0,0
37,10018649925317144938,0,0,0,0,0,0,0,0,0,0,0,0,0,0,0,0,0,0,0,0,0,0,314,0,2348,67385,0,0,0,67181,0,0,0,38,314,826,0,0,0,0,200,0,0,0,0,2605,_history_tree_19_updates,1951,0,0,0,0,0,0,5011,2605,0,0,0,7616,0,0,0,0,0,2349,0,0,0,0,0,0,0
37,10018649925317144938,0,0,0,0,0,0,0,0,0,0,0,0,0,0,0,0,0,0,0,0,0,0,1020,0,7,9263,0,0,0,9256,0,0,0,39,2547,4,0,0,0,0,7,0,0,0,0,2554,_history_tree_19_removes,2989,0,0,0,0,0,0,2561,2554,0,0,0,5115,0,0,0,0,0,7,0,0,0,0,0,0,0
37,10018649925317144938,49720,0,0,0,0,0,45549,0,0,0,0,0,0,0,0,0,0,0,0,0,0,0,0,0,0,296704,0,0,0,97263,0,0,0,40,0,0,0,0,0,0,2094,0,0,95275,0,0,warehouse,0,0,0,0,0,0,0,0,0,0,0,0,0,196886,0,0,196883,0,0,0,0,0,95273,0,0,0
37,10018649925317144938,0,0,0,0,0,0,0,0,0,0,0,0,0,0,0,0,0,0,0,0,0,0,0,0,0,0,0,0,0,0,0,0,0,41,0,0,0,0,0,0,0,0,0,0,0,0,_warehouse_graveyard,0,0,0,0,0,0,0,0,0,0,0,0,0,0,0,0,0,0,0,0,0,0,0,0,0,0
37,10018649925317144938,97467,0,0,0,0,0,96350,0,0,0,0,0,0,0,0,0,0,0,0,0,0,0,0,0,3,301121,0,0,0,195970,0,0,0,42,0,0,0,0,0,0,1003,0,0,193816,0,0,district,0,0,0,0,0,0,0,3,0,0,0,0,3,104093,0,0,104094,3,0,0,0,0,193820,0,0,0
37,10018649925317144938,0,0,0,0,0,0,0,0,0,0,0,0,0,0,0,0,0,0,0,0,0,0,0,0,0,0,0,0,0,0,0,0,0,43,0,0,0,0,0,0,0,0,0,0,0,0,_district_graveyard,0,0,0,0,0,0,0,0,0,0,0,0,0,0,0,0,0,0,0,0,0,0,0,0,0,0
37,10018649925317144938,63635,0,0,0,0,0,60391,0,0,0,0,0,0,0,0,0,0,0,0,0,0,0,0,0,0,797637,0,0,0,124033,0,0,0,44,0,0,0,0,0,0,8,0,0,124022,0,0,customer,0,0,0,0,0,0,0,0,0,0,0,0,0,141844,0,0,141843,0,0,0,0,0,124026,0,0,0
37,10018649925317144938,0,0,0,0,0,0,0,0,0,0,0,0,0,0,0,0,0,0,0,0,0,0,0,0,0,0,0,0,0,0,0,0,0,45,0,0,0,0,0,0,0,0,0,0,0,0,_customer_graveyard,0,0,0,0,0,0,0,0,0,0,0,0,0,0,0,0,0,0,0,0,0,0,0,0,0,0
37,10018649925317144938,0,0,0,0,0,0,0,0,0,0,0,0,0,0,0,0,0,0,0,0,0,0,0,0,0,185811,0,0,0,0,0,0,0,46,0,0,0,0,0,0,61935,0,0,0,0,0,customerwdl,0,0,0,0,0,0,0,0,0,0,0,61932,0,61932,0,0,61932,0,0,0,0,0,0,0,0,0
37,10018649925317144938,0,0,0,0,0,0,0,0,0,0,0,0,0,0,0,0,0,0,0,0,0,0,0,0,0,0,0,0,0,0,0,0,0,47,0,0,0,0,0,0,0,0,0,0,0,0,_customerwdl_graveyard,0,0,0,0,0,0,0,0,0,0,0,0,0,0,0,0,0,0,0,0,0,0,0,0,0,0
37,10018649925317144938,0,0,0,0,0,0,0,0,0,0,0,0,0,0,0,0,0,0,0,0,0,0,0,0,2249,119865,0,0,0,39957,0,0,0,48,0,0,0,0,0,0,0,0,0,0,0,0,history,0,0,0,0,0,0,0,2282,0,0,0,0,2282,0,0,0,0,0,0,0,0,0,0,0,0,0
37,10018649925317144938,0,0,0,0,0,0,0,0,0,0,0,0,0,0,0,0,0,0,0,0,0,0,0,0,0,0,0,0,0,0,0,0,0,49,0,0,0,0,0,0,0,0,0,0,0,0,_history_graveyard,0,0,0,0,0,0,0,0,0,0,0,0,0,0,0,0,0,0,0,0,0,0,0,0,0,0
37,10018649925317144938,43232,86294,0,86294,0,0,43122,0,0,0,0,0,0,0,0,0,0,0,0,0,0,0,57377,0,2083,1154724,0,0,0,274663,0,11068,0,50,19,0,0,0,0,0,110242,0,0,0,0,0,neworder,92044,11068,0,0,0,0,0,3923,0,0,0,86639,3923,97706,0,0,97706,0,1821,0,0,0,0,0,0,0
37,10018649925317144938,0,0,0,0,0,0,0,0,0,0,0,0,0,0,0,0,0,0,0,0,0,0,0,0,0,0,0,0,0,0,0,0,0,51,0,0,0,0,0,0,0,0,0,0,0,0,_neworder_graveyard,0,0,0,0,0,0,0,0,0,0,0,0,0,0,0,0,0,0,0,0,0,0,0,0,0,0
37,10018649925317144938,43740,0,0,0,0,0,42629,0,0,0,0,0,0,0,0,0,0,0,0,0,0,0,0,0,4355,840966,0,0,0,190363,0,0,0,52,0,0,0,0,0,0,0,0,0,86367,0,0,order,0,0,0,0,0,0,0,4358,0,0,0,0,4358,89954,0,0,89957,0,0,0,0,0,86368,0,0,0
37,10018649925317144938,0,0,0,0,0,0,0,0,0,0,0,0,0,0,0,0,0,0,0,0,0,0,0,0,0,0,0,0,0,0,0,0,0,53,0,0,0,0,0,0,0,0,0,0,0,0,_order_graveyard,0,0,0,0,0,0,0,0,0,0,0,0,0,0,0,0,0,0,0,0,0,0,0,0,0,0
37,10018649925317144938,0,0,0,0,0,0,0,0,0,0,0,0,0,0,0,0,3590,0,0,0,0,0,0,0,1330,313632,0,0,0,100958,0,0,0,54,0,0,0,0,0,0,3590,0,0,0,0,0,order_wdc,0,0,0,0,0,0,0,1374,0,0,0,0,1374,3590,0,0,3590,0,0,0,0,0,0,0,0,0
37,10018649925317144938,0,0,0,0,0,0,0,0,0,0,0,0,0,0,0,0,0,0,0,0,0,0,0,0,0,0,0,0,0,0,0,0,0,55,0,0,0,0,0,0,0,0,0,0,0,0,_order_wdc_graveyard,0,0,0,0,0,0,0,0,0,0,0,0,0,0,0,0,0,0,0,0,0,0,0,0,0,0
37,10018649925317144938,437555,0,0,0,0,0,427501,0,0,0,0,0,0,0,0,0,0,0,0,0,0,0,99072,0,59293,7719811,0,0,0,1917453,0,1056,0,56,0,0,0,0,0,0,12499,0,0,865087,0,0,orderline,1801367,1056,0,0,0,0,0,60224,0,0,0,12421,60224,1813774,0,0,1813775,0,0,0,0,0,865116,0,0,0
37,10018649925317144938,0,0,0,0,0,0,0,0,0,0,0,0,0,0,0,0,0,0,0,0,0,0,0,0,0,0,0,0,0,0,0,0,0,57,0,0,0,0,0,0,0,0,0,0,0,0,_orderline_graveyard,0,0,0,0,0,0,0,0,0,0,0,0,0,0,0,0,0,0,0,0,0,0,0,0,0,0
37,10018649925317144938,0,0,0,0,0,0,0,0,0,0,0,0,0,0,0,0,0,0,0,0,0,0,0,0,0,1986051,0,0,0,0,0,0,0,58,0,0,0,0,0,0,0,0,0,0,0,0,item,0,0,0,0,0,0,0,0,0,0,0,0,0,993004,0,0,993002,0,0,0,0,0,0,0,0,0
38,10018649925317144938,0,0,0,0,0,0,0,0,0,0,0,0,0,0,0,0,0,0,0,0,0,0,0,0,0,0,0,0,0,0,0,0,0,61,0,0,0,0,0,0,0,0,0,0,0,0,_stock_graveyard,0,0,0,0,0,0,0,0,0,0,0,0,0,0,0,0,0,0,0,0,0,0,0,0,0,0
38,10018649925317144938,496216,0,0,0,0,0,484366,0,0,0,0,0,0,0,0,0,0,0,0,0,0,0,0,0,0,14897822,0,0,0,981640,0,0,0,60,0,0,0,0,0,0,1047,0,0,980620,0,0,stock,0,0,0,0,0,0,0,0,0,0,0,0,0,2741731,0,0,2741719,0,0,0,0,0,980646,0,0,0
38,10018649925317144938,0,0,0,0,0,0,0,0,0,0,0,0,0,0,0,0,0,0,0,0,0,0,0,0,0,0,0,0,0,0,0,0,0,59,0,0,0,0,0,0,0,0,0,0,0,0,_item_graveyard,0,0,0,0,0,0,0,0,0,0,0,0,0,0,0,0,0,0,0,0,0,0,0,0,0,0
38,10018649925317144938,0,0,0,0,0,0,0,0,0,0,0,0,0,0,0,0,0,0,0,0,0,0,308,0,2370,67850,0,0,0,67660,0,0,0,28,308,766,0,0,0,0,190,0,0,0,0,2664,_history_tree_14_updates,2023,0,0,0,0,0,0,5049,2664,0,0,0,7713,0,0,0,0,0,2371,0,0,0,0,0,0,0
38,10018649925317144938,0,0,0,0,0,0,0,0,0,0,0,0,0,0,0,0,0,0,0,0,0,0,1013,0,4,9152,0,0,0,9142,0,0,0,27,2686,1,0,0,0,0,10,0,0,0,0,2690,_history_tree_13_removes,3161,0,0,0,0,0,0,2694,2690,0,0,0,5384,0,0,0,0,0,4,0,0,0,0,0,0,0
38,10018649925317144938,0,0,0,0,0,0,0,0,0,0,0,0,0,0,0,0,0,0,0,0,0,0,335,0,2330,66790,0,0,0,66600,0,0,0,26,335,727,0,0,0,0,189,0,0,0,0,2665,_history_tree_13_updates,2079,0,0,0,0,0,0,4995,2665,0,0,0,7660,0,0,0,0,0,2330,0,0,0,0,0,0,0
38,10018649925317144938,0,0,0,0,0,0,0,0,0,0,0,0,0,0,0,0,0,0,0,0,0,0,1078,0,4,9283,0,0,0,9277,0,0,0,25,2637,0,0,0,0,0,6,0,0,0,0,2641,_history_tree_12_removes,3116,0,0,0,0,0,0,2645,2641,0,0,0,5286,0,0,0,0,0,4,0,0,0,0,0,0,0
38,10018649925317144938,0,0,0,0,0,0,0,0,0,0,0,0,0,0,0,0,0,0,0,0,0,0,335,0,2347,67507,0,0,0,67268,0,0,0,24,335,767,0,0,0,0,239,0,0,0,0,2684,_history_tree_12_updates,2047,0,0,0,0,0,0,5031,2684,0,0,0,7715,0,0,0,0,0,2349,0,0,0,0,0,0,0
38,10018649925317144938,0,0,0,0,0,0,0,0,0,0,0,0,0,0,0,0,0,0,0,0,0,0,1075,0,3,9264,0,0,0,9252,0,0,0,23,2676,1,0,0,0,0,12,0,0,0,0,2679,_history_tree_11_removes,3132,0,0,0,0,0,0,2682,2679,0,0,0,5361,0,0,0,0,0,3,0,0,0,0,0,0,0
38,10018649925317144938,0,0,0,0,0,0,0,0,0,0,0,0,0,0,0,0,0,0,0,0,0,0,304,0,2334,67116,0,0,0,66874,0,0,0,22,304,764,0,0,0,0,241,0,0,0,0,2638,_history_tree_11_updates,1992,0,0,0,0,0,0,4973,2638,0,0,0,7611,0,0,0,0,0,2334,0,0,0,0,0,0,0
38,10018649925317144938,0,0,0,0,0,0,0,0,0,0,0,0,0,0,0,0,0,0,0,0,0,0,1096,0,3,9506,0,0,0,9485,0,0,0,21,2640,0,0,0,0,0,21,0,0,0,0,2643,_history_tree_10_removes,3098,0,0,0,0,0,0,2646,2643,0,0,0,5289,0,0,0,0,0,3,0,0,0,0,0,0,0
38,10018649925317144938,0,0,0,0,0,0,0,0,0,0,0,0,0,0,0,0,0,0,0,0,0,0,345,0,2354,67999,0,0,0,67752,0,0,0,20,345,779,0,0,0,0,243,0,0,0,0,2698,_history_tree_10_updates,2039,0,0,0,0,0,0,5052,2698,0,0,0,7750,0,0,0,0,0,2353,0,0,0,0,0,0,0
38,10018649925317144938,0,0,0,0,0,0,0,0,0,0,0,0,0,0,0,0,0,0,0,0,0,0,1035,0,5,9333,0,0,0,9318,0,0,0,19,2620,3,0,0,0,0,15,0,0,0,0,2625,_history_tree_9_removes,3075,0,0,0,0,0,0,2630,2625,0,0,0,5255,0,0,0,0,0,5,0,0,0,0,0,0,0
38,10018649925317144938,0,0,0,0,0,0,0,0,0,0,0,0,0,0,0,0,0,0,0,0,0,0,361,0,2347,67571,0,0,0,67358,0,0,0,18,361,785,0,0,0,0,212,0,0,0,0,2672,_history_tree_9_updates,2039,0,0,0,0,0,0,5053,2672,0,0,0,7725,0,0,0,0,0,2346,0,0,0,0,0,0,0
38,10018649925317144938,0,0,0,0,0,0,0,0,0,0,0,0,0,0,0,0,0,0,0,0,0,0,1052,0,4,9256,0,0,0,9242,0,0,0,17,2545,1,0,0,0,0,14,0,0,0,0,2549,_history_tree_8_removes,3000,0,0,0,0,0,0,2553,2549,0,0,0,5100,0,0,0,0,0,4,0,0,0,0,0,0,0
38,10018649925317144938,0,0,0,0,0,0,0,0,0,0,0,0,0,0,0,0,0,0,0,0,0,0,351,0,2346,67440,0,0,0,67196,0,0,0,16,351,819,0,0,0,0,244,0,0,0,0,2692,_history_tree_8_updates,1995,0,0,0,0,0,0,5044,2692,0,0,0,7736,0,0,0,0,0,2347,0,0,0,0,0,0,0
38,10018649925317144938,0,0,0,0,0,0,0,0,0,0,0,0,0,0,0,0,0,0,0,0,0,0,1016,0,8,9326,0,0,0,9314,0,0,0,15,2562,5,0,0,0,0,12,0,0,0,0,2569,_history_tree_7_removes,3050,0,0,0,0,0,0,2577,2569,0,0,0,5146,0,0,0,0,0,8,0,0,0,0,0,0,0
38,10018649925317144938,0,0,0,0,0,0,0,0,0,0,0,0,0,0,0,0,0,0,0,0,0,0,349,0,2390,68651,0,0,0,68438,0,0,0,14,349,862,0,0,0,0,213,0,0,0,0,2659,_history_tree_7_updates,2009,0,0,0,0,0,0,5127,2659,0,0,0,7786,0,0,0,0,0,2389,0,0,0,0,0,0,0
38,10018649925317144938,0,0,0,0,0,0,0,0,0,0,0,0,0,0,0,0,0,0,0,0,0,0,996,0,6,8949,0,0,0,8934,0,0,0,13,2622,4,0,0,0,0,15,0,0,0,0,2628,_history_tree_6_removes,3048,0,0,0,0,0,0,2634,2628,0,0,0,5262,0,0,0,0,0,6,0,0,0,0,0,0,0
38,10018649925317144938,0,0,0,0,0,0,0,0,0,0,0,0,0,21369999,21986037,0,0,0,0,0,0,0,353,0,2355,67857,0,0,0,67631,0,0,0,0,353,815,0,0,0,0,223,0,0,0,0,2686,_history_tree_0_updates,2026,0,1482927,0,0,0,0,5058,2686,0,0,0,7744,0,0,0,0,0,2351,0,0,0,0,700446,0,0
38,10018649925317144938,0,0,0,0,0,0,0,0,0,0,0,0,0,0,0,0,0,0,0,0,0,0,1045,0,4,9418,0,0,0,9402,0,0,0,1,2567,1,0,0,0,0,16,0,0,0,0,2572,_history_tree_0_removes,3047,0,0,0,0,0,0,2576,2572,0,0,0,5148,0,0,0,0,0,4,0,0,0,0,0,0,0
38,10018649925317144938,0,0,0,0,0,0,0,0,0,0,0,0,0,0,0,0,0,0,0,0,0,0,372,0,2363,67607,0,0,0,67386,0,0,0,2,372,791,0,0,0,0,222,0,0,0,0,2735,_history_tree_1_updates,2072,0,0,0,0,0,0,5099,2735,0,0,0,7834,0,0,0,0,0,2363,0,0,0,0,0,0,0
38,10018649925317144938,0,0,0,0,0,0,0,0,0,0,0,0,0,0,0,0,0,0,0,0,0,0,964,0,4,9036,0,0,0,9024,0,0,0,3,2605,0,0,0,0,0,12,0,0,0,0,2609,_history_tree_1_removes,3071,0,0,0,0,0,0,2613,2609,0,0,0,5222,0,0,0,0,0,4,0,0,0,0,0,0,0
38,10018649925317144938,0,0,0,0,0,0,0,0,0,0,0,0,0,0,0,0,0,0,0,0,0,0,323,0,2349,67383,0,0,0,67167,0,0,0,4,323,777,0,0,0,0,216,0,0,0,0,2659,_history_tree_2_updates,1994,0,0,0,0,0,0,5022,2659,0,0,0,7681,0,0,0,0,0,2350,0,0,0,0,0,0,0
38,10018649925317144938,0,0,0,0,0,0,0,0,0,0,0,0,0,0,0,0,0,0,0,0,0,0,1023,0,4,9203,0,0,0,9184,0,0,0,5,2639,1,0,0,0,0,19,0,0,0,0,2643,_history_tree_2_removes,3061,0,0,0,0,0,0,2647,2643,0,0,0,5290,0,0,0,0,0,4,0,0,0,0,0,0,0
38,10018649925317144938,0,0,0,0,0,0,0,0,0,0,0,0,0,0,0,0,0,0,0,0,0,0,415,0,2347,67813,0,0,0,67626,0,0,0,6,415,807,0,0,0,0,186,0,0,0,0,2710,_history_tree_3_updates,2087,0,0,0,0,0,0,5109,2711,0,0,0,7820,0,0,0,0,0,2347,0,0,0,0,0,0,0
38,10018649925317144938,0,0,0,0,0,0,0,0,0,0,0,0,0,0,0,0,0,0,0,0,0,0,1064,0,5,9400,0,0,0,9387,0,0,0,7,2579,3,0,0,0,0,13,0,0,0,0,2584,_history_tree_3_removes,3062,0,0,0,0,0,0,2589,2584,0,0,0,5173,0,0,0,0,0,5,0,0,0,0,0,0,0
38,10018649925317144938,0,0,0,0,0,0,0,0,0,0,0,0,0,0,0,0,0,0,0,0,0,0,339,0,2367,68171,0,0,0,67946,0,0,0,8,339,837,0,0,0,0,220,0,0,0,0,2703,_history_tree_4_updates,1980,0,0,0,0,0,0,5070,2703,0,0,0,7773,0,0,0,0,0,2364,0,0,0,0,0,0,0
38,10018649925317144938,0,0,0,0,0,0,0,0,0,0,0,0,0,0,0,0,0,0,0,0,0,0,1055,0,4,9488,0,0,0,9465,0,0,0,9,2569,0,0,0,0,0,22,0,0,0,0,2573,_history_tree_4_removes,3022,0,0,0,0,0,0,2577,2573,0,0,0,5150,0,0,0,0,0,4,0,0,0,0,0,0,0
38,10018649925317144938,0,0,0,0,0,0,0,0,0,0,0,0,0,0,0,0,0,0,0,0,0,0,341,0,2356,67695,0,0,0,67457,0,0,0,10,341,785,0,0,0,0,238,0,0,0,0,2696,_history_tree_5_updates,2050,0,0,0,0,0,0,5052,2696,0,0,0,7748,0,0,0,0,0,2355,0,0,0,0,0,0,0
38,10018649925317144938,0,0,0,0,0,0,0,0,0,0,0,0,0,0,0,0,0,0,0,0,0,0,1058,0,3,9308,0,0,0,9297,0,0,0,11,2664,1,0,0,0,0,11,0,0,0,0,2666,_history_tree_5_removes,3132,0,0,0,0,0,0,2669,2666,0,0,0,5335,0,0,0,0,0,3,0,0,0,0,0,0,0
38,10018649925317144938,0,0,0,0,0,0,0,0,0,0,0,0,0,0,0,0,0,0,0,0,0,0,357,0,2302,65913,0,0,0,65710,0,0,0,12,357,767,0,0,0,0,200,0,0,0,0,2602,_history_tree_6_updates,1996,0,0,0,0,0,0,4962,2602,0,0,0,7564,0,0,0,0,0,2302,0,0,0,0,0,0,0
38,10018649925317144938,0,0,0,0,0,0,0,0,0,0,0,0,0,0,0,0,0,0,0,0,0,0,1024,0,5,9233,0,0,0,9219,0,0,0,29,2695,2,0,0,0,0,14,0,0,0,0,2699,_history_tree_14_removes,3135,0,0,0,0,0,0,2704,2699,0,0,0,5403,0,0,0,0,0,5,0,0,0,0,0,0,0
38,10018649925317144938,0,0,0,0,0,0,0,0,0,0,0,0,0,0,0,0,0,0,0,0,0,0,335,0,2360,68045,0,0,0,67849,0,0,0,30,335,800,0,0,0,0,195,0,0,0,0,2696,_history_tree_15_updates,2017,0,0,0,0,0,0,5056,2696,0,0,0,7752,0,0,0,0,0,2361,0,0,0,0,0,0,0
38,10018649925317144938,0,0,0,0,0,0,0,0,0,0,0,0,0,0,0,0,0,0,0,0,0,0,1074,0,5,9490,0,0,0,9469,0,0,0,31,2589,1,0,0,0,0,20,0,0,0,0,2594,_history_tree_15_removes,3055,0,0,0,0,0,0,2599,2594,0,0,0,5193,0,0,0,0,0,5,0,0,0,0,0,0,0
38,10018649925317144938,0,0,0,0,0,0,0,0,0,0,0,0,0,0,0,0,0,0,0,0,0,0,341,0,2360,67834,0,0,0,67638,0,0,0,32,341,811,0,0,0,0,195,0,0,0,0,2704,_history_tree_16_updates,2005,0,0,0,0,0,0,5061,2701,0,0,0,7762,0,0,0,0,0,2360,0,0,0,0,0,0,0
38,10018649925317144938,0,0,0,0,0,0,0,0,0,0,0,0,0,0,0,0,0,0,0,0,0,0,1030,0,6,9238,0,0,0,9229,0,0,0,33,2581,2,0,0,0,0,9,0,0,0,0,2587,_history_tree_16_removes,3022,0,0,0,0,0,0,2593,2587,0,0,0,5180,0,0,0,0,0,6,0,0,0,0,0,0,0
38,10018649925317144938,0,0,0,0,0,0,0,0,0,0,0,0,0,0,0,0,0,0,0,0,0,0,392,0,2363,143782,0,0,0,71692,0,0,0,34,10443,2754,0,0,0,0,199,0,0,0,0,6256,_history_tree_17_updates,3928,0,0,0,0,0,0,15168,12512,0,0,0,21424,0,0,0,0,0,2362,0,0,0,0,0,0,0
38,10018649925317144938,0,0,0,0,0,0,0,0,0,0,0,0,0,0,0,0,0,0,0,0,0,0,842,0,20,9051,0,0,0,9037,0,0,0,35,2416,14,0,0,0,0,14,0,0,0,0,2435,_history_tree_17_removes,2853,0,0,0,0,0,0,2455,2435,0,0,0,4890,0,0,0,0,0,20,0,0,0,0,0,0,0
38,10018649925317144938,0,0,0,0,0,0,0,0,0,0,0,0,0,0,0,0,0,0,0,0,0,0,316,0,2355,67363,0,0,0,67174,0,0,0,36,316,754,0,0,0,0,187,0,0,0,0,2670,_history_tree_18_updates,2030,0,0,0,0,0,0,5024,2670,0,0,0,7694,0,0,0,0,0,2354,0,0,0,0,0,0,0
38,10018649925317144938,0,0,0,0,0,0,0,0,0,0,0,0,0,0,0,0,0,0,0,0,0,0,1021,0,4,9120,0,0,0,9114,0,0,0,37,2718,0,0,0,0,0,5,0,0,0,0,2722,_history_tree_18_removes,3141,0,0,0,0,0,0,2726,2722,0,0,0,5448,0,0,0,0,0,4,0,0,0,0,0,0,0
38,10018649925317144938,0,0,0,0,0,0,0,0,0,0,0,0,0,0,0,0,0,0,0,0,0,0,359,0,2371,67999,0,0,0,67768,0,0,0,38,359,822,0,0,0,0,231,0,0,0,0,2704,_history_tree_19_updates,2043,0,0,0,0,0,0,5102,2704,0,0,0,7806,0,0,0,0,0,2372,0,0,0,0,0,0,0
38,10018649925317144938,0,0,0,0,0,0,0,0,0,0,0,0,0,0,0,0,0,0,0,0,0,0,1008,0,7,9172,0,0,0,9159,0,0,0,39,2606,4,0,0,0,0,13,0,0,0,0,2613,_history_tree_19_removes,3085,0,0,0,0,0,0,2620,2613,0,0,0,5233,0,0,0,0,0,7,0,0,0,0,0,0,0
38,10018649925317144938,48920,0,0,0,0,0,45172,0,0,0,0,0,0,0,0,0,0,0,0,0,0,0,0,0,0,293151,0,0,0,96157,0,0,0,40,0,0,0,0,0,0,2156,0,0,94090,0,0,warehouse,0,0,0,0,0,0,0,0,0,0,0,0,0,194371,0,0,194375,0,0,0,0,0,94093,0,0,0
38,10018649925317144938,0,0,0,0,0,0,0,0,0,0,0,0,0,0,0,0,0,0,0,0,0,0,0,0,0,0,0,0,0,0,0,0,0,41,0,0,0,0,0,0,0,0,0,0,0,0,_warehouse_graveyard,0,0,0,0,0,0,0,0,0,0,0,0,0,0,0,0,0,0,0,0,0,0,0,0,0,0
38,10018649925317144938,96652,0,0,0,0,0,94618,0,0,0,0,0,0,0,0,0,0,0,0,0,0,0,0,0,0,297543,0,0,0,193459,0,0,0,42,0,0,0,0,0,0,1060,0,0,191277,0,0,district,0,0,0,0,0,0,0,0,0,0,0,0,0,102942,0,0,102939,0,0,0,0,0,191267,0,0,0
38,10018649925317144938,0,0,0,0,0,0,0,0,0,0,0,0,0,0,0,0,0,0,0,0,0,0,0,0,0,0,0,0,0,0,0,0,0,43,0,0,0,0,0,0,0,0,0,0,0,0,_district_graveyard,0,0,0,0,0,0,0,0,0,0,0,0,0,0,0,0,0,0,0,0,0,0,0,0,0,0
38,10018649925317144938,63132,0,0,0,0,0,59887,0,0,0,0,0,0,0,0,0,0,0,0,0,0,0,0,0,0,788348,0,0,0,123056,0,0,0,44,0,0,0,0,0,0,9,0,0,123021,0,0,customer,0,0,0,0,0,0,0,0,0,0,0,0,0,139720,0,0,139722,0,0,0,0,0,123017,0,0,0
38,10018649925317144938,0,0,0,0,0,0,0,0,0,0,0,0,0,0,0,0,0,0,0,0,0,0,0,0,0,0,0,0,0,0,0,0,0,45,0,0,0,0,0,0,0,0,0,0,0,0,_customer_graveyard,0,0,0,0,0,0,0,0,0,0,0,0,0,0,0,0,0,0,0,0,0,0,0,0,0,0
38,10018649925317144938,0,0,0,0,0,0,0,0,0,0,0,0,0,0,0,0,0,0,0,0,0,0,0,0,0,184359,0,0,0,0,0,0,0,46,0,0,0,0,0,0,61453,0,0,0,0,0,customerwdl,0,0,0,0,0,0,0,0,0,0,0,61452,0,61452,0,0,61452,0,0,0,0,0,0,0,0,0
38,10018649925317144938,0,0,0,0,0,0,0,0,0,0,0,0,0,0,0,0,0,0,0,0,0,0,0,0,0,0,0,0,0,0,0,0,0,47,0,0,0,0,0,0,0,0,0,0,0,0,_customerwdl_graveyard,0,0,0,0,0,0,0,0,0,0,0,0,0,0,0,0,0,0,0,0,0,0,0,0,0,0
38,10018649925317144938,0,0,0,0,0,0,0,0,0,0,0,0,0,0,0,0,0,0,0,0,0,0,0,0,2206,117786,0,0,0,39260,0,0,0,48,0,0,0,0,0,0,0,0,0,0,0,0,history,0,0,0,0,0,0,0,2233,0,0,0,0,2233,0,0,0,0,0,0,0,0,0,0,0,0,0
38,10018649925317144938,0,0,0,0,0,0,0,0,0,0,0,0,0,0,0,0,0,0,0,0,0,0,0,0,0,0,0,0,0,0,0,0,0,49,0,0,0,0,0,0,0,0,0,0,0,0,_history_graveyard,0,0,0,0,0,0,0,0,0,0,0,0,0,0,0,0,0,0,0,0,0,0,0,0,0,0
38,10018649925317144938,42990,85979,0,85976,0,0,42925,0,0,0,0,0,0,0,0,0,0,0,0,0,0,0,57401,0,2063,1147020,0,0,0,272539,0,9299,0,50,19,0,0,0,0,0,109783,0,0,0,0,0,neworder,90280,9299,0,0,0,0,0,3920,0,0,0,86182,3920,95483,0,0,95483,0,1836,0,0,0,0,0,0,0
38,10018649925317144938,0,0,0,0,0,0,0,0,0,0,0,0,0,0,0,0,0,0,0,0,0,0,0,0,0,0,0,0,0,0,0,0,0,51,0,0,0,0,0,0,0,0,0,0,0,0,_neworder_graveyard,0,0,0,0,0,0,0,0,0,0,0,0,0,0,0,0,0,0,0,0,0,0,0,0,0,0
38,10018649925317144938,43331,0,0,0,0,0,42574,0,0,0,0,0,0,0,0,0,0,0,0,0,0,0,0,0,4276,833677,0,0,0,188501,0,0,0,52,0,0,0,0,0,0,0,0,0,85903,0,0,order,0,0,0,0,0,0,0,4283,0,0,0,0,4283,89394,0,0,89392,0,0,0,0,0,85900,0,0,0
38,10018649925317144938,0,0,0,0,0,0,0,0,0,0,0,0,0,0,0,0,0,0,0,0,0,0,0,0,0,0,0,0,0,0,0,0,0,53,0,0,0,0,0,0,0,0,0,0,0,0,_order_graveyard,0,0,0,0,0,0,0,0,0,0,0,0,0,0,0,0,0,0,0,0,0,0,0,0,0,0
38,10018649925317144938,0,0,0,0,0,0,0,0,0,0,0,0,0,0,0,0,3491,0,0,0,0,0,0,0,1350,309414,0,0,0,99642,0,0,0,54,0,0,0,0,0,0,3492,0,0,0,0,0,order_wdc,0,0,0,0,0,0,0,1397,0,0,0,0,1397,3492,0,0,3492,0,0,0,0,0,0,0,0,0
38,10018649925317144938,0,0,0,0,0,0,0,0,0,0,0,0,0,0,0,0,0,0,0,0,0,0,0,0,0,0,0,0,0,0,0,0,0,55,0,0,0,0,0,0,0,0,0,0,0,0,_order_wdc_graveyard,0,0,0,0,0,0,0,0,0,0,0,0,0,0,0,0,0,0,0,0,0,0,0,0,0,0
38,10018649925317144938,434618,0,0,0,0,0,424736,0,0,0,0,0,0,0,0,0,0,0,0,0,0,0,99078,0,58391,7638111,0,0,0,1897126,0,1127,0,56,0,0,0,0,0,0,12406,0,0,859426,0,0,orderline,1801225,1127,0,0,0,0,0,59214,0,0,0,12330,59215,1813486,0,0,1813470,0,0,0,0,0,859478,0,0,0
38,10018649925317144938,0,0,0,0,0,0,0,0,0,0,0,0,0,0,0,0,0,0,0,0,0,0,0,0,0,0,0,0,0,0,0,0,0,57,0,0,0,0,0,0,0,0,0,0,0,0,_orderline_graveyard,0,0,0,0,0,0,0,0,0,0,0,0,0,0,0,0,0,0,0,0,0,0,0,0,0,0
38,10018649925317144938,0,0,0,0,0,0,0,0,0,0,0,0,0,0,0,0,0,0,0,0,0,0,0,0,0,1957854,0,0,0,0,0,0,0,58,0,0,0,0,0,0,0,0,0,0,0,0,item,0,0,0,0,0,0,0,0,0,0,0,0,0,978947,0,0,978953,0,0,0,0,0,0,0,0,0
39,10018649925317144938,0,0,0,0,0,0,0,0,0,0,0,0,0,0,0,0,0,0,0,0,0,0,0,0,0,0,0,0,0,0,0,0,0,61,0,0,0,0,0,0,0,0,0,0,0,0,_stock_graveyard,0,0,0,0,0,0,0,0,0,0,0,0,0,0,0,0,0,0,0,0,0,0,0,0,0,0
39,10018649925317144938,507839,0,0,0,0,0,496127,0,0,0,0,0,0,0,0,0,0,0,0,0,0,0,0,0,0,15195659,0,0,0,1005031,0,0,0,60,0,0,0,0,0,0,1101,0,0,1003885,0,0,stock,0,0,0,0,0,0,0,0,0,0,0,0,0,2792562,0,0,2792536,0,0,0,0,0,1003843,0,0,0
39,10018649925317144938,0,0,0,0,0,0,0,0,0,0,0,0,0,0,0,0,0,0,0,0,0,0,0,0,0,0,0,0,0,0,0,0,0,59,0,0,0,0,0,0,0,0,0,0,0,0,_item_graveyard,0,0,0,0,0,0,0,0,0,0,0,0,0,0,0,0,0,0,0,0,0,0,0,0,0,0
39,10018649925317144938,0,0,0,0,0,0,0,0,0,0,0,0,0,0,0,0,0,0,0,0,0,0,322,0,2366,67642,0,0,0,67430,0,0,0,28,322,789,0,0,0,0,211,0,0,0,0,2673,_history_tree_14_updates,2034,0,0,0,0,0,0,5053,2673,0,0,0,7726,0,0,0,0,0,2365,0,0,0,0,0,0,0
39,10018649925317144938,0,0,0,0,0,0,0,0,0,0,0,0,0,0,0,0,0,0,0,0,0,0,1036,0,7,9397,0,0,0,9377,0,0,0,27,2593,3,0,0,0,0,20,0,0,0,0,2599,_history_tree_13_removes,3066,0,0,0,0,0,0,2606,2599,0,0,0,5205,0,0,0,0,0,6,0,0,0,0,0,0,0
39,10018649925317144938,0,0,0,0,0,0,0,0,0,0,0,0,0,0,0,0,0,0,0,0,0,0,366,0,2410,69246,0,0,0,69057,0,0,0,26,366,837,0,0,0,0,188,0,0,0,0,2716,_history_tree_13_updates,2032,0,0,0,0,0,0,5152,2716,0,0,0,7868,0,0,0,0,0,2376,0,0,0,0,0,0,0
39,10018649925317144938,0,0,0,0,0,0,0,0,0,0,0,0,0,0,0,0,0,0,0,0,0,0,994,0,5,9226,0,0,0,9205,0,0,0,25,2573,1,0,0,0,0,21,0,0,0,0,2578,_history_tree_12_removes,2998,0,0,0,0,0,0,2583,2578,0,0,0,5159,0,0,0,0,0,5,0,0,0,0,0,0,0
39,10018649925317144938,0,0,0,0,0,0,0,0,0,0,0,0,0,0,0,0,0,0,0,0,0,0,377,0,2397,68690,0,0,0,68472,0,0,0,24,377,816,0,0,0,0,217,0,0,0,0,2714,_history_tree_12_updates,2029,0,0,0,0,0,0,5133,2714,0,0,0,7847,0,0,0,0,0,2359,0,0,0,0,0,0,0
39,10018649925317144938,0,0,0,0,0,0,0,0,0,0,0,0,0,0,0,0,0,0,0,0,0,0,948,0,7,8733,0,0,0,8724,0,0,0,23,2612,2,0,0,0,0,9,0,0,0,0,2617,_history_tree_11_removes,3047,0,0,0,0,0,0,2624,2617,0,0,0,5241,0,0,0,0,0,5,0,0,0,0,0,0,0
39,10018649925317144938,0,0,0,0,0,0,0,0,0,0,0,0,0,0,0,0,0,0,0,0,0,0,363,0,2386,67669,0,0,0,67442,0,0,0,22,363,770,0,0,0,0,226,0,0,0,0,2669,_history_tree_11_updates,2050,0,0,0,0,0,0,5083,2669,0,0,0,7752,0,0,0,0,0,2335,0,0,0,0,0,0,0
39,10018649925317144938,0,0,0,0,0,0,0,0,0,0,0,0,0,0,0,0,0,0,0,0,0,0,1019,0,8,9416,0,0,0,9401,0,0,0,21,2591,4,0,0,0,0,15,0,0,0,0,2598,_history_tree_10_removes,3051,0,0,0,0,0,0,2606,2598,0,0,0,5204,0,0,0,0,0,7,0,0,0,0,0,0,0
39,10018649925317144938,0,0,0,0,0,0,0,0,0,0,0,0,0,0,0,0,0,0,0,0,0,0,363,0,2413,69268,0,0,0,69057,0,0,0,20,363,820,0,0,0,0,211,0,0,0,0,2706,_history_tree_10_updates,2044,0,0,0,0,0,0,5153,2706,0,0,0,7859,0,0,0,0,0,2377,0,0,0,0,0,0,0
39,10018649925317144938,0,0,0,0,0,0,0,0,0,0,0,0,0,0,0,0,0,0,0,0,0,0,1014,0,6,9366,0,0,0,9352,0,0,0,19,2638,1,0,0,0,0,14,0,0,0,0,2643,_history_tree_9_removes,3086,0,0,0,0,0,0,2649,2643,0,0,0,5292,0,0,0,0,0,5,0,0,0,0,0,0,0
39,10018649925317144938,0,0,0,0,0,0,0,0,0,0,0,0,0,0,0,0,0,0,0,0,0,0,340,0,2406,68970,0,0,0,68741,0,0,0,18,340,807,0,0,0,0,228,0,0,0,0,2689,_history_tree_9_updates,2014,0,0,0,0,0,0,5112,2689,0,0,0,7801,0,0,0,0,0,2366,0,0,0,0,0,0,0
39,10018649925317144938,0,0,0,0,0,0,0,0,0,0,0,0,0,0,0,0,0,0,0,0,0,0,1007,0,7,9311,0,0,0,9293,0,0,0,17,2667,3,0,0,0,0,18,0,0,0,0,2673,_history_tree_8_removes,3125,0,0,0,0,0,0,2680,2673,0,0,0,5353,0,0,0,0,0,6,0,0,0,0,0,0,0
39,10018649925317144938,0,0,0,0,0,0,0,0,0,0,0,0,0,0,0,0,0,0,0,0,0,0,350,0,2400,68700,0,0,0,68519,0,0,0,16,350,776,0,0,0,0,181,0,0,0,0,2693,_history_tree_8_updates,2073,0,0,0,0,0,0,5119,2693,0,0,0,7812,0,0,0,0,0,2369,0,0,0,0,0,0,0
39,10018649925317144938,0,0,0,0,0,0,0,0,0,0,0,0,0,0,0,0,0,0,0,0,0,0,961,0,6,8917,0,0,0,8899,0,0,0,15,2635,1,0,0,0,0,18,0,0,0,0,2641,_history_tree_7_removes,3080,0,0,0,0,0,0,2647,2641,0,0,0,5288,0,0,0,0,0,6,0,0,0,0,0,0,0
39,10018649925317144938,0,0,0,0,0,0,0,0,0,0,0,0,0,0,0,0,0,0,0,0,0,0,327,0,2341,66754,0,0,0,66527,0,0,0,14,327,801,0,0,0,0,226,0,0,0,0,2628,_history_tree_7_updates,1971,0,0,0,0,0,0,4991,2628,0,0,0,7619,0,0,0,0,0,2323,0,0,0,0,0,0,0
39,10018649925317144938,0,0,0,0,0,0,0,0,0,0,0,0,0,0,0,0,0,0,0,0,0,0,1014,0,9,9474,0,0,0,9458,0,0,0,13,2644,4,0,0,0,0,16,0,0,0,0,2651,_history_tree_6_removes,3098,0,0,0,0,0,0,2660,2651,0,0,0,5311,0,0,0,0,0,7,0,0,0,0,0,0,0
39,10018649925317144938,0,0,0,0,0,0,0,0,0,0,0,0,0,21653502,22347608,0,0,0,0,0,0,0,403,0,2388,68060,0,0,0,67852,0,0,0,0,403,828,0,0,0,0,208,0,0,0,0,2699,_history_tree_0_updates,2044,0,1503047,0,0,0,0,5131,2699,0,0,0,7830,0,0,0,0,0,2340,0,0,0,0,700083,0,0
39,10018649925317144938,0,0,0,0,0,0,0,0,0,0,0,0,0,0,0,0,0,0,0,0,0,0,956,0,8,8885,0,0,0,8867,0,0,0,1,2555,1,0,0,0,0,18,0,0,0,0,2560,_history_tree_0_removes,3007,0,0,0,0,0,0,2568,2560,0,0,0,5128,0,0,0,0,0,6,0,0,0,0,0,0,0
39,10018649925317144938,0,0,0,0,0,0,0,0,0,0,0,0,0,0,0,0,0,0,0,0,0,0,344,0,2370,67779,0,0,0,67568,0,0,0,2,344,796,0,0,0,0,209,0,0,0,0,2676,_history_tree_1_updates,1997,0,0,0,0,0,0,5060,2676,0,0,0,7736,0,0,0,0,0,2347,0,0,0,0,0,0,0
39,10018649925317144938,0,0,0,0,0,0,0,0,0,0,0,0,0,0,0,0,0,0,0,0,0,0,1003,0,7,9066,0,0,0,9056,0,0,0,3,2626,1,0,0,0,0,10,0,0,0,0,2632,_history_tree_1_removes,3061,0,0,0,0,0,0,2639,2632,0,0,0,5271,0,0,0,0,0,6,0,0,0,0,0,0,0
39,10018649925317144938,0,0,0,0,0,0,0,0,0,0,0,0,0,0,0,0,0,0,0,0,0,0,327,0,2387,68316,0,0,0,68098,0,0,0,4,327,766,0,0,0,0,216,0,0,0,0,2679,_history_tree_2_updates,2049,0,0,0,0,0,0,5069,2679,0,0,0,7747,0,0,0,0,0,2355,0,0,0,0,0,0,0
39,10018649925317144938,0,0,0,0,0,0,0,0,0,0,0,0,0,0,0,0,0,0,0,0,0,0,1004,0,5,9192,0,0,0,9171,0,0,0,5,2681,0,0,0,0,0,21,0,0,0,0,2685,_history_tree_2_removes,3152,0,0,0,0,0,0,2690,2685,0,0,0,5375,0,0,0,0,0,4,0,0,0,0,0,0,0
39,10018649925317144938,0,0,0,0,0,0,0,0,0,0,0,0,0,0,0,0,0,0,0,0,0,0,326,0,2420,69519,0,0,0,69297,0,0,0,6,326,840,0,0,0,0,221,0,0,0,0,2667,_history_tree_3_updates,1986,0,0,0,0,0,0,5129,2666,0,0,0,7795,0,0,0,0,0,2383,0,0,0,0,0,0,0
39,10018649925317144938,0,0,0,0,0,0,0,0,0,0,0,0,0,0,0,0,0,0,0,0,0,0,1027,0,8,9532,0,0,0,9515,0,0,0,7,2564,3,0,0,0,0,17,0,0,0,0,2571,_history_tree_3_removes,2997,0,0,0,0,0,0,2579,2571,0,0,0,5150,0,0,0,0,0,7,0,0,0,0,0,0,0
39,10018649925317144938,0,0,0,0,0,0,0,0,0,0,0,0,0,0,0,0,0,0,0,0,0,0,339,0,2382,68180,0,0,0,67980,0,0,0,8,339,807,0,0,0,0,200,0,0,0,0,2696,_history_tree_4_updates,2016,0,0,0,0,0,0,5082,2696,0,0,0,7778,0,0,0,0,0,2361,0,0,0,0,0,0,0
39,10018649925317144938,0,0,0,0,0,0,0,0,0,0,0,0,0,0,0,0,0,0,0,0,0,0,1004,0,8,9235,0,0,0,9226,0,0,0,9,2568,2,0,0,0,0,9,0,0,0,0,2575,_history_tree_4_removes,3019,0,0,0,0,0,0,2583,2575,0,0,0,5158,0,0,0,0,0,7,0,0,0,0,0,0,0
39,10018649925317144938,0,0,0,0,0,0,0,0,0,0,0,0,0,0,0,0,0,0,0,0,0,0,306,0,2378,68223,0,0,0,68031,0,0,0,10,306,794,0,0,0,0,191,0,0,0,0,2676,_history_tree_5_updates,2008,0,0,0,0,0,0,5055,2676,0,0,0,7731,0,0,0,0,0,2371,0,0,0,0,0,0,0
39,10018649925317144938,0,0,0,0,0,0,0,0,0,0,0,0,0,0,0,0,0,0,0,0,0,0,1011,0,6,9288,0,0,0,9272,0,0,0,11,2645,2,0,0,0,0,16,0,0,0,0,2651,_history_tree_5_removes,3108,0,0,0,0,0,0,2657,2651,0,0,0,5308,0,0,0,0,0,6,0,0,0,0,0,0,0
39,10018649925317144938,0,0,0,0,0,0,0,0,0,0,0,0,0,0,0,0,0,0,0,0,0,0,333,0,2438,69802,0,0,0,69583,0,0,0,12,333,806,0,0,0,0,217,0,0,0,0,2628,_history_tree_6_updates,2029,0,0,0,0,0,0,5140,2628,0,0,0,7768,0,0,0,0,0,2370,0,0,0,0,0,0,0
39,10018649925317144938,0,0,0,0,0,0,0,0,0,0,0,0,0,0,0,0,0,0,0,0,0,0,1017,0,5,9090,0,0,0,9071,0,0,0,29,2643,1,0,0,0,0,19,0,0,0,0,2648,_history_tree_14_removes,3109,0,0,0,0,0,0,2653,2648,0,0,0,5301,0,0,0,0,0,5,0,0,0,0,0,0,0
39,10018649925317144938,0,0,0,0,0,0,0,0,0,0,0,0,0,0,0,0,0,0,0,0,0,0,363,0,2388,68394,0,0,0,68148,0,0,0,30,363,828,0,0,0,0,245,0,0,0,0,2679,_history_tree_15_updates,2035,0,0,0,0,0,0,5100,2679,0,0,0,7779,0,0,0,0,0,2349,0,0,0,0,0,0,0
39,10018649925317144938,0,0,0,0,0,0,0,0,0,0,0,0,0,0,0,0,0,0,0,0,0,0,1005,0,8,9189,0,0,0,9171,0,0,0,31,2595,3,0,0,0,0,18,0,0,0,0,2602,_history_tree_15_removes,3085,0,0,0,0,0,0,2610,2602,0,0,0,5212,0,0,0,0,0,7,0,0,0,0,0,0,0
39,10018649925317144938,0,0,0,0,0,0,0,0,0,0,0,0,0,0,0,0,0,0,0,0,0,0,337,0,2389,68874,0,0,0,68660,0,0,0,32,337,838,0,0,0,0,214,0,0,0,0,2686,_history_tree_16_updates,2006,0,0,0,0,0,0,5088,2686,0,0,0,7774,0,0,0,0,0,2362,0,0,0,0,0,0,0
39,10018649925317144938,0,0,0,0,0,0,0,0,0,0,0,0,0,0,0,0,0,0,0,0,0,0,1085,0,5,9562,0,0,0,9543,0,0,0,33,2578,1,0,0,0,0,19,0,0,0,0,2582,_history_tree_16_removes,3059,0,0,0,0,0,0,2587,2582,0,0,0,5169,0,0,0,0,0,4,0,0,0,0,0,0,0
39,10018649925317144938,0,0,0,0,0,0,0,0,0,0,0,0,0,0,0,0,0,0,0,0,0,0,337,0,2379,145254,0,0,0,72398,0,0,0,34,10591,2636,0,0,0,0,229,0,0,0,0,6338,_history_tree_17_updates,4045,0,0,0,0,0,0,15269,12676,0,0,0,21607,0,0,0,0,0,2299,0,0,0,0,0,0,0
39,10018649925317144938,0,0,0,0,0,0,0,0,0,0,0,0,0,0,0,0,0,0,0,0,0,0,868,0,17,9149,0,0,0,9136,0,0,0,35,2486,7,0,0,0,0,13,0,0,0,0,2501,_history_tree_17_removes,2903,0,0,0,0,0,0,2518,2501,0,0,0,5019,0,0,0,0,0,15,0,0,0,0,0,0,0
39,10018649925317144938,0,0,0,0,0,0,0,0,0,0,0,0,0,0,0,0,0,0,0,0,0,0,310,0,2378,68301,0,0,0,68101,0,0,0,36,310,798,0,0,0,0,200,0,0,0,0,2663,_history_tree_18_updates,1980,0,0,0,0,0,0,5054,2663,0,0,0,7717,0,0,0,0,0,2366,0,0,0,0,0,0,0
39,10018649925317144938,0,0,0,0,0,0,0,0,0,0,0,0,0,0,0,0,0,0,0,0,0,0,1073,0,5,9359,0,0,0,9344,0,0,0,37,2610,2,0,0,0,0,15,0,0,0,0,2615,_history_tree_18_removes,3057,0,0,0,0,0,0,2620,2615,0,0,0,5235,0,0,0,0,0,5,0,0,0,0,0,0,0
39,10018649925317144938,0,0,0,0,0,0,0,0,0,0,0,0,0,0,0,0,0,0,0,0,0,0,295,0,2358,67666,0,0,0,67479,0,0,0,38,295,784,0,0,0,0,187,0,0,0,0,2609,_history_tree_19_updates,1981,0,0,0,0,0,0,5007,2609,0,0,0,7616,0,0,0,0,0,2354,0,0,0,0,0,0,0
39,10018649925317144938,0,0,0,0,0,0,0,0,0,0,0,0,0,0,0,0,0,0,0,0,0,0,1032,0,4,9359,0,0,0,9342,0,0,0,39,2643,2,0,0,0,0,17,0,0,0,0,2647,_history_tree_19_removes,3073,0,0,0,0,0,0,2651,2647,0,0,0,5298,0,0,0,0,0,4,0,0,0,0,0,0,0
39,10018649925317144938,49827,0,0,0,0,0,45984,0,0,0,0,0,0,0,0,0,0,0,0,0,0,0,0,0,0,298376,0,0,0,97851,0,0,0,40,0,0,0,0,0,0,2082,0,0,95805,0,0,warehouse,0,0,0,0,0,0,0,0,0,0,0,0,0,197961,0,0,197957,0,0,0,0,0,95797,0,0,0
39,10018649925317144938,0,0,0,0,0,0,0,0,0,0,0,0,0,0,0,0,0,0,0,0,0,0,0,0,0,0,0,0,0,0,0,0,0,41,0,0,0,0,0,0,0,0,0,0,0,0,_warehouse_graveyard,0,0,0,0,0,0,0,0,0,0,0,0,0,0,0,0,0,0,0,0,0,0,0,0,0,0
39,10018649925317144938,98515,0,0,0,0,0,96295,0,0,0,0,0,0,0,0,0,0,0,0,0,0,0,0,0,1,302720,0,0,0,196966,0,0,0,42,0,0,0,0,0,0,1041,0,0,194776,0,0,district,0,0,0,0,0,0,0,1,0,0,0,0,1,104626,0,0,104625,1,0,0,0,0,194761,0,0,0
39,10018649925317144938,0,0,0,0,0,0,0,0,0,0,0,0,0,0,0,0,0,0,0,0,0,0,0,0,0,0,0,0,0,0,0,0,0,43,0,0,0,0,0,0,0,0,0,0,0,0,_district_graveyard,0,0,0,0,0,0,0,0,0,0,0,0,0,0,0,0,0,0,0,0,0,0,0,0,0,0
39,10018649925317144938,63438,0,0,0,0,0,60062,0,0,0,0,0,0,0,0,0,0,0,0,0,0,0,0,0,0,797068,0,0,0,123503,0,0,0,44,0,0,0,0,0,0,5,0,0,123495,0,0,customer,0,0,0,0,0,0,0,0,0,0,0,0,0,142169,0,0,142166,0,0,0,0,0,123492,0,0,0
39,10018649925317144938,0,0,0,0,0,0,0,0,0,0,0,0,0,0,0,0,0,0,0,0,0,0,0,0,0,0,0,0,0,0,0,0,0,45,0,0,0,0,0,0,0,0,0,0,0,0,_customer_graveyard,0,0,0,0,0,0,0,0,0,0,0,0,0,0,0,0,0,0,0,0,0,0,0,0,0,0
39,10018649925317144938,0,0,0,0,0,0,0,0,0,0,0,0,0,0,0,0,0,0,0,0,0,0,0,0,0,188016,0,0,0,0,0,0,0,46,0,0,0,0,0,0,62671,0,0,0,0,0,customerwdl,0,0,0,0,0,0,0,0,0,0,0,62671,0,62671,0,0,62671,0,0,0,0,0,0,0,0,0
39,10018649925317144938,0,0,0,0,0,0,0,0,0,0,0,0,0,0,0,0,0,0,0,0,0,0,0,0,0,0,0,0,0,0,0,0,0,47,0,0,0,0,0,0,0,0,0,0,0,0,_customerwdl_graveyard,0,0,0,0,0,0,0,0,0,0,0,0,0,0,0,0,0,0,0,0,0,0,0,0,0,0
39,10018649925317144938,0,0,0,0,0,0,0,0,0,0,0,0,0,0,0,0,0,0,0,0,0,0,0,0,2233,119409,0,0,0,39803,0,0,0,48,0,0,0,0,0,0,0,0,0,0,0,0,history,0,0,0,0,0,0,0,2258,0,0,0,0,2258,0,0,0,0,0,0,0,0,0,0,0,0,0
39,10018649925317144938,0,0,0,0,0,0,0,0,0,0,0,0,0,0,0,0,0,0,0,0,0,0,0,0,0,0,0,0,0,0,0,0,0,49,0,0,0,0,0,0,0,0,0,0,0,0,_history_graveyard,0,0,0,0,0,0,0,0,0,0,0,0,0,0,0,0,0,0,0,0,0,0,0,0,0,0
39,10018649925317144938,42988,84680,0,84680,0,0,42894,0,0,0,0,0,0,0,0,0,0,0,0,0,0,0,57466,0,2111,1148844,0,0,0,273003,0,11382,0,50,27,0,0,0,0,0,109931,0,0,0,0,0,neworder,92567,11382,0,0,0,0,0,3913,0,0,0,86192,3917,97572,0,0,97572,0,1767,0,0,0,0,0,0,0
39,10018649925317144938,0,0,0,0,0,0,0,0,0,0,0,0,0,0,0,0,0,0,0,0,0,0,0,0,0,0,0,0,0,0,0,0,0,51,0,0,0,0,0,0,0,0,0,0,0,0,_neworder_graveyard,0,0,0,0,0,0,0,0,0,0,0,0,0,0,0,0,0,0,0,0,0,0,0,0,0,0
39,10018649925317144938,43333,0,0,0,0,0,42515,0,0,0,0,0,0,0,0,0,0,0,0,0,0,0,0,0,4354,838796,0,0,0,190181,0,0,0,52,0,0,0,0,0,0,0,0,0,85841,0,0,order,0,0,0,0,0,0,0,4356,0,0,0,0,4356,89405,0,0,89404,0,0,0,0,0,85837,0,0,0
39,10018649925317144938,0,0,0,0,0,0,0,0,0,0,0,0,0,0,0,0,0,0,0,0,0,0,0,0,0,0,0,0,0,0,0,0,0,53,0,0,0,0,0,0,0,0,0,0,0,0,_order_graveyard,0,0,0,0,0,0,0,0,0,0,0,0,0,0,0,0,0,0,0,0,0,0,0,0,0,0
39,10018649925317144938,0,0,0,0,0,0,0,0,0,0,0,0,0,0,0,0,3566,0,0,0,0,0,0,0,1362,314640,0,0,0,101315,0,0,0,54,0,0,0,0,0,0,3565,0,0,0,0,0,order_wdc,0,0,0,0,0,0,0,1426,0,0,0,0,1426,3565,0,0,3565,0,0,0,0,0,0,0,0,0
39,10018649925317144938,0,0,0,0,0,0,0,0,0,0,0,0,0,0,0,0,0,0,0,0,0,0,0,0,0,0,0,0,0,0,0,0,0,55,0,0,0,0,0,0,0,0,0,0,0,0,_order_wdc_graveyard,0,0,0,0,0,0,0,0,0,0,0,0,0,0,0,0,0,0,0,0,0,0,0,0,0,0
39,10018649925317144938,433757,0,0,0,0,0,423932,0,0,0,0,0,0,0,0,0,0,0,0,0,0,0,99466,0,59322,7698062,0,0,0,1912003,0,898,0,56,0,0,0,0,0,0,12491,0,0,857586,0,0,orderline,1807646,898,0,0,0,0,0,60129,0,0,0,12420,60128,1820060,0,0,1820060,0,0,0,0,0,857505,0,0,0
39,10018649925317144938,0,0,0,0,0,0,0,0,0,0,0,0,0,0,0,0,0,0,0,0,0,0,0,0,0,0,0,0,0,0,0,0,0,57,0,0,0,0,0,0,0,0,0,0,0,0,_orderline_graveyard,0,0,0,0,0,0,0,0,0,0,0,0,0,0,0,0,0,0,0,0,0,0,0,0,0,0
39,10018649925317144938,0,0,0,0,0,0,0,0,0,0,0,0,0,0,0,0,0,0,0,0,0,0,0,0,0,1989566,0,0,0,0,0,0,0,58,0,0,0,0,0,0,0,0,0,0,0,0,item,0,0,0,0,0,0,0,0,0,0,0,0,0,994691,0,0,994675,0,0,0,0,0,0,0,0,0
40,10018649925317144938,0,0,0,0,0,0,0,0,0,0,0,0,0,0,0,0,0,0,0,0,0,0,0,0,0,0,0,0,0,0,0,0,0,61,0,0,0,0,0,0,0,0,0,0,0,0,_stock_graveyard,0,0,0,0,0,0,0,0,0,0,0,0,0,0,0,0,0,0,0,0,0,0,0,0,0,0
40,10018649925317144938,514067,0,0,0,0,0,501517,0,0,0,0,0,0,0,0,0,0,0,0,0,0,0,0,0,0,15515256,0,0,0,1016819,0,0,0,60,0,0,0,0,0,0,1095,0,0,1015594,0,0,stock,0,0,0,0,0,0,0,0,0,0,0,0,0,2860915,0,0,2860911,0,0,0,0,0,1015613,0,0,0
40,10018649925317144938,0,0,0,0,0,0,0,0,0,0,0,0,0,0,0,0,0,0,0,0,0,0,0,0,0,0,0,0,0,0,0,0,0,59,0,0,0,0,0,0,0,0,0,0,0,0,_item_graveyard,0,0,0,0,0,0,0,0,0,0,0,0,0,0,0,0,0,0,0,0,0,0,0,0,0,0
40,10018649925317144938,0,0,0,0,0,0,0,0,0,0,0,0,0,0,0,0,0,0,0,0,0,0,375,0,2389,67687,0,0,0,67493,0,0,0,28,375,714,0,0,0,0,196,0,0,0,0,2718,_history_tree_14_updates,2138,0,0,0,0,0,0,5107,2718,0,0,0,7825,0,0,0,0,0,2343,0,0,0,0,0,0,0
40,10018649925317144938,0,0,0,0,0,0,0,0,0,0,0,0,0,0,0,0,0,0,0,0,0,0,1060,0,3,9243,0,0,0,9233,0,0,0,27,2751,0,0,0,0,0,10,0,0,0,0,2754,_history_tree_13_removes,3224,0,0,0,0,0,0,2757,2754,0,0,0,5511,0,0,0,0,0,3,0,0,0,0,0,0,0
40,10018649925317144938,0,0,0,0,0,0,0,0,0,0,0,0,0,0,0,0,0,0,0,0,0,0,330,0,2401,68615,0,0,0,68423,0,0,0,26,330,776,0,0,0,0,192,0,0,0,0,2730,_history_tree_13_updates,2088,0,0,0,0,0,0,5131,2730,0,0,0,7861,0,0,0,0,0,2400,0,0,0,0,0,0,0
40,10018649925317144938,0,0,0,0,0,0,0,0,0,0,0,0,0,0,0,0,0,0,0,0,0,0,1110,0,3,9760,0,0,0,9748,0,0,0,25,2712,1,0,0,0,0,12,0,0,0,0,2715,_history_tree_12_removes,3222,0,0,0,0,0,0,2718,2715,0,0,0,5433,0,0,0,0,0,3,0,0,0,0,0,0,0
40,10018649925317144938,0,0,0,0,0,0,0,0,0,0,0,0,0,0,0,0,0,0,0,0,0,0,338,0,2425,69780,0,0,0,69569,0,0,0,24,338,842,0,0,0,0,211,0,0,0,0,2779,_history_tree_12_updates,2076,0,0,0,0,0,0,5213,2779,0,0,0,7992,0,0,0,0,0,2450,0,0,0,0,0,0,0
40,10018649925317144938,0,0,0,0,0,0,0,0,0,0,0,0,0,0,0,0,0,0,0,0,0,0,963,0,7,9161,0,0,0,9148,0,0,0,23,2652,4,0,0,0,0,13,0,0,0,0,2661,_history_tree_11_removes,3091,0,0,0,0,0,0,2668,2661,0,0,0,5329,0,0,0,0,0,9,0,0,0,0,0,0,0
40,10018649925317144938,0,0,0,0,0,0,0,0,0,0,0,0,0,0,0,0,0,0,0,0,0,0,383,0,2393,68297,0,0,0,68105,0,0,0,22,383,858,0,0,0,0,191,0,0,0,0,2757,_history_tree_11_updates,2072,0,0,0,0,0,0,5200,2757,0,0,0,7957,0,0,0,0,0,2424,0,0,0,0,0,0,0
40,10018649925317144938,0,0,0,0,0,0,0,0,0,0,0,0,0,0,0,0,0,0,0,0,0,0,1101,0,4,9629,0,0,0,9608,0,0,0,21,2670,1,0,0,0,0,21,0,0,0,0,2674,_history_tree_10_removes,3140,0,0,0,0,0,0,2678,2674,0,0,0,5352,0,0,0,0,0,4,0,0,0,0,0,0,0
40,10018649925317144938,0,0,0,0,0,0,0,0,0,0,0,0,0,0,0,0,0,0,0,0,0,0,353,0,2425,69863,0,0,0,69644,0,0,0,20,353,813,0,0,0,0,218,0,0,0,0,2782,_history_tree_10_updates,2089,0,0,0,0,0,0,5211,2782,0,0,0,7993,0,0,0,0,0,2433,0,0,0,0,0,0,0
40,10018649925317144938,0,0,0,0,0,0,0,0,0,0,0,0,0,0,0,0,0,0,0,0,0,0,994,0,2,9163,0,0,0,9153,0,0,0,19,2698,0,0,0,0,0,10,0,0,0,0,2701,_history_tree_9_removes,3157,0,0,0,0,0,0,2703,2701,0,0,0,5404,0,0,0,0,0,3,0,0,0,0,0,0,0
40,10018649925317144938,0,0,0,0,0,0,0,0,0,0,0,0,0,0,0,0,0,0,0,0,0,0,341,0,2401,68500,0,0,0,68262,0,0,0,18,341,798,0,0,0,0,236,0,0,0,0,2757,_history_tree_9_updates,2088,0,0,0,0,0,0,5158,2757,0,0,0,7915,0,0,0,0,0,2416,0,0,0,0,0,0,0
40,10018649925317144938,0,0,0,0,0,0,0,0,0,0,0,0,0,0,0,0,0,0,0,0,0,0,1088,0,4,9690,0,0,0,9674,0,0,0,17,2698,0,0,0,0,0,16,0,0,0,0,2701,_history_tree_8_removes,3161,0,0,0,0,0,0,2705,2701,0,0,0,5406,0,0,0,0,0,3,0,0,0,0,0,0,0
40,10018649925317144938,0,0,0,0,0,0,0,0,0,0,0,0,0,0,0,0,0,0,0,0,0,0,320,0,2433,70043,0,0,0,69825,0,0,0,16,320,790,0,0,0,0,217,0,0,0,0,2739,_history_tree_8_updates,2071,0,0,0,0,0,0,5172,2739,0,0,0,7911,0,0,0,0,0,2419,0,0,0,0,0,0,0
40,10018649925317144938,0,0,0,0,0,0,0,0,0,0,0,0,0,0,0,0,0,0,0,0,0,0,1004,0,5,9160,0,0,0,9145,0,0,0,15,2731,1,0,0,0,0,15,0,0,0,0,2734,_history_tree_7_removes,3192,0,0,0,0,0,0,2739,2734,0,0,0,5473,0,0,0,0,0,3,0,0,0,0,0,0,0
40,10018649925317144938,0,0,0,0,0,0,0,0,0,0,0,0,0,0,0,0,0,0,0,0,0,0,326,0,2404,68716,0,0,0,68500,0,0,0,14,326,756,0,0,0,0,217,0,0,0,0,2693,_history_tree_7_updates,2071,0,0,0,0,0,0,5107,2693,0,0,0,7800,0,0,0,0,0,2377,0,0,0,0,0,0,0
40,10018649925317144938,0,0,0,0,0,0,0,0,0,0,0,0,0,0,0,0,0,0,0,0,0,0,1061,0,5,9746,0,0,0,9736,0,0,0,13,2670,4,0,0,0,0,10,0,0,0,0,2677,_history_tree_6_removes,3129,0,0,0,0,0,0,2682,2677,0,0,0,5359,0,0,0,0,0,7,0,0,0,0,0,0,0
40,10018649925317144938,0,0,0,0,0,0,0,0,0,0,0,0,0,22131841,22727092,0,0,0,0,0,0,0,348,0,2423,69673,0,0,0,69480,0,0,0,0,348,851,0,0,0,0,193,0,0,0,0,2787,_history_tree_0_updates,2060,0,1519983,0,0,0,0,5226,2787,0,0,0,8013,0,0,0,0,0,2455,0,0,0,0,731912,0,0
40,10018649925317144938,0,0,0,0,0,0,0,0,0,0,0,0,0,0,0,0,0,0,0,0,0,0,1058,0,4,9626,0,0,0,9605,0,0,0,1,2670,3,0,0,0,0,21,0,0,0,0,2676,_history_tree_0_removes,3101,0,0,0,0,0,0,2680,2676,0,0,0,5356,0,0,0,0,0,6,0,0,0,0,0,0,0
40,10018649925317144938,0,0,0,0,0,0,0,0,0,0,0,0,0,0,0,0,0,0,0,0,0,0,378,0,2410,68550,0,0,0,68324,0,0,0,2,378,801,0,0,0,0,226,0,0,0,0,2756,_history_tree_1_updates,2095,0,0,0,0,0,0,5171,2756,0,0,0,7927,0,0,0,0,0,2383,0,0,0,0,0,0,0
40,10018649925317144938,0,0,0,0,0,0,0,0,0,0,0,0,0,0,0,0,0,0,0,0,0,0,938,0,7,9017,0,0,0,8999,0,0,0,3,2672,0,0,0,0,0,18,0,0,0,0,2678,_history_tree_1_removes,3133,0,0,0,0,0,0,2685,2678,0,0,0,5363,0,0,0,0,0,6,0,0,0,0,0,0,0
40,10018649925317144938,0,0,0,0,0,0,0,0,0,0,0,0,0,0,0,0,0,0,0,0,0,0,328,0,2419,69419,0,0,0,69194,0,0,0,4,328,826,0,0,0,0,224,0,0,0,0,2757,_history_tree_2_updates,2050,0,0,0,0,0,0,5176,2757,0,0,0,7933,0,0,0,0,0,2429,0,0,0,0,0,0,0
40,10018649925317144938,0,0,0,0,0,0,0,0,0,0,0,0,0,0,0,0,0,0,0,0,0,0,1008,0,6,9459,0,0,0,9443,0,0,0,5,2680,2,0,0,0,0,16,0,0,0,0,2686,_history_tree_2_removes,3127,0,0,0,0,0,0,2692,2686,0,0,0,5378,0,0,0,0,0,6,0,0,0,0,0,0,0
40,10018649925317144938,0,0,0,0,0,0,0,0,0,0,0,0,0,0,0,0,0,0,0,0,0,0,371,0,2407,68908,0,0,0,68678,0,0,0,6,371,858,0,0,0,0,230,0,0,0,0,2772,_history_tree_3_updates,2058,0,0,0,0,0,0,5202,2772,0,0,0,7974,0,0,0,0,0,2424,0,0,0,0,0,0,0
40,10018649925317144938,0,0,0,0,0,0,0,0,0,0,0,0,0,0,0,0,0,0,0,0,0,0,988,0,7,9401,0,0,0,9386,0,0,0,7,2625,3,0,0,0,0,15,0,0,0,0,2633,_history_tree_3_removes,3091,0,0,0,0,0,0,2640,2633,0,0,0,5273,0,0,0,0,0,8,0,0,0,0,0,0,0
40,10018649925317144938,0,0,0,0,0,0,0,0,0,0,0,0,0,0,0,0,0,0,0,0,0,0,328,0,2440,70016,0,0,0,69791,0,0,0,8,328,793,0,0,0,0,225,0,0,0,0,2755,_history_tree_4_updates,2093,0,0,0,0,0,0,5195,2755,0,0,0,7950,0,0,0,0,0,2427,0,0,0,0,0,0,0
40,10018649925317144938,0,0,0,0,0,0,0,0,0,0,0,0,0,0,0,0,0,0,0,0,0,0,1068,0,3,9552,0,0,0,9537,0,0,0,9,2695,0,0,0,0,0,15,0,0,0,0,2698,_history_tree_4_removes,3175,0,0,0,0,0,0,2701,2698,0,0,0,5399,0,0,0,0,0,3,0,0,0,0,0,0,0
40,10018649925317144938,0,0,0,0,0,0,0,0,0,0,0,0,0,0,0,0,0,0,0,0,0,0,337,0,2432,69931,0,0,0,69685,0,0,0,10,337,763,0,0,0,0,245,0,0,0,0,2740,_history_tree_5_updates,2098,0,0,0,0,0,0,5172,2740,0,0,0,7912,0,0,0,0,0,2403,0,0,0,0,0,0,0
40,10018649925317144938,0,0,0,0,0,0,0,0,0,0,0,0,0,0,0,0,0,0,0,0,0,0,1062,0,2,9529,0,0,0,9517,0,0,0,11,2706,0,0,0,0,0,12,0,0,0,0,2707,_history_tree_5_removes,3185,0,0,0,0,0,0,2709,2707,0,0,0,5416,0,0,0,0,0,1,0,0,0,0,0,0,0
40,10018649925317144938,0,0,0,0,0,0,0,0,0,0,0,0,0,0,0,0,0,0,0,0,0,0,360,0,2401,69252,0,0,0,68980,0,0,0,12,361,887,0,0,0,0,267,0,0,0,0,2762,_history_tree_6_updates,2071,0,0,0,0,0,0,5231,2762,0,0,0,7993,0,0,0,0,0,2469,0,0,0,0,0,0,0
40,10018649925317144938,0,0,0,0,0,0,0,0,0,0,0,0,0,0,0,0,0,0,0,0,0,0,945,0,4,8706,0,0,0,8693,0,0,0,29,2737,0,0,0,0,0,13,0,0,0,0,2739,_history_tree_14_removes,3200,0,0,0,0,0,0,2743,2739,0,0,0,5482,0,0,0,0,0,2,0,0,0,0,0,0,0
40,10018649925317144938,0,0,0,0,0,0,0,0,0,0,0,0,0,0,0,0,0,0,0,0,0,0,360,0,2405,68782,0,0,0,68547,0,0,0,30,361,817,0,0,0,0,234,0,0,0,0,2758,_history_tree_15_updates,2098,0,0,0,0,0,0,5175,2758,0,0,0,7933,0,0,0,0,0,2409,0,0,0,0,0,0,0
40,10018649925317144938,0,0,0,0,0,0,0,0,0,0,0,0,0,0,0,0,0,0,0,0,0,0,973,0,7,9354,0,0,0,9342,0,0,0,31,2710,2,0,0,0,0,12,0,0,0,0,2717,_history_tree_15_removes,3187,0,0,0,0,0,0,2724,2717,0,0,0,5441,0,0,0,0,0,7,0,0,0,0,0,0,0
40,10018649925317144938,0,0,0,0,0,0,0,0,0,0,0,0,0,0,0,0,0,0,0,0,0,0,378,0,2424,69439,0,0,0,69207,0,0,0,32,378,803,0,0,0,0,232,0,0,0,0,2791,_history_tree_16_updates,2101,0,0,0,0,0,0,5215,2791,0,0,0,8006,0,0,0,0,0,2413,0,0,0,0,0,0,0
40,10018649925317144938,0,0,0,0,0,0,0,0,0,0,0,0,0,0,0,0,0,0,0,0,0,0,1018,0,7,9391,0,0,0,9374,0,0,0,33,2690,1,0,0,0,0,17,0,0,0,0,2697,_history_tree_16_removes,3120,0,0,0,0,0,0,2704,2697,0,0,0,5401,0,0,0,0,0,7,0,0,0,0,0,0,0
40,10018649925317144938,0,0,0,0,0,0,0,0,0,0,0,0,0,0,0,0,0,0,0,0,0,0,376,0,2371,145242,0,0,0,72417,0,0,0,34,11046,2782,0,0,0,0,203,0,0,0,0,6612,_history_tree_17_updates,4176,0,0,0,0,0,0,15823,13224,0,0,0,22435,0,0,0,0,0,2406,0,0,0,0,0,0,0
40,10018649925317144938,0,0,0,0,0,0,0,0,0,0,0,0,0,0,0,0,0,0,0,0,0,0,845,0,16,9233,0,0,0,9218,0,0,0,35,2587,11,0,0,0,0,15,0,0,0,0,2604,_history_tree_17_removes,3013,0,0,0,0,0,0,2620,2604,0,0,0,5224,0,0,0,0,0,17,0,0,0,0,0,0,0
40,10018649925317144938,0,0,0,0,0,0,0,0,0,0,0,0,0,0,0,0,0,0,0,0,0,0,337,0,2425,69388,0,0,0,69164,0,0,0,36,337,749,0,0,0,0,224,0,0,0,0,2748,_history_tree_18_updates,2145,0,0,0,0,0,0,5173,2748,0,0,0,7921,0,0,0,0,0,2411,0,0,0,0,0,0,0
40,10018649925317144938,0,0,0,0,0,0,0,0,0,0,0,0,0,0,0,0,0,0,0,0,0,0,1076,0,2,9390,0,0,0,9377,0,0,0,37,2796,0,0,0,0,0,13,0,0,0,0,2798,_history_tree_18_removes,3290,0,0,0,0,0,0,2800,2798,0,0,0,5598,0,0,0,0,0,2,0,0,0,0,0,0,0
40,10018649925317144938,0,0,0,0,0,0,0,0,0,0,0,0,0,0,0,0,0,0,0,0,0,0,346,0,2474,71246,0,0,0,71070,0,0,0,38,346,815,0,0,0,0,176,0,0,0,0,2764,_history_tree_19_updates,2076,0,0,0,0,0,0,5238,2764,0,0,0,8002,0,0,0,0,0,2418,0,0,0,0,0,0,0
40,10018649925317144938,0,0,0,0,0,0,0,0,0,0,0,0,0,0,0,0,0,0,0,0,0,0,1078,0,4,9885,0,0,0,9869,0,0,0,39,2677,0,0,0,0,0,16,0,0,0,0,2679,_history_tree_19_removes,3156,0,0,0,0,0,0,2683,2679,0,0,0,5362,0,0,0,0,0,2,0,0,0,0,0,0,0
40,10018649925317144938,50105,0,0,0,0,0,46475,0,0,0,0,0,0,0,0,0,0,0,0,0,0,0,0,0,0,301965,0,0,0,98626,0,0,0,40,0,0,0,0,0,0,2216,0,0,96580,0,0,warehouse,0,0,0,0,0,0,0,0,0,0,0,0,0,200639,0,0,200638,0,0,0,0,0,96580,0,0,0
40,10018649925317144938,0,0,0,0,0,0,0,0,0,0,0,0,0,0,0,0,0,0,0,0,0,0,0,0,0,0,0,0,0,0,0,0,0,41,0,0,0,0,0,0,0,0,0,0,0,0,_warehouse_graveyard,0,0,0,0,0,0,0,0,0,0,0,0,0,0,0,0,0,0,0,0,0,0,0,0,0,0
40,10018649925317144938,99792,0,0,0,0,0,97667,0,0,0,0,0,0,0,0,0,0,0,0,0,0,0,0,0,1,306677,0,0,0,199742,0,0,0,42,0,0,0,0,0,0,1038,0,0,197464,0,0,district,0,0,0,0,0,0,0,1,0,0,0,0,1,105842,0,0,105842,1,0,0,0,0,197466,0,0,0
40,10018649925317144938,0,0,0,0,0,0,0,0,0,0,0,0,0,0,0,0,0,0,0,0,0,0,0,0,0,0,0,0,0,0,0,0,0,43,0,0,0,0,0,0,0,0,0,0,0,0,_district_graveyard,0,0,0,0,0,0,0,0,0,0,0,0,0,0,0,0,0,0,0,0,0,0,0,0,0,0
40,10018649925317144938,64151,0,0,0,0,0,60820,0,0,0,0,0,0,0,0,0,0,0,0,0,0,0,0,0,0,810027,0,0,0,124992,0,0,0,44,0,0,0,0,0,0,5,0,0,124972,0,0,customer,0,0,0,0,0,0,0,0,0,0,0,0,0,145013,0,0,145013,0,0,0,0,0,124972,0,0,0
40,10018649925317144938,0,0,0,0,0,0,0,0,0,0,0,0,0,0,0,0,0,0,0,0,0,0,0,0,0,0,0,0,0,0,0,0,0,45,0,0,0,0,0,0,0,0,0,0,0,0,_customer_graveyard,0,0,0,0,0,0,0,0,0,0,0,0,0,0,0,0,0,0,0,0,0,0,0,0,0,0
40,10018649925317144938,0,0,0,0,0,0,0,0,0,0,0,0,0,0,0,0,0,0,0,0,0,0,0,0,0,188304,0,0,0,0,0,0,0,46,0,0,0,0,0,0,62768,0,0,0,0,0,customerwdl,0,0,0,0,0,0,0,0,0,0,0,62768,0,62768,0,0,62768,0,0,0,0,0,0,0,0,0
40,10018649925317144938,0,0,0,0,0,0,0,0,0,0,0,0,0,0,0,0,0,0,0,0,0,0,0,0,0,0,0,0,0,0,0,0,0,47,0,0,0,0,0,0,0,0,0,0,0,0,_customerwdl_graveyard,0,0,0,0,0,0,0,0,0,0,0,0,0,0,0,0,0,0,0,0,0,0,0,0,0,0
40,10018649925317144938,0,0,0,0,0,0,0,0,0,0,0,0,0,0,0,0,0,0,0,0,0,0,0,0,2275,121689,0,0,0,40563,0,0,0,48,0,0,0,0,0,0,0,0,0,0,0,0,history,0,0,0,0,0,0,0,2302,0,0,0,0,2302,0,0,0,0,0,0,0,0,0,0,0,0,0
40,10018649925317144938,0,0,0,0,0,0,0,0,0,0,0,0,0,0,0,0,0,0,0,0,0,0,0,0,0,0,0,0,0,0,0,0,0,49,0,0,0,0,0,0,0,0,0,0,0,0,_history_graveyard,0,0,0,0,0,0,0,0,0,0,0,0,0,0,0,0,0,0,0,0,0,0,0,0,0,0
40,10018649925317144938,43379,86630,0,86630,0,0,43319,0,0,0,0,0,0,0,0,0,0,0,0,0,0,0,58026,0,2147,1166394,0,0,0,277818,0,8754,0,50,27,0,0,0,0,0,110967,0,0,0,0,0,neworder,90745,8754,0,0,0,0,0,3999,1,0,0,86991,3999,95745,0,0,95745,0,1822,0,0,0,0,0,0,0
40,10018649925317144938,0,0,0,0,0,0,0,0,0,0,0,0,0,0,0,0,0,0,0,0,0,0,0,0,0,0,0,0,0,0,0,0,0,51,0,0,0,0,0,0,0,0,0,0,0,0,_neworder_graveyard,0,0,0,0,0,0,0,0,0,0,0,0,0,0,0,0,0,0,0,0,0,0,0,0,0,0
40,10018649925317144938,43745,0,0,0,0,0,42954,0,0,0,0,0,0,0,0,0,0,0,0,0,0,0,0,0,4421,850848,0,0,0,193173,0,0,0,52,0,0,0,0,0,0,0,0,0,86699,0,0,order,0,0,0,0,0,0,0,4424,0,0,0,0,4424,90443,0,0,90443,0,0,0,0,0,86699,0,0,0
40,10018649925317144938,0,0,0,0,0,0,0,0,0,0,0,0,0,0,0,0,0,0,0,0,0,0,0,0,0,0,0,0,0,0,0,0,0,53,0,0,0,0,0,0,0,0,0,0,0,0,_order_graveyard,0,0,0,0,0,0,0,0,0,0,0,0,0,0,0,0,0,0,0,0,0,0,0,0,0,0
40,10018649925317144938,0,0,0,0,0,0,0,0,0,0,0,0,0,0,0,0,3744,0,0,0,0,0,0,0,1405,321548,0,0,0,103439,0,0,0,54,0,0,0,0,0,0,3744,0,0,0,0,0,order_wdc,0,0,0,0,0,0,0,1464,0,0,0,0,1464,3744,0,0,3744,0,0,0,0,0,0,0,0,0
40,10018649925317144938,0,0,0,0,0,0,0,0,0,0,0,0,0,0,0,0,0,0,0,0,0,0,0,0,0,0,0,0,0,0,0,0,0,55,0,0,0,0,0,0,0,0,0,0,0,0,_order_wdc_graveyard,0,0,0,0,0,0,0,0,0,0,0,0,0,0,0,0,0,0,0,0,0,0,0,0,0,0
40,10018649925317144938,438521,0,0,0,0,0,428513,0,0,0,0,0,0,0,0,0,0,0,0,0,0,0,103837,0,60588,7827289,0,0,0,1943743,0,870,0,56,0,0,0,0,0,0,13081,0,0,867051,0,0,orderline,1886105,870,0,0,0,0,0,61410,0,0,0,13005,61410,1899100,0,0,1899100,0,0,0,0,0,867068,0,0,0
40,10018649925317144938,0,0,0,0,0,0,0,0,0,0,0,0,0,0,0,0,0,0,0,0,0,0,0,0,0,0,0,0,0,0,0,0,0,57,0,0,0,0,0,0,0,0,0,0,0,0,_orderline_graveyard,0,0,0,0,0,0,0,0,0,0,0,0,0,0,0,0,0,0,0,0,0,0,0,0,0,0
40,10018649925317144938,0,0,0,0,0,0,0,0,0,0,0,0,0,0,0,0,0,0,0,0,0,0,0,0,0,2031814,0,0,0,0,0,0,0,58,0,0,0,0,0,0,0,0,0,0,0,0,item,0,0,0,0,0,0,0,0,0,0,0,0,0,1015916,0,0,1015916,0,0,0,0,0,0,0,0,0
41,10018649925317144938,0,0,0,0,0,0,0,0,0,0,0,0,0,0,0,0,0,0,0,0,0,0,0,0,0,0,0,0,0,0,0,0,0,61,0,0,0,0,0,0,0,0,0,0,0,0,_stock_graveyard,0,0,0,0,0,0,0,0,0,0,0,0,0,0,0,0,0,0,0,0,0,0,0,0,0,0
41,10018649925317144938,498235,0,0,0,0,0,486697,0,0,0,0,0,0,0,0,0,0,0,0,0,0,0,0,0,0,14983434,0,0,0,985979,0,0,0,60,0,0,0,0,0,0,1073,0,0,984947,0,0,stock,0,0,0,0,0,0,0,0,0,0,0,0,0,2759003,0,0,2759016,0,0,0,0,0,984973,0,0,0
41,10018649925317144938,0,0,0,0,0,0,0,0,0,0,0,0,0,0,0,0,0,0,0,0,0,0,0,0,0,0,0,0,0,0,0,0,0,59,0,0,0,0,0,0,0,0,0,0,0,0,_item_graveyard,0,0,0,0,0,0,0,0,0,0,0,0,0,0,0,0,0,0,0,0,0,0,0,0,0,0
41,10018649925317144938,0,0,0,0,0,0,0,0,0,0,0,0,0,0,0,0,0,0,0,0,0,0,348,0,2385,68605,0,0,0,68393,0,0,0,28,348,873,0,0,0,0,210,0,0,0,0,2763,_history_tree_14_updates,2040,0,0,0,0,0,0,5162,2763,0,0,0,7925,0,0,0,0,0,2429,0,0,0,0,0,0,0
41,10018649925317144938,0,0,0,0,0,0,0,0,0,0,0,0,0,0,0,0,0,0,0,0,0,0,1072,0,3,9392,0,0,0,9374,0,0,0,27,2719,1,0,0,0,0,18,0,0,0,0,2723,_history_tree_13_removes,3151,0,0,0,0,0,0,2726,2723,0,0,0,5449,0,0,0,0,0,4,0,0,0,0,0,0,0
41,10018649925317144938,0,0,0,0,0,0,0,0,0,0,0,0,0,0,0,0,0,0,0,0,0,0,328,0,2365,67841,0,0,0,67627,0,0,0,26,328,787,0,0,0,0,216,0,0,0,0,2724,_history_tree_13_updates,2040,0,0,0,0,0,0,5090,2724,0,0,0,7814,0,0,0,0,0,2397,0,0,0,0,0,0,0
41,10018649925317144938,0,0,0,0,0,0,0,0,0,0,0,0,0,0,0,0,0,0,0,0,0,0,978,0,5,8995,0,0,0,8979,0,0,0,25,2586,2,0,0,0,0,16,0,0,0,0,2591,_history_tree_12_removes,3030,0,0,0,0,0,0,2596,2591,0,0,0,5189,0,0,0,0,0,5,0,0,0,0,0,0,0
41,10018649925317144938,0,0,0,0,0,0,0,0,0,0,0,0,0,0,0,0,0,0,0,0,0,0,399,0,2328,66535,0,0,0,66343,0,0,0,24,399,794,0,0,0,0,192,0,0,0,0,2716,_history_tree_12_updates,2070,0,0,0,0,0,0,5068,2716,0,0,0,7784,0,0,0,0,0,2341,0,0,0,0,0,0,0
41,10018649925317144938,0,0,0,0,0,0,0,0,0,0,0,0,0,0,0,0,0,0,0,0,0,0,1040,0,4,9325,0,0,0,9310,0,0,0,23,2640,0,0,0,0,0,15,0,0,0,0,2644,_history_tree_11_removes,3093,0,0,0,0,0,0,2648,2644,0,0,0,5292,0,0,0,0,0,4,0,0,0,0,0,0,0
41,10018649925317144938,0,0,0,0,0,0,0,0,0,0,0,0,0,0,0,0,0,0,0,0,0,0,403,0,2359,67700,0,0,0,67520,0,0,0,22,403,821,0,0,0,0,182,0,0,0,0,2778,_history_tree_11_updates,2079,0,0,0,0,0,0,5141,2778,0,0,0,7919,0,0,0,0,0,2379,0,0,0,0,0,0,0
41,10018649925317144938,0,0,0,0,0,0,0,0,0,0,0,0,0,0,0,0,0,0,0,0,0,0,1048,0,5,9486,0,0,0,9472,0,0,0,21,2631,2,0,0,0,0,14,0,0,0,0,2637,_history_tree_10_removes,3084,0,0,0,0,0,0,2642,2637,0,0,0,5279,0,0,0,0,0,6,0,0,0,0,0,0,0
41,10018649925317144938,0,0,0,0,0,0,0,0,0,0,0,0,0,0,0,0,0,0,0,0,0,0,307,0,2379,68289,0,0,0,68110,0,0,0,20,307,809,0,0,0,0,181,0,0,0,0,2715,_history_tree_10_updates,2024,0,0,0,0,0,0,5095,2715,0,0,0,7810,0,0,0,0,0,2408,0,0,0,0,0,0,0
41,10018649925317144938,0,0,0,0,0,0,0,0,0,0,0,0,0,0,0,0,0,0,0,0,0,0,1002,0,3,9179,0,0,0,9165,0,0,0,19,2614,0,0,0,0,0,14,0,0,0,0,2618,_history_tree_9_removes,3067,0,0,0,0,0,0,2621,2618,0,0,0,5239,0,0,0,0,0,3,0,0,0,0,0,0,0
41,10018649925317144938,0,0,0,0,0,0,0,0,0,0,0,0,0,0,0,0,0,0,0,0,0,0,376,0,2353,67471,0,0,0,67258,0,0,0,18,376,823,0,0,0,0,214,0,0,0,0,2747,_history_tree_9_updates,2048,0,0,0,0,0,0,5109,2747,0,0,0,7856,0,0,0,0,0,2379,0,0,0,0,0,0,0
41,10018649925317144938,0,0,0,0,0,0,0,0,0,0,0,0,0,0,0,0,0,0,0,0,0,0,1021,0,4,9187,0,0,0,9171,0,0,0,17,2672,0,0,0,0,0,16,0,0,0,0,2678,_history_tree_8_removes,3116,0,0,0,0,0,0,2682,2678,0,0,0,5360,0,0,0,0,0,6,0,0,0,0,0,0,0
41,10018649925317144938,0,0,0,0,0,0,0,0,0,0,0,0,0,0,0,0,0,0,0,0,0,0,351,0,2361,67547,0,0,0,67334,0,0,0,16,351,822,0,0,0,0,214,0,0,0,0,2757,_history_tree_8_updates,2046,0,0,0,0,0,0,5118,2757,0,0,0,7875,0,0,0,0,0,2406,0,0,0,0,0,0,0
41,10018649925317144938,0,0,0,0,0,0,0,0,0,0,0,0,0,0,0,0,0,0,0,0,0,0,1003,0,9,9460,0,0,0,9447,0,0,0,15,2590,5,0,0,0,0,13,0,0,0,0,2601,_history_tree_7_removes,3038,0,0,0,0,0,0,2610,2601,0,0,0,5211,0,0,0,0,0,11,0,0,0,0,0,0,0
41,10018649925317144938,0,0,0,0,0,0,0,0,0,0,0,0,0,0,0,0,0,0,0,0,0,0,410,0,2379,68373,0,0,0,68179,0,0,0,14,410,892,0,0,0,0,192,0,0,0,0,2748,_history_tree_7_updates,2060,0,0,0,0,0,0,5213,2748,0,0,0,7961,0,0,0,0,0,2424,0,0,0,0,0,0,0
41,10018649925317144938,0,0,0,0,0,0,0,0,0,0,0,0,0,0,0,0,0,0,0,0,0,0,968,0,5,8985,0,0,0,8975,0,0,0,13,2611,2,0,0,0,0,10,0,0,0,0,2616,_history_tree_6_removes,3040,0,0,0,0,0,0,2621,2616,0,0,0,5237,0,0,0,0,0,5,0,0,0,0,0,0,0
41,10018649925317144938,0,0,0,0,0,0,0,0,0,0,0,0,0,21579289,22133249,0,0,0,0,0,0,0,344,0,2375,68176,0,0,0,67962,0,0,0,0,344,797,0,0,0,0,214,0,0,0,0,2723,_history_tree_0_updates,2062,0,1493370,0,0,0,0,5111,2723,0,0,0,7834,0,0,0,0,0,2392,0,0,0,0,693838,0,0
41,10018649925317144938,0,0,0,0,0,0,0,0,0,0,0,0,0,0,0,0,0,0,0,0,0,0,1060,0,3,9319,0,0,0,9299,0,0,0,1,2688,0,0,0,0,0,20,0,0,0,0,2691,_history_tree_0_removes,3145,0,0,0,0,0,0,2694,2691,0,0,0,5385,0,0,0,0,0,3,0,0,0,0,0,0,0
41,10018649925317144938,0,0,0,0,0,0,0,0,0,0,0,0,0,0,0,0,0,0,0,0,0,0,345,0,2375,68470,0,0,0,68264,0,0,0,2,345,870,0,0,0,0,206,0,0,0,0,2762,_history_tree_1_updates,2024,0,0,0,0,0,0,5143,2762,0,0,0,7905,0,0,0,0,0,2423,0,0,0,0,0,0,0
41,10018649925317144938,0,0,0,0,0,0,0,0,0,0,0,0,0,0,0,0,0,0,0,0,0,0,1054,0,5,9688,0,0,0,9678,0,0,0,3,2615,0,0,0,0,0,12,0,0,0,0,2622,_history_tree_1_removes,3083,0,0,0,0,0,0,2627,2622,0,0,0,5249,0,0,0,0,0,7,0,0,0,0,0,0,0
41,10018649925317144938,0,0,0,0,0,0,0,0,0,0,0,0,0,0,0,0,0,0,0,0,0,0,348,0,2367,68076,0,0,0,67859,0,0,0,4,348,792,0,0,0,0,216,0,0,0,0,2729,_history_tree_2_updates,2054,0,0,0,0,0,0,5101,2729,0,0,0,7830,0,0,0,0,0,2386,0,0,0,0,0,0,0
41,10018649925317144938,0,0,0,0,0,0,0,0,0,0,0,0,0,0,0,0,0,0,0,0,0,0,1024,0,3,9399,0,0,0,9379,0,0,0,5,2638,1,0,0,0,0,20,0,0,0,0,2642,_history_tree_2_removes,3074,0,0,0,0,0,0,2645,2642,0,0,0,5287,0,0,0,0,0,4,0,0,0,0,0,0,0
41,10018649925317144938,0,0,0,0,0,0,0,0,0,0,0,0,0,0,0,0,0,0,0,0,0,0,323,0,2402,69168,0,0,0,68951,0,0,0,6,323,809,0,0,0,0,217,0,0,0,0,2744,_history_tree_3_updates,2073,0,0,0,0,0,0,5146,2744,0,0,0,7890,0,0,0,0,0,2421,0,0,0,0,0,0,0
41,10018649925317144938,0,0,0,0,0,0,0,0,0,0,0,0,0,0,0,0,0,0,0,0,0,0,1100,0,3,9568,0,0,0,9548,0,0,0,7,2670,0,0,0,0,0,20,0,0,0,0,2673,_history_tree_3_removes,3160,0,0,0,0,0,0,2676,2673,0,0,0,5349,0,0,0,0,0,3,0,0,0,0,0,0,0
41,10018649925317144938,0,0,0,0,0,0,0,0,0,0,0,0,0,0,0,0,0,0,0,0,0,0,340,0,2355,67637,0,0,0,67427,0,0,0,8,340,803,0,0,0,0,208,0,0,0,0,2732,_history_tree_4_updates,2050,0,0,0,0,0,0,5087,2732,0,0,0,7819,0,0,0,0,0,2392,0,0,0,0,0,0,0
41,10018649925317144938,0,0,0,0,0,0,0,0,0,0,0,0,0,0,0,0,0,0,0,0,0,0,1026,0,5,9363,0,0,0,9352,0,0,0,9,2646,1,0,0,0,0,11,0,0,0,0,2652,_history_tree_4_removes,3110,0,0,0,0,0,0,2657,2652,0,0,0,5309,0,0,0,0,0,6,0,0,0,0,0,0,0
41,10018649925317144938,0,0,0,0,0,0,0,0,0,0,0,0,0,0,0,0,0,0,0,0,0,0,379,0,2364,67817,0,0,0,67597,0,0,0,10,379,810,0,0,0,0,217,0,0,0,0,2779,_history_tree_5_updates,2089,0,0,0,0,0,0,5146,2779,0,0,0,7925,0,0,0,0,0,2402,0,0,0,0,0,0,0
41,10018649925317144938,0,0,0,0,0,0,0,0,0,0,0,0,0,0,0,0,0,0,0,0,0,0,1005,0,4,9259,0,0,0,9243,0,0,0,11,2681,0,0,0,0,0,16,0,0,0,0,2686,_history_tree_5_removes,3123,0,0,0,0,0,0,2690,2686,0,0,0,5376,0,0,0,0,0,5,0,0,0,0,0,0,0
41,10018649925317144938,0,0,0,0,0,0,0,0,0,0,0,0,0,0,0,0,0,0,0,0,0,0,373,0,2330,66626,0,0,0,66434,0,0,0,12,373,781,0,0,0,0,192,0,0,0,0,2659,_history_tree_6_updates,2036,0,0,0,0,0,0,5033,2659,0,0,0,7692,0,0,0,0,0,2330,0,0,0,0,0,0,0
41,10018649925317144938,0,0,0,0,0,0,0,0,0,0,0,0,0,0,0,0,0,0,0,0,0,0,1049,0,4,9647,0,0,0,9627,0,0,0,29,2624,1,0,0,0,0,20,0,0,0,0,2630,_history_tree_14_removes,3091,0,0,0,0,0,0,2634,2630,0,0,0,5264,0,0,0,0,0,6,0,0,0,0,0,0,0
41,10018649925317144938,0,0,0,0,0,0,0,0,0,0,0,0,0,0,0,0,0,0,0,0,0,0,337,0,2359,67560,0,0,0,67349,0,0,0,30,337,812,0,0,0,0,213,0,0,0,0,2720,_history_tree_15_updates,2033,0,0,0,0,0,0,5090,2720,0,0,0,7810,0,0,0,0,0,2394,0,0,0,0,0,0,0
41,10018649925317144938,0,0,0,0,0,0,0,0,0,0,0,0,0,0,0,0,0,0,0,0,0,0,989,0,4,9200,0,0,0,9187,0,0,0,31,2654,2,0,0,0,0,13,0,0,0,0,2659,_history_tree_15_removes,3098,0,0,0,0,0,0,2663,2659,0,0,0,5322,0,0,0,0,0,5,0,0,0,0,0,0,0
41,10018649925317144938,0,0,0,0,0,0,0,0,0,0,0,0,0,0,0,0,0,0,0,0,0,0,352,0,2372,68165,0,0,0,67953,0,0,0,32,352,777,0,0,0,0,213,0,0,0,0,2759,_history_tree_16_updates,2100,0,0,0,0,0,0,5131,2759,0,0,0,7890,0,0,0,0,0,2407,0,0,0,0,0,0,0
41,10018649925317144938,0,0,0,0,0,0,0,0,0,0,0,0,0,0,0,0,0,0,0,0,0,0,1063,0,2,9308,0,0,0,9297,0,0,0,33,2741,1,0,0,0,0,11,0,0,0,0,2744,_history_tree_16_removes,3186,0,0,0,0,0,0,2746,2744,0,0,0,5490,0,0,0,0,0,3,0,0,0,0,0,0,0
41,10018649925317144938,0,0,0,0,0,0,0,0,0,0,0,0,0,0,0,0,0,0,0,0,0,0,364,0,2393,147188,0,0,0,73390,0,0,0,34,10944,2802,0,0,0,0,204,0,0,0,0,6570,_history_tree_17_updates,4144,0,0,0,0,0,0,15775,13140,0,0,0,22345,0,0,0,0,0,2438,0,0,0,0,0,0,0
41,10018649925317144938,0,0,0,0,0,0,0,0,0,0,0,0,0,0,0,0,0,0,0,0,0,0,942,0,18,9604,0,0,0,9593,0,0,0,35,2544,12,0,0,0,0,11,0,0,0,0,2563,_history_tree_17_removes,2997,0,0,0,0,0,0,2581,2563,0,0,0,5144,0,0,0,0,0,19,0,0,0,0,0,0,0
41,10018649925317144938,0,0,0,0,0,0,0,0,0,0,0,0,0,0,0,0,0,0,0,0,0,0,322,0,2371,67813,0,0,0,67613,0,0,0,36,322,774,0,0,0,0,200,0,0,0,0,2719,_history_tree_18_updates,2050,0,0,0,0,0,0,5090,2719,0,0,0,7809,0,0,0,0,0,2397,0,0,0,0,0,0,0
41,10018649925317144938,0,0,0,0,0,0,0,0,0,0,0,0,0,0,0,0,0,0,0,0,0,0,1027,0,2,9195,0,0,0,9175,0,0,0,37,2720,0,0,0,0,0,20,0,0,0,0,2722,_history_tree_18_removes,3156,0,0,0,0,0,0,2724,2722,0,0,0,5446,0,0,0,0,0,2,0,0,0,0,0,0,0
41,10018649925317144938,0,0,0,0,0,0,0,0,0,0,0,0,0,0,0,0,0,0,0,0,0,0,345,0,2427,70456,0,0,0,70277,0,0,0,38,345,907,0,0,0,0,181,0,0,0,0,2806,_history_tree_19_updates,2043,0,0,0,0,0,0,5257,2806,0,0,0,8063,0,0,0,0,0,2485,0,0,0,0,0,0,0
41,10018649925317144938,0,0,0,0,0,0,0,0,0,0,0,0,0,0,0,0,0,0,0,0,0,0,1205,0,5,10266,0,0,0,10248,0,0,0,39,2593,2,0,0,0,0,18,0,0,0,0,2600,_history_tree_19_removes,3085,0,0,0,0,0,0,2605,2600,0,0,0,5205,0,0,0,0,0,7,0,0,0,0,0,0,0
41,10018649925317144938,49081,0,0,0,0,0,45478,0,0,0,0,0,0,0,0,0,0,0,0,0,0,0,0,0,1,294480,0,0,0,96449,0,0,0,40,0,0,0,0,0,0,2081,0,0,94564,0,0,warehouse,0,0,0,0,0,0,0,1,0,0,0,0,1,195554,0,0,195555,1,0,0,0,0,94568,0,0,0
41,10018649925317144938,0,0,0,0,0,0,0,0,0,0,0,0,0,0,0,0,0,0,0,0,0,0,0,0,0,0,0,0,0,0,0,0,0,41,0,0,0,0,0,0,0,0,0,0,0,0,_warehouse_graveyard,0,0,0,0,0,0,0,0,0,0,0,0,0,0,0,0,0,0,0,0,0,0,0,0,0,0
41,10018649925317144938,97367,0,0,0,0,0,95315,0,0,0,0,0,0,0,0,0,0,0,0,0,0,0,0,0,0,299174,0,0,0,194710,0,0,0,42,0,0,0,0,0,0,917,0,0,192701,0,0,district,0,0,0,0,0,0,0,0,0,0,0,0,0,103508,0,0,103511,0,0,0,0,0,192714,0,0,0
41,10018649925317144938,0,0,0,0,0,0,0,0,0,0,0,0,0,0,0,0,0,0,0,0,0,0,0,0,0,0,0,0,0,0,0,0,0,43,0,0,0,0,0,0,0,0,0,0,0,0,_district_graveyard,0,0,0,0,0,0,0,0,0,0,0,0,0,0,0,0,0,0,0,0,0,0,0,0,0,0
41,10018649925317144938,63703,0,0,0,0,0,60587,0,0,0,0,0,0,0,0,0,0,0,0,0,0,0,0,0,0,795819,0,0,0,124302,0,0,0,44,0,0,0,0,0,0,9,0,0,124293,0,0,customer,0,0,0,0,0,0,0,0,0,0,0,0,0,140967,0,0,140968,0,0,0,0,0,124299,0,0,0
41,10018649925317144938,0,0,0,0,0,0,0,0,0,0,0,0,0,0,0,0,0,0,0,0,0,0,0,0,0,0,0,0,0,0,0,0,0,45,0,0,0,0,0,0,0,0,0,0,0,0,_customer_graveyard,0,0,0,0,0,0,0,0,0,0,0,0,0,0,0,0,0,0,0,0,0,0,0,0,0,0
41,10018649925317144938,0,0,0,0,0,0,0,0,0,0,0,0,0,0,0,0,0,0,0,0,0,0,0,0,0,184512,0,0,0,0,0,0,0,46,0,0,0,0,0,0,61509,0,0,0,0,0,customerwdl,0,0,0,0,0,0,0,0,0,0,0,61511,0,61511,0,0,61511,0,0,0,0,0,0,0,0,0
41,10018649925317144938,0,0,0,0,0,0,0,0,0,0,0,0,0,0,0,0,0,0,0,0,0,0,0,0,0,0,0,0,0,0,0,0,0,47,0,0,0,0,0,0,0,0,0,0,0,0,_customerwdl_graveyard,0,0,0,0,0,0,0,0,0,0,0,0,0,0,0,0,0,0,0,0,0,0,0,0,0,0
41,10018649925317144938,0,0,0,0,0,0,0,0,0,0,0,0,0,0,0,0,0,0,0,0,0,0,0,0,2234,119259,0,0,0,39753,0,0,0,48,0,0,0,0,0,0,0,0,0,0,0,0,history,0,0,0,0,0,0,0,2260,0,0,0,0,2260,0,0,0,0,0,0,0,0,0,0,0,0,0
41,10018649925317144938,0,0,0,0,0,0,0,0,0,0,0,0,0,0,0,0,0,0,0,0,0,0,0,0,0,0,0,0,0,0,0,0,0,49,0,0,0,0,0,0,0,0,0,0,0,0,_history_graveyard,0,0,0,0,0,0,0,0,0,0,0,0,0,0,0,0,0,0,0,0,0,0,0,0,0,0
41,10018649925317144938,43442,88010,0,88010,0,0,43381,0,0,0,0,0,0,0,0,0,0,0,0,0,0,0,57296,0,2117,1164122,0,0,0,276468,0,8749,0,50,17,0,0,0,0,0,111564,0,0,0,0,0,neworder,90464,8749,0,0,0,0,0,4013,5,0,0,87137,4014,95886,0,0,95887,0,1875,0,0,0,0,0,0,0
41,10018649925317144938,0,0,0,0,0,0,0,0,0,0,0,0,0,0,0,0,0,0,0,0,0,0,0,0,0,0,0,0,0,0,0,0,0,51,0,0,0,0,0,0,0,0,0,0,0,0,_neworder_graveyard,0,0,0,0,0,0,0,0,0,0,0,0,0,0,0,0,0,0,0,0,0,0,0,0,0,0
41,10018649925317144938,44077,0,0,0,0,0,42751,0,0,0,0,0,0,0,0,0,0,0,0,0,0,0,0,0,4359,842178,0,0,0,190417,0,0,0,52,0,0,0,0,0,0,0,0,0,86832,0,0,order,0,0,0,0,0,0,0,4376,0,0,0,0,4376,90314,0,0,90315,0,0,0,0,0,86835,0,0,0
41,10018649925317144938,0,0,0,0,0,0,0,0,0,0,0,0,0,0,0,0,0,0,0,0,0,0,0,0,0,0,0,0,0,0,0,0,0,53,0,0,0,0,0,0,0,0,0,0,0,0,_order_graveyard,0,0,0,0,0,0,0,0,0,0,0,0,0,0,0,0,0,0,0,0,0,0,0,0,0,0
41,10018649925317144938,0,0,0,0,0,0,0,0,0,0,0,0,0,0,0,0,3482,0,0,0,0,0,0,0,1362,312269,0,0,0,100608,0,0,0,54,0,0,0,0,0,0,3482,0,0,0,0,0,order_wdc,0,0,0,0,0,0,0,1415,0,0,0,0,1415,3482,0,0,3482,0,0,0,0,0,0,0,0,0
41,10018649925317144938,0,0,0,0,0,0,0,0,0,0,0,0,0,0,0,0,0,0,0,0,0,0,0,0,0,0,0,0,0,0,0,0,0,55,0,0,0,0,0,0,0,0,0,0,0,0,_order_wdc_graveyard,0,0,0,0,0,0,0,0,0,0,0,0,0,0,0,0,0,0,0,0,0,0,0,0,0,0
41,10018649925317144938,438790,0,0,0,0,0,428703,0,0,0,0,0,0,0,0,0,0,0,0,0,0,0,100560,0,59113,7721099,0,0,0,1917792,0,1059,0,56,0,0,0,0,0,0,12498,0,0,867533,0,0,orderline,1826150,1059,0,0,0,0,0,59935,0,0,0,12423,59936,1838567,0,0,1838567,0,0,0,0,0,867552,0,0,0
41,10018649925317144938,0,0,0,0,0,0,0,0,0,0,0,0,0,0,0,0,0,0,0,0,0,0,0,0,0,0,0,0,0,0,0,0,0,57,0,0,0,0,0,0,0,0,0,0,0,0,_orderline_graveyard,0,0,0,0,0,0,0,0,0,0,0,0,0,0,0,0,0,0,0,0,0,0,0,0,0,0
41,10018649925317144938,0,0,0,0,0,0,0,0,0,0,0,0,0,0,0,0,0,0,0,0,0,0,0,0,0,1982716,0,0,0,0,0,0,0,58,0,0,0,0,0,0,0,0,0,0,0,0,item,0,0,0,0,0,0,0,0,0,0,0,0,0,991505,0,0,991517,0,0,0,0,0,0,0,0,0
42,10018649925317144938,0,0,0,0,0,0,0,0,0,0,0,0,0,0,0,0,0,0,0,0,0,0,0,0,0,0,0,0,0,0,0,0,0,61,0,0,0,0,0,0,0,0,0,0,0,0,_stock_graveyard,0,0,0,0,0,0,0,0,0,0,0,0,0,0,0,0,0,0,0,0,0,0,0,0,0,0
42,10018649925317144938,502738,0,0,0,0,0,491096,0,0,0,0,0,0,0,0,0,0,0,0,0,0,0,0,0,0,15004464,0,0,0,994963,0,0,0,60,0,0,0,0,0,0,1037,0,0,993887,0,0,stock,0,0,0,0,0,0,0,0,0,0,0,0,0,2755097,0,0,2755091,0,0,0,0,0,993867,0,0,0
42,10018649925317144938,0,0,0,0,0,0,0,0,0,0,0,0,0,0,0,0,0,0,0,0,0,0,0,0,0,0,0,0,0,0,0,0,0,59,0,0,0,0,0,0,0,0,0,0,0,0,_item_graveyard,0,0,0,0,0,0,0,0,0,0,0,0,0,0,0,0,0,0,0,0,0,0,0,0,0,0
42,10018649925317144938,0,0,0,0,0,0,0,0,0,0,0,0,0,0,0,0,0,0,0,0,0,0,341,0,2363,67894,0,0,0,67698,0,0,0,28,341,815,0,0,0,0,197,0,0,0,0,2692,_history_tree_14_updates,2006,0,0,0,0,0,0,5070,2692,0,0,0,7762,0,0,0,0,0,2365,0,0,0,0,0,0,0
42,10018649925317144938,0,0,0,0,0,0,0,0,0,0,0,0,0,0,0,0,0,0,0,0,0,0,1038,0,7,9340,0,0,0,9327,0,0,0,27,2636,3,0,0,0,0,13,0,0,0,0,2643,_history_tree_13_removes,3090,0,0,0,0,0,0,2650,2643,0,0,0,5293,0,0,0,0,0,7,0,0,0,0,0,0,0
42,10018649925317144938,0,0,0,0,0,0,0,0,0,0,0,0,0,0,0,0,0,0,0,0,0,0,324,0,2396,68635,0,0,0,68439,0,0,0,26,324,816,0,0,0,0,193,0,0,0,0,2700,_history_tree_13_updates,2023,0,0,0,0,0,0,5118,2701,0,0,0,7819,0,0,0,0,0,2398,0,0,0,0,0,0,0
42,10018649925317144938,0,0,0,0,0,0,0,0,0,0,0,0,0,0,0,0,0,0,0,0,0,0,1026,0,9,9468,0,0,0,9454,0,0,0,25,2597,3,0,0,0,0,14,0,0,0,0,2606,_history_tree_12_removes,3048,0,0,0,0,0,0,2615,2606,0,0,0,5219,0,0,0,0,0,9,0,0,0,0,0,0,0
42,10018649925317144938,0,0,0,0,0,0,0,0,0,0,0,0,0,0,0,0,0,0,0,0,0,0,318,0,2427,69524,0,0,0,69308,0,0,0,24,318,881,0,0,0,0,217,0,0,0,0,2691,_history_tree_12_updates,1973,0,0,0,0,0,0,5171,2691,0,0,0,7862,0,0,0,0,0,2426,0,0,0,0,0,0,0
42,10018649925317144938,0,0,0,0,0,0,0,0,0,0,0,0,0,0,0,0,0,0,0,0,0,0,1041,0,7,9301,0,0,0,9285,0,0,0,23,2597,1,0,0,0,0,16,0,0,0,0,2604,_history_tree_11_removes,3062,0,0,0,0,0,0,2611,2604,0,0,0,5215,0,0,0,0,0,7,0,0,0,0,0,0,0
42,10018649925317144938,0,0,0,0,0,0,0,0,0,0,0,0,0,0,0,0,0,0,0,0,0,0,320,0,2393,68544,0,0,0,68323,0,0,0,22,320,855,0,0,0,0,219,0,0,0,0,2684,_history_tree_11_updates,1992,0,0,0,0,0,0,5108,2684,0,0,0,7792,0,0,0,0,0,2395,0,0,0,0,0,0,0
42,10018649925317144938,0,0,0,0,0,0,0,0,0,0,0,0,0,0,0,0,0,0,0,0,0,0,1065,0,6,9745,0,0,0,9726,0,0,0,21,2618,3,0,0,0,0,19,0,0,0,0,2624,_history_tree_10_removes,3085,0,0,0,0,0,0,2630,2624,0,0,0,5254,0,0,0,0,0,6,0,0,0,0,0,0,0
42,10018649925317144938,0,0,0,0,0,0,0,0,0,0,0,0,0,0,0,0,0,0,0,0,0,0,307,0,2401,69485,0,0,0,69282,0,0,0,20,307,822,0,0,0,0,200,0,0,0,0,2694,_history_tree_10_updates,2011,0,0,0,0,0,0,5107,2695,0,0,0,7802,0,0,0,0,0,2400,0,0,0,0,0,0,0
42,10018649925317144938,0,0,0,0,0,0,0,0,0,0,0,0,0,0,0,0,0,0,0,0,0,0,1047,0,6,9449,0,0,0,9438,0,0,0,19,2577,2,0,0,0,0,11,0,0,0,0,2582,_history_tree_9_removes,3018,0,0,0,0,0,0,2588,2582,0,0,0,5170,0,0,0,0,0,6,0,0,0,0,0,0,0
42,10018649925317144938,0,0,0,0,0,0,0,0,0,0,0,0,0,0,0,0,0,0,0,0,0,0,334,0,2405,69048,0,0,0,68837,0,0,0,18,334,858,0,0,0,0,212,0,0,0,0,2711,_history_tree_9_updates,1995,0,0,0,0,0,0,5144,2711,0,0,0,7855,0,0,0,0,0,2405,0,0,0,0,0,0,0
42,10018649925317144938,0,0,0,0,0,0,0,0,0,0,0,0,0,0,0,0,0,0,0,0,0,0,997,0,7,9219,0,0,0,9200,0,0,0,17,2594,3,0,0,0,0,19,0,0,0,0,2601,_history_tree_8_removes,3069,0,0,0,0,0,0,2608,2601,0,0,0,5211,0,0,0,0,0,7,0,0,0,0,0,0,0
42,10018649925317144938,0,0,0,0,0,0,0,0,0,0,0,0,0,0,0,0,0,0,0,0,0,0,330,0,2376,68091,0,0,0,67883,0,0,0,16,330,821,0,0,0,0,207,0,0,0,0,2688,_history_tree_8_updates,2017,0,0,0,0,0,0,5081,2688,0,0,0,7769,0,0,0,0,0,2375,0,0,0,0,0,0,0
42,10018649925317144938,0,0,0,0,0,0,0,0,0,0,0,0,0,0,0,0,0,0,0,0,0,0,999,0,8,9423,0,0,0,9412,0,0,0,15,2568,4,0,0,0,0,11,0,0,0,0,2576,_history_tree_7_removes,3035,0,0,0,0,0,0,2584,2576,0,0,0,5160,0,0,0,0,0,8,0,0,0,0,0,0,0
42,10018649925317144938,0,0,0,0,0,0,0,0,0,0,0,0,0,0,0,0,0,0,0,0,0,0,330,0,2375,68265,0,0,0,68070,0,0,0,14,330,865,0,0,0,0,195,0,0,0,0,2654,_history_tree_7_updates,1984,0,0,0,0,0,0,5081,2654,0,0,0,7735,0,0,0,0,0,2376,0,0,0,0,0,0,0
42,10018649925317144938,0,0,0,0,0,0,0,0,0,0,0,0,0,0,0,0,0,0,0,0,0,0,979,0,13,9432,0,0,0,9413,0,0,0,13,2545,7,0,0,0,0,20,0,0,0,0,2558,_history_tree_6_removes,2998,0,0,0,0,0,0,2571,2558,0,0,0,5129,0,0,0,0,0,13,0,0,0,0,0,0,0
42,10018649925317144938,0,0,0,0,0,0,0,0,0,0,0,0,0,21577076,22199720,0,0,0,0,0,0,0,321,0,2384,68753,0,0,0,68538,0,0,0,0,321,830,0,0,0,0,214,0,0,0,0,2698,_history_tree_0_updates,1977,0,1497931,0,0,0,0,5088,2698,0,0,0,7786,0,0,0,0,0,2383,0,0,0,0,714203,0,0
42,10018649925317144938,0,0,0,0,0,0,0,0,0,0,0,0,0,0,0,0,0,0,0,0,0,0,1044,0,6,9648,0,0,0,9634,0,0,0,1,2576,1,0,0,0,0,14,0,0,0,0,2582,_history_tree_0_removes,3008,0,0,0,0,0,0,2588,2582,0,0,0,5170,0,0,0,0,0,6,0,0,0,0,0,0,0
42,10018649925317144938,0,0,0,0,0,0,0,0,0,0,0,0,0,0,0,0,0,0,0,0,0,0,362,0,2365,67923,0,0,0,67724,0,0,0,2,362,859,0,0,0,0,197,0,0,0,0,2699,_history_tree_1_updates,2011,0,0,0,0,0,0,5094,2699,0,0,0,7793,0,0,0,0,0,2367,0,0,0,0,0,0,0
42,10018649925317144938,0,0,0,0,0,0,0,0,0,0,0,0,0,0,0,0,0,0,0,0,0,0,999,0,8,9322,0,0,0,9313,0,0,0,3,2530,3,0,0,0,0,7,0,0,0,0,2538,_history_tree_1_removes,2996,0,0,0,0,0,0,2546,2538,0,0,0,5084,0,0,0,0,0,8,0,0,0,0,0,0,0
42,10018649925317144938,0,0,0,0,0,0,0,0,0,0,0,0,0,0,0,0,0,0,0,0,0,0,331,0,2390,68548,0,0,0,68337,0,0,0,4,331,831,0,0,0,0,211,0,0,0,0,2710,_history_tree_2_updates,2020,0,0,0,0,0,0,5114,2710,0,0,0,7824,0,0,0,0,0,2393,0,0,0,0,0,0,0
42,10018649925317144938,0,0,0,0,0,0,0,0,0,0,0,0,0,0,0,0,0,0,0,0,0,0,1008,0,6,9330,0,0,0,9314,0,0,0,5,2625,1,0,0,0,0,16,0,0,0,0,2631,_history_tree_2_removes,3086,0,0,0,0,0,0,2637,2631,0,0,0,5268,0,0,0,0,0,6,0,0,0,0,0,0,0
42,10018649925317144938,0,0,0,0,0,0,0,0,0,0,0,0,0,0,0,0,0,0,0,0,0,0,350,0,2344,66830,0,0,0,66643,0,0,0,6,350,800,0,0,0,0,185,0,0,0,0,2673,_history_tree_3_updates,2007,0,0,0,0,0,0,5040,2673,0,0,0,7713,0,0,0,0,0,2345,0,0,0,0,0,0,0
42,10018649925317144938,0,0,0,0,0,0,0,0,0,0,0,0,0,0,0,0,0,0,0,0,0,0,970,0,6,8890,0,0,0,8875,0,0,0,7,2614,1,0,0,0,0,15,0,0,0,0,2620,_history_tree_3_removes,3050,0,0,0,0,0,0,2626,2620,0,0,0,5246,0,0,0,0,0,6,0,0,0,0,0,0,0
42,10018649925317144938,0,0,0,0,0,0,0,0,0,0,0,0,0,0,0,0,0,0,0,0,0,0,327,0,2356,67026,0,0,0,66835,0,0,0,8,327,805,0,0,0,0,191,0,0,0,0,2674,_history_tree_4_updates,2002,0,0,0,0,0,0,5038,2674,0,0,0,7712,0,0,0,0,0,2355,0,0,0,0,0,0,0
42,10018649925317144938,0,0,0,0,0,0,0,0,0,0,0,0,0,0,0,0,0,0,0,0,0,0,915,0,7,8866,0,0,0,8847,0,0,0,9,2629,1,0,0,0,0,19,0,0,0,0,2636,_history_tree_4_removes,3054,0,0,0,0,0,0,2643,2636,0,0,0,5279,0,0,0,0,0,7,0,0,0,0,0,0,0
42,10018649925317144938,0,0,0,0,0,0,0,0,0,0,0,0,0,0,0,0,0,0,0,0,0,0,340,0,2342,66855,0,0,0,66629,0,0,0,10,340,787,0,0,0,0,224,0,0,0,0,2671,_history_tree_5_updates,2013,0,0,0,0,0,0,5022,2671,0,0,0,7693,0,0,0,0,0,2341,0,0,0,0,0,0,0
42,10018649925317144938,0,0,0,0,0,0,0,0,0,0,0,0,0,0,0,0,0,0,0,0,0,0,958,0,7,8958,0,0,0,8942,0,0,0,11,2635,2,0,0,0,0,16,0,0,0,0,2642,_history_tree_5_removes,3077,0,0,0,0,0,0,2649,2642,0,0,0,5291,0,0,0,0,0,7,0,0,0,0,0,0,0
42,10018649925317144938,0,0,0,0,0,0,0,0,0,0,0,0,0,0,0,0,0,0,0,0,0,0,336,0,2439,69739,0,0,0,69533,0,0,0,12,336,927,0,0,0,0,206,0,0,0,0,2611,_history_tree_6_updates,1976,0,0,0,0,0,0,5213,2611,0,0,0,7824,0,0,0,0,0,2438,0,0,0,0,0,0,0
42,10018649925317144938,0,0,0,0,0,0,0,0,0,0,0,0,0,0,0,0,0,0,0,0,0,0,1048,0,6,9341,0,0,0,9325,0,0,0,29,2567,3,0,0,0,0,16,0,0,0,0,2573,_history_tree_14_removes,3043,0,0,0,0,0,0,2579,2573,0,0,0,5152,0,0,0,0,0,6,0,0,0,0,0,0,0
42,10018649925317144938,0,0,0,0,0,0,0,0,0,0,0,0,0,0,0,0,0,0,0,0,0,0,312,0,2397,68831,0,0,0,68622,0,0,0,30,312,831,0,0,0,0,208,0,0,0,0,2702,_history_tree_15_updates,1988,0,0,0,0,0,0,5107,2702,0,0,0,7809,0,0,0,0,0,2398,0,0,0,0,0,0,0
42,10018649925317144938,0,0,0,0,0,0,0,0,0,0,0,0,0,0,0,0,0,0,0,0,0,0,1060,0,5,9535,0,0,0,9521,0,0,0,31,2634,1,0,0,0,0,14,0,0,0,0,2639,_history_tree_15_removes,3078,0,0,0,0,0,0,2645,2640,0,0,0,5285,0,0,0,0,0,5,0,0,0,0,0,0,0
42,10018649925317144938,0,0,0,0,0,0,0,0,0,0,0,0,0,0,0,0,0,0,0,0,0,0,340,0,2356,67452,0,0,0,67272,0,0,0,32,340,822,0,0,0,0,181,0,0,0,0,2692,_history_tree_16_updates,2009,0,0,0,0,0,0,5055,2692,0,0,0,7747,0,0,0,0,0,2359,0,0,0,0,0,0,0
42,10018649925317144938,0,0,0,0,0,0,0,0,0,0,0,0,0,0,0,0,0,0,0,0,0,0,986,0,8,9181,0,0,0,9168,0,0,0,33,2596,2,0,0,0,0,13,0,0,0,0,2604,_history_tree_16_removes,3045,0,0,0,0,0,0,2612,2604,0,0,0,5216,0,0,0,0,0,8,0,0,0,0,0,0,0
42,10018649925317144938,0,0,0,0,0,0,0,0,0,0,0,0,0,0,0,0,0,0,0,0,0,0,379,0,2352,143112,0,0,0,71369,0,0,0,34,10521,2733,0,0,0,0,187,0,0,0,0,6301,_history_tree_17_updates,3955,0,0,0,0,0,0,15227,12602,0,0,0,21528,0,0,0,0,0,2354,0,0,0,0,0,0,0
42,10018649925317144938,0,0,0,0,0,0,0,0,0,0,0,0,0,0,0,0,0,0,0,0,0,0,832,0,19,8995,0,0,0,8983,0,0,0,35,2456,12,0,0,0,0,12,0,0,0,0,2475,_history_tree_17_removes,2865,0,0,0,0,0,0,2494,2475,0,0,0,4969,0,0,0,0,0,19,0,0,0,0,0,0,0
42,10018649925317144938,0,0,0,0,0,0,0,0,0,0,0,0,0,0,0,0,0,0,0,0,0,0,305,0,2351,67301,0,0,0,67059,0,0,0,36,307,771,0,0,0,0,242,0,0,0,0,2658,_history_tree_18_updates,2009,0,0,0,0,0,0,5009,2658,0,0,0,7667,0,0,0,0,0,2351,0,0,0,0,0,0,0
42,10018649925317144938,0,0,0,0,0,0,0,0,0,0,0,0,0,0,0,0,0,0,0,0,0,0,1043,0,3,9098,0,0,0,9086,0,0,0,37,2651,0,0,0,0,0,12,0,0,0,0,2654,_history_tree_18_removes,3102,0,0,0,0,0,0,2657,2654,0,0,0,5311,0,0,0,0,0,3,0,0,0,0,0,0,0
42,10018649925317144938,0,0,0,0,0,0,0,0,0,0,0,0,0,0,0,0,0,0,0,0,0,0,381,0,2346,67595,0,0,0,67389,0,0,0,38,381,818,0,0,0,0,206,0,0,0,0,2646,_history_tree_19_updates,2028,0,0,0,0,0,0,5073,2646,0,0,0,7719,0,0,0,0,0,2346,0,0,0,0,0,0,0
42,10018649925317144938,0,0,0,0,0,0,0,0,0,0,0,0,0,0,0,0,0,0,0,0,0,0,1019,0,9,9357,0,0,0,9348,0,0,0,39,2576,6,0,0,0,0,9,0,0,0,0,2585,_history_tree_19_removes,3017,0,0,0,0,0,0,2594,2585,0,0,0,5179,0,0,0,0,0,9,0,0,0,0,0,0,0
42,10018649925317144938,49090,0,0,0,0,0,45414,0,0,0,0,0,0,0,0,0,0,0,0,0,0,0,0,0,0,294984,0,0,0,96455,0,0,0,40,0,0,0,0,0,0,2052,0,0,94508,0,0,warehouse,0,0,0,0,0,0,0,0,0,0,0,0,0,196095,0,0,196096,0,0,0,0,0,94514,0,0,0
42,10018649925317144938,0,0,0,0,0,0,0,0,0,0,0,0,0,0,0,0,0,0,0,0,0,0,0,0,0,0,0,0,0,0,0,0,0,41,0,0,0,0,0,0,0,0,0,0,0,0,_warehouse_graveyard,0,0,0,0,0,0,0,0,0,0,0,0,0,0,0,0,0,0,0,0,0,0,0,0,0,0
42,10018649925317144938,97812,0,0,0,0,0,95234,0,0,0,0,0,0,0,0,0,0,0,0,0,0,0,0,0,0,299608,0,0,0,195238,0,0,0,42,0,0,0,0,0,0,992,0,0,193044,0,0,district,0,0,0,0,0,0,0,0,0,0,0,0,0,103339,0,0,103337,0,0,0,0,0,193055,0,0,0
42,10018649925317144938,0,0,0,0,0,0,0,0,0,0,0,0,0,0,0,0,0,0,0,0,0,0,0,0,0,0,0,0,0,0,0,0,0,43,0,0,0,0,0,0,0,0,0,0,0,0,_district_graveyard,0,0,0,0,0,0,0,0,0,0,0,0,0,0,0,0,0,0,0,0,0,0,0,0,0,0
42,10018649925317144938,63379,0,0,0,0,0,60539,0,0,0,0,0,0,0,0,0,0,0,0,0,0,0,0,0,0,796047,0,0,0,123936,0,0,0,44,0,0,0,0,0,0,7,0,0,123919,0,0,customer,0,0,0,0,0,0,0,0,0,0,0,0,0,141414,0,0,141413,0,0,0,0,0,123915,0,0,0
42,10018649925317144938,0,0,0,0,0,0,0,0,0,0,0,0,0,0,0,0,0,0,0,0,0,0,0,0,0,0,0,0,0,0,0,0,0,45,0,0,0,0,0,0,0,0,0,0,0,0,_customer_graveyard,0,0,0,0,0,0,0,0,0,0,0,0,0,0,0,0,0,0,0,0,0,0,0,0,0,0
42,10018649925317144938,0,0,0,0,0,0,0,0,0,0,0,0,0,0,0,0,0,0,0,0,0,0,0,0,0,185153,0,0,0,0,0,0,0,46,0,0,0,0,0,0,61717,0,0,0,0,0,customerwdl,0,0,0,0,0,0,0,0,0,0,0,61716,0,61716,0,0,61716,0,0,0,0,0,0,0,0,0
42,10018649925317144938,0,0,0,0,0,0,0,0,0,0,0,0,0,0,0,0,0,0,0,0,0,0,0,0,0,0,0,0,0,0,0,0,0,47,0,0,0,0,0,0,0,0,0,0,0,0,_customerwdl_graveyard,0,0,0,0,0,0,0,0,0,0,0,0,0,0,0,0,0,0,0,0,0,0,0,0,0,0
42,10018649925317144938,0,0,0,0,0,0,0,0,0,0,0,0,0,0,0,0,0,0,0,0,0,0,0,0,2223,118665,0,0,0,39555,0,0,0,48,0,0,0,0,0,0,0,0,0,0,0,0,history,0,0,0,0,0,0,0,2251,0,0,0,0,2251,0,0,0,0,0,0,0,0,0,0,0,0,0
42,10018649925317144938,0,0,0,0,0,0,0,0,0,0,0,0,0,0,0,0,0,0,0,0,0,0,0,0,0,0,0,0,0,0,0,0,0,49,0,0,0,0,0,0,0,0,0,0,0,0,_history_graveyard,0,0,0,0,0,0,0,0,0,0,0,0,0,0,0,0,0,0,0,0,0,0,0,0,0,0
42,10018649925317144938,43363,86580,0,86580,0,0,43251,0,0,0,0,0,0,0,0,0,0,0,0,0,0,0,57083,0,2092,1159739,0,0,0,275207,0,12092,0,50,32,0,0,0,0,0,111348,0,0,0,0,0,neworder,93605,12092,0,0,0,0,0,3958,6,0,0,86912,3957,99004,0,0,99003,0,1828,0,0,0,0,0,0,0
42,10018649925317144938,0,0,0,0,0,0,0,0,0,0,0,0,0,0,0,0,0,0,0,0,0,0,0,0,0,0,0,0,0,0,0,0,0,51,0,0,0,0,0,0,0,0,0,0,0,0,_neworder_graveyard,0,0,0,0,0,0,0,0,0,0,0,0,0,0,0,0,0,0,0,0,0,0,0,0,0,0
42,10018649925317144938,43793,0,0,0,0,0,42831,0,0,0,0,0,0,0,0,0,0,0,0,0,0,0,0,0,4481,842625,0,0,0,190740,0,0,0,52,0,0,0,0,0,0,0,0,0,86624,0,0,order,0,0,0,0,0,0,0,4633,0,0,0,0,4633,90135,0,0,90134,0,0,0,0,0,86624,0,0,0
42,10018649925317144938,0,0,0,0,0,0,0,0,0,0,0,0,0,0,0,0,0,0,0,0,0,0,0,0,0,0,0,0,0,0,0,0,0,53,0,0,0,0,0,0,0,0,0,0,0,0,_order_graveyard,0,0,0,0,0,0,0,0,0,0,0,0,0,0,0,0,0,0,0,0,0,0,0,0,0,0
42,10018649925317144938,0,0,0,0,0,0,0,0,0,0,0,0,0,0,0,0,3510,0,0,0,0,0,0,0,1431,313715,0,0,0,101058,0,0,0,54,0,0,0,0,0,0,3510,0,0,0,0,0,order_wdc,0,0,0,0,0,0,0,1459,0,0,0,0,1459,3510,0,0,3510,0,0,0,0,0,0,0,0,0
42,10018649925317144938,0,0,0,0,0,0,0,0,0,0,0,0,0,0,0,0,0,0,0,0,0,0,0,0,0,0,0,0,0,0,0,0,0,55,0,0,0,0,0,0,0,0,0,0,0,0,_order_wdc_graveyard,0,0,0,0,0,0,0,0,0,0,0,0,0,0,0,0,0,0,0,0,0,0,0,0,0,0
42,10018649925317144938,438105,0,0,0,0,0,427905,0,0,0,0,0,0,0,0,0,0,0,0,0,0,0,98785,0,59203,7722446,0,0,0,1918212,0,999,0,56,0,0,0,0,0,0,12385,0,0,866010,0,0,orderline,1797055,999,0,0,0,0,0,60000,0,0,0,12312,60001,1809361,0,0,1809361,0,0,0,0,0,866029,0,0,0
42,10018649925317144938,0,0,0,0,0,0,0,0,0,0,0,0,0,0,0,0,0,0,0,0,0,0,0,0,0,0,0,0,0,0,0,0,0,57,0,0,0,0,0,0,0,0,0,0,0,0,_orderline_graveyard,0,0,0,0,0,0,0,0,0,0,0,0,0,0,0,0,0,0,0,0,0,0,0,0,0,0
42,10018649925317144938,0,0,0,0,0,0,0,0,0,0,0,0,0,0,0,0,0,0,0,0,0,0,0,0,0,1985672,0,0,0,0,0,0,0,58,0,0,0,0,0,0,0,0,0,0,0,0,item,0,0,0,0,0,0,0,0,0,0,0,0,0,992749,0,0,992747,0,0,0,0,0,0,0,0,0
43,10018649925317144938,0,0,0,0,0,0,0,0,0,0,0,0,0,0,0,0,0,0,0,0,0,0,0,0,0,0,0,0,0,0,0,0,0,61,0,0,0,0,0,0,0,0,0,0,0,0,_stock_graveyard,0,0,0,0,0,0,0,0,0,0,0,0,0,0,0,0,0,0,0,0,0,0,0,0,0,0
43,10018649925317144938,498178,0,0,0,0,0,485691,0,0,0,0,0,0,0,0,0,0,0,0,0,0,0,0,0,0,15088698,0,0,0,984929,0,0,0,60,0,0,0,0,0,0,1130,0,0,983866,0,0,stock,0,0,0,0,0,0,0,0,0,0,0,0,0,2786155,0,0,2786145,0,0,0,0,0,983871,0,0,0
43,10018649925317144938,0,0,0,0,0,0,0,0,0,0,0,0,0,0,0,0,0,0,0,0,0,0,0,0,0,0,0,0,0,0,0,0,0,59,0,0,0,0,0,0,0,0,0,0,0,0,_item_graveyard,0,0,0,0,0,0,0,0,0,0,0,0,0,0,0,0,0,0,0,0,0,0,0,0,0,0
43,10018649925317144938,0,0,0,0,0,0,0,0,0,0,0,0,0,0,0,0,0,0,0,0,0,0,310,0,2397,69058,0,0,0,68845,0,0,0,28,310,848,0,0,0,0,210,0,0,0,0,2699,_history_tree_14_updates,1974,0,0,0,0,0,0,5103,2699,0,0,0,7802,0,0,0,0,0,2397,0,0,0,0,0,0,0
43,10018649925317144938,0,0,0,0,0,0,0,0,0,0,0,0,0,0,0,0,0,0,0,0,0,0,949,0,5,8873,0,0,0,8857,0,0,0,27,2575,1,0,0,0,0,17,0,0,0,0,2580,_history_tree_13_removes,3008,0,0,0,0,0,0,2585,2580,0,0,0,5165,0,0,0,0,0,5,0,0,0,0,0,0,0
43,10018649925317144938,0,0,0,0,0,0,0,0,0,0,0,0,0,0,0,0,0,0,0,0,0,0,347,0,2318,66254,0,0,0,66042,0,0,0,26,347,788,0,0,0,0,212,0,0,0,0,2650,_history_tree_13_updates,1996,0,0,0,0,0,0,4983,2649,0,0,0,7632,0,0,0,0,0,2317,0,0,0,0,0,0,0
43,10018649925317144938,0,0,0,0,0,0,0,0,0,0,0,0,0,0,0,0,0,0,0,0,0,0,974,0,4,9056,0,0,0,9039,0,0,0,25,2640,1,0,0,0,0,17,0,0,0,0,2644,_history_tree_12_removes,3075,0,0,0,0,0,0,2648,2644,0,0,0,5292,0,0,0,0,0,4,0,0,0,0,0,0,0
43,10018649925317144938,0,0,0,0,0,0,0,0,0,0,0,0,0,0,0,0,0,0,0,0,0,0,338,0,2321,66523,0,0,0,66303,0,0,0,24,338,747,0,0,0,0,218,0,0,0,0,2655,_history_tree_12_updates,2028,0,0,0,0,0,0,4980,2655,0,0,0,7635,0,0,0,0,0,2321,0,0,0,0,0,0,0
43,10018649925317144938,0,0,0,0,0,0,0,0,0,0,0,0,0,0,0,0,0,0,0,0,0,0,1026,0,3,9172,0,0,0,9149,0,0,0,23,2621,1,0,0,0,0,22,0,0,0,0,2624,_history_tree_11_removes,3059,0,0,0,0,0,0,2627,2624,0,0,0,5251,0,0,0,0,0,3,0,0,0,0,0,0,0
43,10018649925317144938,0,0,0,0,0,0,0,0,0,0,0,0,0,0,0,0,0,0,0,0,0,0,321,0,2340,67220,0,0,0,67010,0,0,0,22,322,779,0,0,0,0,210,0,0,0,0,2651,_history_tree_11_updates,1994,0,0,0,0,0,0,5001,2651,0,0,0,7652,0,0,0,0,0,2339,0,0,0,0,0,0,0
43,10018649925317144938,0,0,0,0,0,0,0,0,0,0,0,0,0,0,0,0,0,0,0,0,0,0,1024,0,4,9197,0,0,0,9185,0,0,0,21,2638,0,0,0,0,0,12,0,0,0,0,2642,_history_tree_10_removes,3096,0,0,0,0,0,0,2646,2642,0,0,0,5288,0,0,0,0,0,4,0,0,0,0,0,0,0
43,10018649925317144938,0,0,0,0,0,0,0,0,0,0,0,0,0,0,0,0,0,0,0,0,0,0,354,0,2341,67280,0,0,0,67046,0,0,0,20,354,776,0,0,0,0,233,0,0,0,0,2696,_history_tree_10_updates,2046,0,0,0,0,0,0,5036,2695,0,0,0,7731,0,0,0,0,0,2341,0,0,0,0,0,0,0
43,10018649925317144938,0,0,0,0,0,0,0,0,0,0,0,0,0,0,0,0,0,0,0,0,0,0,984,0,3,9021,0,0,0,9003,0,0,0,19,2599,1,0,0,0,0,18,0,0,0,0,2602,_history_tree_9_removes,3050,0,0,0,0,0,0,2605,2602,0,0,0,5207,0,0,0,0,0,3,0,0,0,0,0,0,0
43,10018649925317144938,0,0,0,0,0,0,0,0,0,0,0,0,0,0,0,0,0,0,0,0,0,0,354,0,2346,67109,0,0,0,66909,0,0,0,18,354,795,0,0,0,0,197,0,0,0,0,2691,_history_tree_9_updates,2035,0,0,0,0,0,0,5045,2691,0,0,0,7736,0,0,0,0,0,2346,0,0,0,0,0,0,0
43,10018649925317144938,0,0,0,0,0,0,0,0,0,0,0,0,0,0,0,0,0,0,0,0,0,0,1051,0,2,9177,0,0,0,9163,0,0,0,17,2614,0,0,0,0,0,14,0,0,0,0,2616,_history_tree_8_removes,3064,0,0,0,0,0,0,2618,2616,0,0,0,5232,0,0,0,0,0,2,0,0,0,0,0,0,0
43,10018649925317144938,0,0,0,0,0,0,0,0,0,0,0,0,0,0,0,0,0,0,0,0,0,0,325,0,2346,67189,0,0,0,66965,0,0,0,16,325,786,0,0,0,0,225,0,0,0,0,2671,_history_tree_8_updates,2007,0,0,0,0,0,0,5018,2671,0,0,0,7689,0,0,0,0,0,2346,0,0,0,0,0,0,0
43,10018649925317144938,0,0,0,0,0,0,0,0,0,0,0,0,0,0,0,0,0,0,0,0,0,0,968,0,7,9006,0,0,0,8990,0,0,0,15,2641,1,0,0,0,0,16,0,0,0,0,2648,_history_tree_7_removes,3082,0,0,0,0,0,0,2655,2648,0,0,0,5303,0,0,0,0,0,7,0,0,0,0,0,0,0
43,10018649925317144938,0,0,0,0,0,0,0,0,0,0,0,0,0,0,0,0,0,0,0,0,0,0,352,0,2371,67486,0,0,0,67267,0,0,0,14,352,808,0,0,0,0,219,0,0,0,0,2662,_history_tree_7_updates,2053,0,0,0,0,0,0,5093,2662,0,0,0,7755,0,0,0,0,0,2370,0,0,0,0,0,0,0
43,10018649925317144938,0,0,0,0,0,0,0,0,0,0,0,0,0,0,0,0,0,0,0,0,0,0,1031,0,6,9223,0,0,0,9206,0,0,0,13,2634,4,0,0,0,0,16,0,0,0,0,2640,_history_tree_6_removes,3084,0,0,0,0,0,0,2646,2640,0,0,0,5286,0,0,0,0,0,6,0,0,0,0,0,0,0
43,10018649925317144938,0,0,0,0,0,0,0,0,0,0,0,0,0,21724017,22301805,0,0,0,0,0,0,0,331,0,2342,67139,0,0,0,66933,0,0,0,0,331,811,0,0,0,0,206,0,0,0,0,2672,_history_tree_0_updates,1982,0,1483473,0,0,0,0,5017,2673,0,0,0,7691,0,0,0,0,0,2344,0,0,0,0,706568,0,0
43,10018649925317144938,0,0,0,0,0,0,0,0,0,0,0,0,0,0,0,0,0,0,0,0,0,0,1033,0,4,9151,0,0,0,9136,0,0,0,1,2564,0,0,0,0,0,15,0,0,0,0,2568,_history_tree_0_removes,3027,0,0,0,0,0,0,2572,2568,0,0,0,5140,0,0,0,0,0,4,0,0,0,0,0,0,0
43,10018649925317144938,0,0,0,0,0,0,0,0,0,0,0,0,0,0,0,0,0,0,0,0,0,0,330,0,2395,68847,0,0,0,68638,0,0,0,2,330,842,0,0,0,0,210,0,0,0,0,2703,_history_tree_1_updates,2007,0,0,0,0,0,0,5119,2703,0,0,0,7822,0,0,0,0,0,2394,0,0,0,0,0,0,0
43,10018649925317144938,0,0,0,0,0,0,0,0,0,0,0,0,0,0,0,0,0,0,0,0,0,0,1036,0,8,9526,0,0,0,9518,0,0,0,3,2628,3,0,0,0,0,8,0,0,0,0,2637,_history_tree_1_removes,3085,0,0,0,0,0,0,2645,2637,0,0,0,5282,0,0,0,0,0,8,0,0,0,0,0,0,0
43,10018649925317144938,0,0,0,0,0,0,0,0,0,0,0,0,0,0,0,0,0,0,0,0,0,0,383,0,2321,66505,0,0,0,66284,0,0,0,4,383,777,0,0,0,0,223,0,0,0,0,2704,_history_tree_2_updates,2041,0,0,0,0,0,0,5026,2704,0,0,0,7730,0,0,0,0,0,2321,0,0,0,0,0,0,0
43,10018649925317144938,0,0,0,0,0,0,0,0,0,0,0,0,0,0,0,0,0,0,0,0,0,0,963,0,5,8932,0,0,0,8923,0,0,0,5,2581,1,0,0,0,0,9,0,0,0,0,2586,_history_tree_2_removes,3021,0,0,0,0,0,0,2591,2586,0,0,0,5177,0,0,0,0,0,5,0,0,0,0,0,0,0
43,10018649925317144938,0,0,0,0,0,0,0,0,0,0,0,0,0,0,0,0,0,0,0,0,0,0,326,0,2345,67260,0,0,0,67035,0,0,0,6,326,748,0,0,0,0,223,0,0,0,0,2671,_history_tree_3_updates,2031,0,0,0,0,0,0,5016,2671,0,0,0,7687,0,0,0,0,0,2345,0,0,0,0,0,0,0
43,10018649925317144938,0,0,0,0,0,0,0,0,0,0,0,0,0,0,0,0,0,0,0,0,0,0,1034,0,3,9162,0,0,0,9143,0,0,0,7,2673,1,0,0,0,0,19,0,0,0,0,2676,_history_tree_3_removes,3112,0,0,0,0,0,0,2679,2676,0,0,0,5355,0,0,0,0,0,3,0,0,0,0,0,0,0
43,10018649925317144938,0,0,0,0,0,0,0,0,0,0,0,0,0,0,0,0,0,0,0,0,0,0,350,0,2399,69369,0,0,0,69171,0,0,0,8,350,886,0,0,0,0,198,0,0,0,0,2742,_history_tree_4_updates,1983,0,0,0,0,0,0,5149,2742,0,0,0,7891,0,0,0,0,0,2400,0,0,0,0,0,0,0
43,10018649925317144938,0,0,0,0,0,0,0,0,0,0,0,0,0,0,0,0,0,0,0,0,0,0,1083,0,6,9852,0,0,0,9837,0,0,0,9,2544,1,0,0,0,0,15,0,0,0,0,2550,_history_tree_4_removes,3017,0,0,0,0,0,0,2556,2550,0,0,0,5106,0,0,0,0,0,6,0,0,0,0,0,0,0
43,10018649925317144938,0,0,0,0,0,0,0,0,0,0,0,0,0,0,0,0,0,0,0,0,0,0,321,0,2359,67613,0,0,0,67409,0,0,0,10,321,771,0,0,0,0,204,0,0,0,0,2681,_history_tree_5_updates,2033,0,0,0,0,0,0,5041,2681,0,0,0,7722,0,0,0,0,0,2360,0,0,0,0,0,0,0
43,10018649925317144938,0,0,0,0,0,0,0,0,0,0,0,0,0,0,0,0,0,0,0,0,0,0,1038,0,5,9281,0,0,0,9267,0,0,0,11,2632,1,0,0,0,0,14,0,0,0,0,2637,_history_tree_5_removes,3073,0,0,0,0,0,0,2642,2637,0,0,0,5279,0,0,0,0,0,5,0,0,0,0,0,0,0
43,10018649925317144938,0,0,0,0,0,0,0,0,0,0,0,0,0,0,0,0,0,0,0,0,0,0,352,0,2319,66656,0,0,0,66453,0,0,0,12,352,759,0,0,0,0,204,0,0,0,0,2620,_history_tree_6_updates,2033,0,0,0,0,0,0,4992,2620,0,0,0,7612,0,0,0,0,0,2321,0,0,0,0,0,0,0
43,10018649925317144938,0,0,0,0,0,0,0,0,0,0,0,0,0,0,0,0,0,0,0,0,0,0,1070,0,7,9669,0,0,0,9656,0,0,0,29,2609,2,0,0,0,0,13,0,0,0,0,2616,_history_tree_14_removes,3069,0,0,0,0,0,0,2623,2616,0,0,0,5239,0,0,0,0,0,7,0,0,0,0,0,0,0
43,10018649925317144938,0,0,0,0,0,0,0,0,0,0,0,0,0,0,0,0,0,0,0,0,0,0,355,0,2369,67854,0,0,0,67650,0,0,0,30,355,827,0,0,0,0,203,0,0,0,0,2707,_history_tree_15_updates,2024,0,0,0,0,0,0,5091,2707,0,0,0,7798,0,0,0,0,0,2367,0,0,0,0,0,0,0
43,10018649925317144938,0,0,0,0,0,0,0,0,0,0,0,0,0,0,0,0,0,0,0,0,0,0,1013,0,8,9330,0,0,0,9315,0,0,0,31,2620,4,0,0,0,0,16,0,0,0,0,2628,_history_tree_15_removes,3073,0,0,0,0,0,0,2635,2627,0,0,0,5262,0,0,0,0,0,8,0,0,0,0,0,0,0
43,10018649925317144938,0,0,0,0,0,0,0,0,0,0,0,0,0,0,0,0,0,0,0,0,0,0,385,0,2366,68279,0,0,0,68074,0,0,0,32,385,799,0,0,0,0,203,0,0,0,0,2750,_history_tree_16_updates,2067,0,0,0,0,0,0,5116,2750,0,0,0,7866,0,0,0,0,0,2365,0,0,0,0,0,0,0
43,10018649925317144938,0,0,0,0,0,0,0,0,0,0,0,0,0,0,0,0,0,0,0,0,0,0,1100,0,4,9514,0,0,0,9501,0,0,0,33,2631,0,0,0,0,0,14,0,0,0,0,2635,_history_tree_16_removes,3095,0,0,0,0,0,0,2639,2635,0,0,0,5274,0,0,0,0,0,4,0,0,0,0,0,0,0
43,10018649925317144938,0,0,0,0,0,0,0,0,0,0,0,0,0,0,0,0,0,0,0,0,0,0,405,0,2381,144508,0,0,0,72074,0,0,0,34,10459,2779,0,0,0,0,182,0,0,0,0,6267,_history_tree_17_updates,3917,0,0,0,0,0,0,15219,12532,2,0,0,21486,0,0,0,0,0,2377,0,0,0,0,0,0,0
43,10018649925317144938,0,0,0,0,0,0,0,0,0,0,0,0,0,0,0,0,0,0,0,0,0,0,812,0,22,9063,0,0,0,9048,0,0,0,35,2406,14,0,0,0,0,15,0,0,0,0,2428,_history_tree_17_removes,2827,0,0,0,0,0,0,2450,2428,0,0,0,4878,0,0,0,0,0,22,0,0,0,0,0,0,0
43,10018649925317144938,0,0,0,0,0,0,0,0,0,0,0,0,0,0,0,0,0,0,0,0,0,0,308,0,2363,67809,0,0,0,67598,0,0,0,36,308,818,0,0,0,0,210,0,0,0,0,2670,_history_tree_18_updates,1951,0,0,0,0,0,0,5033,2670,0,0,0,7703,0,0,0,0,0,2362,0,0,0,0,0,0,0
43,10018649925317144938,0,0,0,0,0,0,0,0,0,0,0,0,0,0,0,0,0,0,0,0,0,0,1051,0,4,9298,0,0,0,9283,0,0,0,37,2588,0,0,0,0,0,15,0,0,0,0,2592,_history_tree_18_removes,3026,0,0,0,0,0,0,2596,2592,0,0,0,5188,0,0,0,0,0,4,0,0,0,0,0,0,0
43,10018649925317144938,0,0,0,0,0,0,0,0,0,0,0,0,0,0,0,0,0,0,0,0,0,0,337,0,2370,67820,0,0,0,67592,0,0,0,38,337,815,0,0,0,0,226,0,0,0,0,2665,_history_tree_19_updates,2015,0,0,0,0,0,0,5079,2665,0,0,0,7744,0,0,0,0,0,2372,0,0,0,0,0,0,0
43,10018649925317144938,0,0,0,0,0,0,0,0,0,0,0,0,0,0,0,0,0,0,0,0,0,0,983,0,6,9125,0,0,0,9110,0,0,0,39,2608,3,0,0,0,0,15,0,0,0,0,2614,_history_tree_19_removes,3054,0,0,0,0,0,0,2620,2614,0,0,0,5234,0,0,0,0,0,6,0,0,0,0,0,0,0
43,10018649925317144938,49002,0,0,0,0,0,45461,0,0,0,0,0,0,0,0,0,0,0,0,0,0,0,0,0,0,293698,0,0,0,96428,0,0,0,40,0,0,0,0,0,0,2073,0,0,94460,0,0,warehouse,0,0,0,0,0,0,0,0,0,0,0,0,0,194781,0,0,194781,0,0,0,0,0,94454,0,0,0
43,10018649925317144938,0,0,0,0,0,0,0,0,0,0,0,0,0,0,0,0,0,0,0,0,0,0,0,0,0,0,0,0,0,0,0,0,0,41,0,0,0,0,0,0,0,0,0,0,0,0,_warehouse_graveyard,0,0,0,0,0,0,0,0,0,0,0,0,0,0,0,0,0,0,0,0,0,0,0,0,0,0
43,10018649925317144938,96694,0,0,0,0,0,95072,0,0,0,0,0,0,0,0,0,0,0,0,0,0,0,0,0,0,298402,0,0,0,193891,0,0,0,42,0,0,0,0,0,0,998,0,0,191766,0,0,district,0,0,0,0,0,0,0,0,0,0,0,0,0,103441,0,0,103444,0,0,0,0,0,191763,0,0,0
43,10018649925317144938,0,0,0,0,0,0,0,0,0,0,0,0,0,0,0,0,0,0,0,0,0,0,0,0,0,0,0,0,0,0,0,0,0,43,0,0,0,0,0,0,0,0,0,0,0,0,_district_graveyard,0,0,0,0,0,0,0,0,0,0,0,0,0,0,0,0,0,0,0,0,0,0,0,0,0,0
43,10018649925317144938,62933,0,0,0,0,0,59837,0,0,0,0,0,0,0,0,0,0,0,0,0,0,0,0,0,0,788859,0,0,0,122796,0,0,0,44,0,0,0,0,0,0,8,0,0,122776,0,0,customer,0,0,0,0,0,0,0,0,0,0,0,0,0,140150,0,0,140150,0,0,0,0,0,122779,0,0,0
43,10018649925317144938,0,0,0,0,0,0,0,0,0,0,0,0,0,0,0,0,0,0,0,0,0,0,0,0,0,0,0,0,0,0,0,0,0,45,0,0,0,0,0,0,0,0,0,0,0,0,_customer_graveyard,0,0,0,0,0,0,0,0,0,0,0,0,0,0,0,0,0,0,0,0,0,0,0,0,0,0
43,10018649925317144938,0,0,0,0,0,0,0,0,0,0,0,0,0,0,0,0,0,0,0,0,0,0,0,0,0,184579,0,0,0,0,0,0,0,46,0,0,0,0,0,0,61522,0,0,0,0,0,customerwdl,0,0,0,0,0,0,0,0,0,0,0,61523,0,61523,0,0,61523,0,0,0,0,0,0,0,0,0
43,10018649925317144938,0,0,0,0,0,0,0,0,0,0,0,0,0,0,0,0,0,0,0,0,0,0,0,0,0,0,0,0,0,0,0,0,0,47,0,0,0,0,0,0,0,0,0,0,0,0,_customerwdl_graveyard,0,0,0,0,0,0,0,0,0,0,0,0,0,0,0,0,0,0,0,0,0,0,0,0,0,0
43,10018649925317144938,0,0,0,0,0,0,0,0,0,0,0,0,0,0,0,0,0,0,0,0,0,0,0,0,2216,118614,0,0,0,39538,0,0,0,48,0,0,0,0,0,0,0,0,0,0,0,0,history,0,0,0,0,0,0,0,2238,0,0,0,0,2238,0,0,0,0,0,0,0,0,0,0,0,0,0
43,10018649925317144938,0,0,0,0,0,0,0,0,0,0,0,0,0,0,0,0,0,0,0,0,0,0,0,0,0,0,0,0,0,0,0,0,0,49,0,0,0,0,0,0,0,0,0,0,0,0,_history_graveyard,0,0,0,0,0,0,0,0,0,0,0,0,0,0,0,0,0,0,0,0,0,0,0,0,0,0
43,10018649925317144938,42770,85450,0,85450,0,0,42700,0,0,0,0,0,0,0,0,0,0,0,0,0,0,0,56274,0,2055,1145190,0,0,0,271720,0,9697,0,50,9,0,0,0,0,0,110009,0,0,0,0,0,neworder,90199,9699,0,0,0,0,0,3841,9,0,0,85781,3841,95482,0,0,95484,0,1775,0,0,0,0,0,0,0
43,10018649925317144938,0,0,0,0,0,0,0,0,0,0,0,0,0,0,0,0,0,0,0,0,0,0,0,0,0,0,0,0,0,0,0,0,0,51,0,0,0,0,0,0,0,0,0,0,0,0,_neworder_graveyard,0,0,0,0,0,0,0,0,0,0,0,0,0,0,0,0,0,0,0,0,0,0,0,0,0,0
43,10018649925317144938,43329,0,0,0,0,0,42168,0,0,0,0,0,0,0,0,0,0,0,0,0,0,0,0,0,4795,833373,0,0,0,188735,0,0,0,52,0,0,0,0,0,0,0,0,0,85502,0,0,order,0,0,0,0,0,0,0,5302,0,0,0,0,5302,89055,0,0,89056,0,0,0,0,0,85503,0,0,0
43,10018649925317144938,0,0,0,0,0,0,0,0,0,0,0,0,0,0,0,0,0,0,0,0,0,0,0,0,0,0,0,0,0,0,0,0,0,53,0,0,0,0,0,0,0,0,0,0,0,0,_order_graveyard,0,0,0,0,0,0,0,0,0,0,0,0,0,0,0,0,0,0,0,0,0,0,0,0,0,0
43,10018649925317144938,0,0,0,0,0,0,0,0,0,0,0,0,0,0,0,0,3552,0,0,0,0,0,0,0,1357,309966,0,0,0,99771,0,0,0,54,0,0,0,0,0,0,3552,0,0,0,0,0,order_wdc,0,0,0,0,0,0,0,1380,0,0,0,0,1380,3553,0,0,3553,0,0,0,0,0,0,0,0,0
43,10018649925317144938,0,0,0,0,0,0,0,0,0,0,0,0,0,0,0,0,0,0,0,0,0,0,0,0,0,0,0,0,0,0,0,0,0,55,0,0,0,0,0,0,0,0,0,0,0,0,_order_wdc_graveyard,0,0,0,0,0,0,0,0,0,0,0,0,0,0,0,0,0,0,0,0,0,0,0,0,0,0
43,10018649925317144938,431399,0,0,0,0,0,421667,0,0,0,0,0,0,0,0,0,0,0,0,0,0,0,101308,0,58623,7630376,0,0,0,1894977,0,986,0,56,0,0,0,0,0,0,12625,0,0,853086,0,0,orderline,1838649,986,0,0,0,0,0,59421,0,0,0,12545,59421,1851208,0,0,1851222,0,0,0,0,0,853077,0,0,0
43,10018649925317144938,0,0,0,0,0,0,0,0,0,0,0,0,0,0,0,0,0,0,0,0,0,0,0,0,0,0,0,0,0,0,0,0,0,57,0,0,0,0,0,0,0,0,0,0,0,0,_orderline_graveyard,0,0,0,0,0,0,0,0,0,0,0,0,0,0,0,0,0,0,0,0,0,0,0,0,0,0
43,10018649925317144938,0,0,0,0,0,0,0,0,0,0,0,0,0,0,0,0,0,0,0,0,0,0,0,0,0,1966152,0,0,0,0,0,0,0,58,0,0,0,0,0,0,0,0,0,0,0,0,item,0,0,0,0,0,0,0,0,0,0,0,0,0,983123,0,0,983128,0,0,0,0,0,0,0,0,0
44,10018649925317144938,0,0,0,0,0,0,0,0,0,0,0,0,0,0,0,0,0,0,0,0,0,0,0,0,0,0,0,0,0,0,0,0,0,61,0,0,0,0,0,0,0,0,0,0,0,0,_stock_graveyard,0,0,0,0,0,0,0,0,0,0,0,0,0,0,0,0,0,0,0,0,0,0,0,0,0,0
44,10018649925317144938,501015,0,0,0,0,0,488673,0,0,0,0,0,0,0,0,0,0,0,0,0,0,0,0,0,0,15066384,0,0,0,990814,0,0,0,60,0,0,0,0,0,0,1135,0,0,989692,0,0,stock,0,0,0,0,0,0,0,0,0,0,0,0,0,2774570,0,0,2774559,0,0,0,0,0,989728,0,0,0
44,10018649925317144938,0,0,0,0,0,0,0,0,0,0,0,0,0,0,0,0,0,0,0,0,0,0,0,0,0,0,0,0,0,0,0,0,0,59,0,0,0,0,0,0,0,0,0,0,0,0,_item_graveyard,0,0,0,0,0,0,0,0,0,0,0,0,0,0,0,0,0,0,0,0,0,0,0,0,0,0
44,10018649925317144938,0,0,0,0,0,0,0,0,0,0,0,0,0,0,0,0,0,0,0,0,0,0,362,0,2328,66576,0,0,0,66366,0,0,0,28,362,779,0,0,0,0,214,0,0,0,0,2688,_history_tree_14_updates,2028,0,0,0,0,0,0,5018,2688,0,0,0,7706,0,0,0,0,0,2327,0,0,0,0,0,0,0
44,10018649925317144938,0,0,0,0,0,0,0,0,0,0,0,0,0,0,0,0,0,0,0,0,0,0,1035,0,8,9392,0,0,0,9372,0,0,0,27,2550,3,0,0,0,0,19,0,0,0,0,2558,_history_tree_13_removes,3003,0,0,0,0,0,0,2566,2558,0,0,0,5124,0,0,0,0,0,8,0,0,0,0,0,0,0
44,10018649925317144938,0,0,0,0,0,0,0,0,0,0,0,0,0,0,0,0,0,0,0,0,0,0,353,0,2378,68349,0,0,0,68118,0,0,0,26,353,815,0,0,0,0,229,0,0,0,0,2704,_history_tree_13_updates,2023,0,0,0,0,0,0,5109,2704,0,0,0,7813,0,0,0,0,0,2379,0,0,0,0,0,0,0
44,10018649925317144938,0,0,0,0,0,0,0,0,0,0,0,0,0,0,0,0,0,0,0,0,0,0,1024,0,6,9339,0,0,0,9327,0,0,0,25,2655,1,0,0,0,0,13,0,0,0,0,2661,_history_tree_12_removes,3094,0,0,0,0,0,0,2668,2662,0,0,0,5330,0,0,0,0,0,6,0,0,0,0,0,0,0
44,10018649925317144938,0,0,0,0,0,0,0,0,0,0,0,0,0,0,0,0,0,0,0,0,0,0,291,0,2379,68183,0,0,0,67976,0,0,0,24,291,801,0,0,0,0,208,0,0,0,0,2663,_history_tree_12_updates,1978,0,0,0,0,0,0,5047,2663,0,0,0,7711,0,0,0,0,0,2377,0,0,0,0,0,0,0
44,10018649925317144938,0,0,0,0,0,0,0,0,0,0,0,0,0,0,0,0,0,0,0,0,0,0,1046,0,5,9143,0,0,0,9132,0,0,0,23,2610,2,0,0,0,0,11,0,0,0,0,2615,_history_tree_11_removes,3052,0,0,0,0,0,0,2620,2615,0,0,0,5235,0,0,0,0,0,5,0,0,0,0,0,0,0
44,10018649925317144938,0,0,0,0,0,0,0,0,0,0,0,0,0,0,0,0,0,0,0,0,0,0,288,0,2371,67914,0,0,0,67694,0,0,0,22,289,770,0,0,0,0,221,0,0,0,0,2645,_history_tree_11_updates,2015,0,0,0,0,0,0,5031,2645,0,0,0,7676,0,0,0,0,0,2371,0,0,0,0,0,0,0
44,10018649925317144938,0,0,0,0,0,0,0,0,0,0,0,0,0,0,0,0,0,0,0,0,0,0,1088,0,4,9431,0,0,0,9420,0,0,0,21,2587,0,0,0,0,0,11,0,0,0,0,2591,_history_tree_10_removes,3062,0,0,0,0,0,0,2595,2591,0,0,0,5186,0,0,0,0,0,4,0,0,0,0,0,0,0
44,10018649925317144938,0,0,0,0,0,0,0,0,0,0,0,0,0,0,0,0,0,0,0,0,0,0,320,0,2384,68542,0,0,0,68338,0,0,0,20,323,817,0,0,0,0,200,0,0,0,0,2708,_history_tree_10_updates,2016,0,0,0,0,0,0,5092,2708,0,0,0,7800,0,0,0,0,0,2385,0,0,0,0,0,0,0
44,10018649925317144938,0,0,0,0,0,0,0,0,0,0,0,0,0,0,0,0,0,0,0,0,0,0,1026,0,6,9292,0,0,0,9276,0,0,0,19,2548,1,0,0,0,0,16,0,0,0,0,2554,_history_tree_9_removes,3003,0,0,0,0,0,0,2560,2554,0,0,0,5114,0,0,0,0,0,6,0,0,0,0,0,0,0
44,10018649925317144938,0,0,0,0,0,0,0,0,0,0,0,0,0,0,0,0,0,0,0,0,0,0,375,0,2367,67836,0,0,0,67651,0,0,0,18,375,851,0,0,0,0,186,0,0,0,0,2731,_history_tree_9_updates,1994,0,0,0,0,0,0,5109,2731,0,0,0,7840,0,0,0,0,0,2367,0,0,0,0,0,0,0
44,10018649925317144938,0,0,0,0,0,0,0,0,0,0,0,0,0,0,0,0,0,0,0,0,0,0,1080,0,3,9491,0,0,0,9473,0,0,0,17,2634,1,0,0,0,0,18,0,0,0,0,2637,_history_tree_8_removes,3106,0,0,0,0,0,0,2640,2637,0,0,0,5277,0,0,0,0,0,3,0,0,0,0,0,0,0
44,10018649925317144938,0,0,0,0,0,0,0,0,0,0,0,0,0,0,0,0,0,0,0,0,0,0,321,0,2383,68466,0,0,0,68256,0,0,0,16,321,788,0,0,0,0,208,0,0,0,0,2702,_history_tree_8_updates,2041,0,0,0,0,0,0,5086,2702,0,0,0,7788,0,0,0,0,0,2383,0,0,0,0,0,0,0
44,10018649925317144938,0,0,0,0,0,0,0,0,0,0,0,0,0,0,0,0,0,0,0,0,0,0,1001,0,6,9006,0,0,0,8989,0,0,0,15,2619,2,0,0,0,0,17,0,0,0,0,2625,_history_tree_7_removes,3061,0,0,0,0,0,0,2631,2625,0,0,0,5256,0,0,0,0,0,6,0,0,0,0,0,0,0
44,10018649925317144938,0,0,0,0,0,0,0,0,0,0,0,0,0,0,0,0,0,0,0,0,0,0,344,0,2334,66742,0,0,0,66534,0,0,0,14,344,764,0,0,0,0,209,0,0,0,0,2645,_history_tree_7_updates,2050,0,0,0,0,0,0,5014,2645,0,0,0,7659,0,0,0,0,0,2335,0,0,0,0,0,0,0
44,10018649925317144938,0,0,0,0,0,0,0,0,0,0,0,0,0,0,0,0,0,0,0,0,0,0,1059,0,11,9618,0,0,0,9605,0,0,0,13,2575,6,0,0,0,0,13,0,0,0,0,2586,_history_tree_6_removes,3052,0,0,0,0,0,0,2598,2587,0,0,0,5185,0,0,0,0,0,11,0,0,0,0,0,0,0
44,10018649925317144938,0,0,0,0,0,0,0,0,0,0,0,0,0,21826892,22479113,0,0,0,0,0,0,0,343,0,2382,67999,0,0,0,67779,0,0,0,0,343,837,0,0,0,0,219,0,0,0,0,2701,_history_tree_0_updates,2016,0,1494344,0,0,0,0,5107,2700,0,0,0,7806,0,0,0,0,0,2382,0,0,0,0,695580,0,0
44,10018649925317144938,0,0,0,0,0,0,0,0,0,0,0,0,0,0,0,0,0,0,0,0,0,0,975,0,5,9093,0,0,0,9079,0,0,0,1,2592,2,0,0,0,0,14,0,0,0,0,2597,_history_tree_0_removes,3037,0,0,0,0,0,0,2602,2597,0,0,0,5199,0,0,0,0,0,5,0,0,0,0,0,0,0
44,10018649925317144938,0,0,0,0,0,0,0,0,0,0,0,0,0,0,0,0,0,0,0,0,0,0,390,0,2354,67589,0,0,0,67395,0,0,0,2,390,850,0,0,0,0,192,0,0,0,0,2745,_history_tree_1_updates,1994,0,0,0,0,0,0,5099,2745,0,0,0,7844,0,0,0,0,0,2355,0,0,0,0,0,0,0
44,10018649925317144938,0,0,0,0,0,0,0,0,0,0,0,0,0,0,0,0,0,0,0,0,0,0,994,0,7,9242,0,0,0,9221,0,0,0,3,2563,0,0,0,0,0,21,0,0,0,0,2569,_history_tree_1_removes,3006,0,0,0,0,0,0,2576,2569,0,0,0,5145,0,0,0,0,0,7,0,0,0,0,0,0,0
44,10018649925317144938,0,0,0,0,0,0,0,0,0,0,0,0,0,0,0,0,0,0,0,0,0,0,301,0,2393,68677,0,0,0,68483,0,0,0,4,301,839,0,0,0,0,192,0,0,0,0,2668,_history_tree_2_updates,1978,0,0,0,0,0,0,5085,2668,0,0,0,7753,0,0,0,0,0,2392,0,0,0,0,0,0,0
44,10018649925317144938,0,0,0,0,0,0,0,0,0,0,0,0,0,0,0,0,0,0,0,0,0,0,1030,0,5,9371,0,0,0,9362,0,0,0,5,2538,2,0,0,0,0,9,0,0,0,0,2543,_history_tree_2_removes,3002,0,0,0,0,0,0,2549,2544,0,0,0,5093,0,0,0,0,0,5,0,0,0,0,0,0,0
44,10018649925317144938,0,0,0,0,0,0,0,0,0,0,0,0,0,0,0,0,0,0,0,0,0,0,357,0,2391,68697,0,0,0,68475,0,0,0,6,357,853,0,0,0,0,222,0,0,0,0,2725,_history_tree_3_updates,2014,0,0,0,0,0,0,5140,2725,0,0,0,7865,0,0,0,0,0,2392,0,0,0,0,0,0,0
44,10018649925317144938,0,0,0,0,0,0,0,0,0,0,0,0,0,0,0,0,0,0,0,0,0,0,1037,0,8,9428,0,0,0,9416,0,0,0,7,2585,3,0,0,0,0,12,0,0,0,0,2593,_history_tree_3_removes,3055,0,0,0,0,0,0,2601,2593,0,0,0,5194,0,0,0,0,0,8,0,0,0,0,0,0,0
44,10018649925317144938,0,0,0,0,0,0,0,0,0,0,0,0,0,0,0,0,0,0,0,0,0,0,364,0,2355,67458,0,0,0,67249,0,0,0,8,364,808,0,0,0,0,207,0,0,0,0,2716,_history_tree_4_updates,2030,0,0,0,0,0,0,5074,2716,0,0,0,7790,0,0,0,0,0,2355,0,0,0,0,0,0,0
44,10018649925317144938,0,0,0,0,0,0,0,0,0,0,0,0,0,0,0,0,0,0,0,0,0,0,966,0,7,9175,0,0,0,9162,0,0,0,9,2581,3,0,0,0,0,13,0,0,0,0,2588,_history_tree_4_removes,3024,0,0,0,0,0,0,2595,2588,0,0,0,5183,0,0,0,0,0,7,0,0,0,0,0,0,0
44,10018649925317144938,0,0,0,0,0,0,0,0,0,0,0,0,0,0,0,0,0,0,0,0,0,0,324,0,2374,67980,0,0,0,67762,0,0,0,10,324,790,0,0,0,0,221,0,0,0,0,2698,_history_tree_5_updates,2040,0,0,0,0,0,0,5071,2698,0,0,0,7769,0,0,0,0,0,2374,0,0,0,0,0,0,0
44,10018649925317144938,0,0,0,0,0,0,0,0,0,0,0,0,0,0,0,0,0,0,0,0,0,0,996,0,5,9238,0,0,0,9222,0,0,0,11,2661,1,0,0,0,0,16,0,0,0,0,2666,_history_tree_5_removes,3128,0,0,0,0,0,0,2671,2666,0,0,0,5337,0,0,0,0,0,5,0,0,0,0,0,0,0
44,10018649925317144938,0,0,0,0,0,0,0,0,0,0,0,0,0,0,0,0,0,0,0,0,0,0,347,0,2426,69641,0,0,0,69443,0,0,0,12,347,907,0,0,0,0,196,0,0,0,0,2658,_history_tree_6_updates,1994,0,0,0,0,0,0,5196,2658,0,0,0,7854,0,0,0,0,0,2423,0,0,0,0,0,0,0
44,10018649925317144938,0,0,0,0,0,0,0,0,0,0,0,0,0,0,0,0,0,0,0,0,0,0,1025,0,4,8974,0,0,0,8960,0,0,0,29,2629,0,0,0,0,0,14,0,0,0,0,2633,_history_tree_14_removes,3084,0,0,0,0,0,0,2637,2633,0,0,0,5270,0,0,0,0,0,4,0,0,0,0,0,0,0
44,10018649925317144938,0,0,0,0,0,0,0,0,0,0,0,0,0,0,0,0,0,0,0,0,0,0,340,0,2370,68457,0,0,0,68248,0,0,0,30,340,800,0,0,0,0,205,0,0,0,0,2712,_history_tree_15_updates,2014,0,0,0,0,0,0,5082,2712,0,0,0,7794,0,0,0,0,0,2372,0,0,0,0,0,0,0
44,10018649925317144938,0,0,0,0,0,0,0,0,0,0,0,0,0,0,0,0,0,0,0,0,0,0,1063,0,4,9587,0,0,0,9575,0,0,0,31,2587,0,0,0,0,0,11,0,0,0,0,2591,_history_tree_15_removes,3048,0,0,0,0,0,0,2595,2591,0,0,0,5188,0,0,0,0,0,4,0,0,0,0,0,0,0
44,10018649925317144938,0,0,0,0,0,0,0,0,0,0,0,0,0,0,0,0,0,0,0,0,0,0,306,0,2395,69131,0,0,0,68934,0,0,0,32,306,834,0,0,0,0,197,0,0,0,0,2699,_history_tree_16_updates,2026,0,0,0,0,0,0,5094,2699,0,0,0,7793,0,0,0,0,0,2393,0,0,0,0,0,0,0
44,10018649925317144938,0,0,0,0,0,0,0,0,0,0,0,0,0,0,0,0,0,0,0,0,0,0,1082,0,4,9685,0,0,0,9666,0,0,0,33,2578,0,0,0,0,0,17,0,0,0,0,2582,_history_tree_16_removes,3091,0,0,0,0,0,0,2586,2582,0,0,0,5168,0,0,0,0,0,4,0,0,0,0,0,0,0
44,10018649925317144938,0,0,0,0,0,0,0,0,0,0,0,0,0,0,0,0,0,0,0,0,0,0,341,0,2332,141436,0,0,0,70532,0,0,0,34,10651,2675,0,0,0,0,185,0,0,0,0,6358,_history_tree_17_updates,4077,0,0,0,0,0,0,15317,12716,0,0,0,21675,0,0,0,0,0,2334,0,0,0,0,0,0,0
44,10018649925317144938,0,0,0,0,0,0,0,0,0,0,0,0,0,0,0,0,0,0,0,0,0,0,747,0,19,8564,0,0,0,8546,0,0,0,35,2519,10,0,0,0,0,18,0,0,0,0,2538,_history_tree_17_removes,2914,0,0,0,0,0,0,2557,2538,0,0,0,5095,0,0,0,0,0,19,0,0,0,0,0,0,0
44,10018649925317144938,0,0,0,0,0,0,0,0,0,0,0,0,0,0,0,0,0,0,0,0,0,0,322,0,2385,68490,0,0,0,68273,0,0,0,36,323,833,0,0,0,0,217,0,0,0,0,2702,_history_tree_18_updates,1993,0,0,0,0,0,0,5094,2703,0,0,0,7797,0,0,0,0,0,2386,0,0,0,0,0,0,0
44,10018649925317144938,0,0,0,0,0,0,0,0,0,0,0,0,0,0,0,0,0,0,0,0,0,0,1069,0,8,9434,0,0,0,9419,0,0,0,37,2596,3,0,0,0,0,15,0,0,0,0,2604,_history_tree_18_removes,3054,0,0,0,0,0,0,2612,2604,0,0,0,5216,0,0,0,0,0,8,0,0,0,0,0,0,0
44,10018649925317144938,0,0,0,0,0,0,0,0,0,0,0,0,0,0,0,0,0,0,0,0,0,0,392,0,2318,66378,0,0,0,66176,0,0,0,38,392,805,0,0,0,0,201,0,0,0,0,2655,_history_tree_19_updates,2039,0,0,0,0,0,0,5028,2655,0,0,0,7683,0,0,0,0,0,2318,0,0,0,0,0,0,0
44,10018649925317144938,0,0,0,0,0,0,0,0,0,0,0,0,0,0,0,0,0,0,0,0,0,0,970,0,6,8939,0,0,0,8924,0,0,0,39,2536,3,0,0,0,0,15,0,0,0,0,2542,_history_tree_19_removes,3005,0,0,0,0,0,0,2548,2542,0,0,0,5090,0,0,0,0,0,6,0,0,0,0,0,0,0
44,10018649925317144938,49003,0,0,0,0,0,45679,0,0,0,0,0,0,0,0,0,0,0,0,0,0,0,0,0,0,294927,0,0,0,96630,0,0,0,40,0,0,0,0,0,0,1996,0,0,94687,0,0,warehouse,0,0,0,0,0,0,0,0,0,0,0,0,0,195886,0,0,195885,0,0,0,0,0,94689,0,0,0
44,10018649925317144938,0,0,0,0,0,0,0,0,0,0,0,0,0,0,0,0,0,0,0,0,0,0,0,0,0,0,0,0,0,0,0,0,0,41,0,0,0,0,0,0,0,0,0,0,0,0,_warehouse_graveyard,0,0,0,0,0,0,0,0,0,0,0,0,0,0,0,0,0,0,0,0,0,0,0,0,0,0
44,10018649925317144938,97421,0,0,0,0,0,95451,0,0,0,0,0,0,0,0,0,0,0,0,0,0,0,0,0,0,299703,0,0,0,195033,0,0,0,42,0,0,0,0,0,0,987,0,0,192871,0,0,district,0,0,0,0,0,0,0,0,0,0,0,0,0,103617,0,0,103613,0,0,0,0,0,192862,0,0,0
44,10018649925317144938,0,0,0,0,0,0,0,0,0,0,0,0,0,0,0,0,0,0,0,0,0,0,0,0,0,0,0,0,0,0,0,0,0,43,0,0,0,0,0,0,0,0,0,0,0,0,_district_graveyard,0,0,0,0,0,0,0,0,0,0,0,0,0,0,0,0,0,0,0,0,0,0,0,0,0,0
44,10018649925317144938,63789,0,0,0,0,0,60295,0,0,0,0,0,0,0,0,0,0,0,0,0,0,0,0,0,0,796400,0,0,0,124092,0,0,0,44,0,0,0,0,0,0,5,0,0,124090,0,0,customer,0,0,0,0,0,0,0,0,0,0,0,0,0,141364,0,0,141365,0,0,0,0,0,124096,0,0,0
44,10018649925317144938,0,0,0,0,0,0,0,0,0,0,0,0,0,0,0,0,0,0,0,0,0,0,0,0,0,0,0,0,0,0,0,0,0,45,0,0,0,0,0,0,0,0,0,0,0,0,_customer_graveyard,0,0,0,0,0,0,0,0,0,0,0,0,0,0,0,0,0,0,0,0,0,0,0,0,0,0
44,10018649925317144938,0,0,0,0,0,0,0,0,0,0,0,0,0,0,0,0,0,0,0,0,0,0,0,0,0,184329,0,0,0,0,0,0,0,46,0,0,0,0,0,0,61445,0,0,0,0,0,customerwdl,0,0,0,0,0,0,0,0,0,0,0,61443,0,61443,0,0,61445,0,0,0,0,0,0,0,0,0
44,10018649925317144938,0,0,0,0,0,0,0,0,0,0,0,0,0,0,0,0,0,0,0,0,0,0,0,0,0,0,0,0,0,0,0,0,0,47,0,0,0,0,0,0,0,0,0,0,0,0,_customerwdl_graveyard,0,0,0,0,0,0,0,0,0,0,0,0,0,0,0,0,0,0,0,0,0,0,0,0,0,0
44,10018649925317144938,0,0,0,0,0,0,0,0,0,0,0,0,0,0,0,0,0,0,0,0,0,0,0,0,2242,119724,0,0,0,39908,0,0,0,48,0,0,0,0,0,0,0,0,0,0,0,0,history,0,0,0,0,0,0,0,2272,0,0,0,0,2272,0,0,0,0,0,0,0,0,0,0,0,0,0
44,10018649925317144938,0,0,0,0,0,0,0,0,0,0,0,0,0,0,0,0,0,0,0,0,0,0,0,0,0,0,0,0,0,0,0,0,0,49,0,0,0,0,0,0,0,0,0,0,0,0,_history_graveyard,0,0,0,0,0,0,0,0,0,0,0,0,0,0,0,0,0,0,0,0,0,0,0,0,0,0
44,10018649925317144938,43260,86390,0,86390,0,0,43171,0,0,0,0,0,0,0,0,0,0,0,0,0,0,0,57162,0,2087,1157533,0,0,0,274438,0,11081,0,50,57,0,0,0,0,0,111391,0,0,0,0,0,neworder,92893,11081,0,0,0,0,0,3989,36,0,0,86719,3990,97799,0,0,97798,0,1842,0,0,0,0,0,0,0
44,10018649925317144938,0,0,0,0,0,0,0,0,0,0,0,0,0,0,0,0,0,0,0,0,0,0,0,0,0,0,0,0,0,0,0,0,0,51,0,0,0,0,0,0,0,0,0,0,0,0,_neworder_graveyard,0,0,0,0,0,0,0,0,0,0,0,0,0,0,0,0,0,0,0,0,0,0,0,0,0,0
44,10018649925317144938,43558,0,0,0,0,0,42861,0,0,0,0,0,0,0,0,0,0,0,0,0,0,0,0,0,4522,840389,0,0,0,190170,0,0,0,52,0,0,0,0,0,0,0,0,0,86416,0,0,order,0,0,0,0,0,0,0,4762,0,0,0,0,4762,89959,0,0,89958,0,0,0,0,0,86417,0,0,0
44,10018649925317144938,0,0,0,0,0,0,0,0,0,0,0,0,0,0,0,0,0,0,0,0,0,0,0,0,0,0,0,0,0,0,0,0,0,53,0,0,0,0,0,0,0,0,0,0,0,0,_order_graveyard,0,0,0,0,0,0,0,0,0,0,0,0,0,0,0,0,0,0,0,0,0,0,0,0,0,0
44,10018649925317144938,0,0,0,0,0,0,0,0,0,0,0,0,0,0,0,0,3541,0,0,0,0,0,0,0,1382,312468,0,0,0,100613,0,0,0,54,0,0,0,0,0,0,3541,0,0,0,0,0,order_wdc,0,0,0,0,0,0,0,1399,0,0,0,0,1400,3541,0,0,3541,0,0,0,0,0,0,0,0,0
44,10018649925317144938,0,0,0,0,0,0,0,0,0,0,0,0,0,0,0,0,0,0,0,0,0,0,0,0,0,0,0,0,0,0,0,0,0,55,0,0,0,0,0,0,0,0,0,0,0,0,_order_wdc_graveyard,0,0,0,0,0,0,0,0,0,0,0,0,0,0,0,0,0,0,0,0,0,0,0,0,0,0
44,10018649925317144938,435694,0,0,0,0,0,425795,0,0,0,0,0,0,0,0,0,0,0,0,0,0,0,100285,0,58953,7687285,0,0,0,1909276,0,977,0,56,0,0,0,0,0,0,12542,0,0,861471,0,0,orderline,1820726,977,0,0,0,0,0,59731,0,0,0,12470,59732,1833163,0,0,1833149,0,0,0,0,0,861442,0,0,0
44,10018649925317144938,0,0,0,0,0,0,0,0,0,0,0,0,0,0,0,0,0,0,0,0,0,0,0,0,0,0,0,0,0,0,0,0,0,57,0,0,0,0,0,0,0,0,0,0,0,0,_orderline_graveyard,0,0,0,0,0,0,0,0,0,0,0,0,0,0,0,0,0,0,0,0,0,0,0,0,0,0
44,10018649925317144938,0,0,0,0,0,0,0,0,0,0,0,0,0,0,0,0,0,0,0,0,0,0,0,0,0,1977732,0,0,0,0,0,0,0,58,0,0,0,0,0,0,0,0,0,0,0,0,item,0,0,0,0,0,0,0,0,0,0,0,0,0,988855,0,0,988850,0,0,0,0,0,0,0,0,0
45,10018649925317144938,0,0,0,0,0,0,0,0,0,0,0,0,0,0,0,0,0,0,0,0,0,0,0,0,0,0,0,0,0,0,0,0,0,61,0,0,0,0,0,0,0,0,0,0,0,0,_stock_graveyard,0,0,0,0,0,0,0,0,0,0,0,0,0,0,0,0,0,0,0,0,0,0,0,0,0,0
45,10018649925317144938,493470,0,0,0,0,0,481523,0,0,0,0,0,0,0,0,0,0,0,0,0,0,0,0,0,0,14798633,0,0,0,975992,0,0,0,60,0,0,0,0,0,0,1067,0,0,975025,0,0,stock,0,0,0,0,0,0,0,0,0,0,0,0,0,2722624,0,0,2722615,0,0,0,0,0,975005,0,0,0
45,10018649925317144938,0,0,0,0,0,0,0,0,0,0,0,0,0,0,0,0,0,0,0,0,0,0,0,0,0,0,0,0,0,0,0,0,0,59,0,0,0,0,0,0,0,0,0,0,0,0,_item_graveyard,0,0,0,0,0,0,0,0,0,0,0,0,0,0,0,0,0,0,0,0,0,0,0,0,0,0
45,10018649925317144938,0,0,0,0,0,0,0,0,0,0,0,0,0,0,0,0,0,0,0,0,0,0,336,0,2373,68208,0,0,0,68017,0,0,0,28,336,846,0,0,0,0,189,0,0,0,0,2697,_history_tree_14_updates,1983,0,0,0,0,0,0,5082,2697,0,0,0,7779,0,0,0,0,0,2373,0,0,0,0,0,0,0
45,10018649925317144938,0,0,0,0,0,0,0,0,0,0,0,0,0,0,0,0,0,0,0,0,0,0,1090,0,5,9651,0,0,0,9639,0,0,0,27,2597,1,0,0,0,0,12,0,0,0,0,2602,_history_tree_13_removes,3014,0,0,0,0,0,0,2607,2602,0,0,0,5209,0,0,0,0,0,5,0,0,0,0,0,0,0
45,10018649925317144938,0,0,0,0,0,0,0,0,0,0,0,0,0,0,0,0,0,0,0,0,0,0,291,0,2367,68363,0,0,0,68176,0,0,0,26,291,808,0,0,0,0,185,0,0,0,0,2652,_history_tree_13_updates,1941,0,0,0,0,0,0,5026,2652,0,0,0,7678,0,0,0,0,0,2368,0,0,0,0,0,0,0
45,10018649925317144938,0,0,0,0,0,0,0,0,0,0,0,0,0,0,0,0,0,0,0,0,0,0,1067,0,5,9489,0,0,0,9477,0,0,0,25,2612,0,0,0,0,0,11,0,0,0,0,2617,_history_tree_12_removes,3073,0,0,0,0,0,0,2621,2616,0,0,0,5237,0,0,0,0,0,5,0,0,0,0,0,0,0
45,10018649925317144938,0,0,0,0,0,0,0,0,0,0,0,0,0,0,0,0,0,0,0,0,0,0,335,0,2348,67733,0,0,0,67519,0,0,0,24,335,808,0,0,0,0,214,0,0,0,0,2679,_history_tree_12_updates,2000,0,0,0,0,0,0,5031,2679,0,0,0,7709,0,0,0,0,0,2348,0,0,0,0,0,0,0
45,10018649925317144938,0,0,0,0,0,0,0,0,0,0,0,0,0,0,0,0,0,0,0,0,0,0,1084,0,5,9404,0,0,0,9395,0,0,0,23,2596,1,0,0,0,0,10,0,0,0,0,2601,_history_tree_11_removes,3060,0,0,0,0,0,0,2606,2601,0,0,0,5207,0,0,0,0,0,5,0,0,0,0,0,0,0
45,10018649925317144938,0,0,0,0,0,0,0,0,0,0,0,0,0,0,0,0,0,0,0,0,0,0,295,0,2346,67660,0,0,0,67447,0,0,0,22,295,794,0,0,0,0,212,0,0,0,0,2630,_history_tree_11_updates,1955,0,0,0,0,0,0,4987,2630,0,0,0,7617,0,0,0,0,0,2346,0,0,0,0,0,0,0
45,10018649925317144938,0,0,0,0,0,0,0,0,0,0,0,0,0,0,0,0,0,0,0,0,0,0,1082,0,5,9468,0,0,0,9456,0,0,0,21,2621,0,0,0,0,0,12,0,0,0,0,2626,_history_tree_10_removes,3058,0,0,0,0,0,0,2631,2626,0,0,0,5257,0,0,0,0,0,5,0,0,0,0,0,0,0
45,10018649925317144938,0,0,0,0,0,0,0,0,0,0,0,0,0,0,0,0,0,0,0,0,0,0,355,0,2353,67833,0,0,0,67599,0,0,0,20,355,795,0,0,0,0,233,0,0,0,0,2706,_history_tree_10_updates,2021,0,0,0,0,0,0,5059,2706,0,0,0,7767,0,0,0,0,0,2352,0,0,0,0,0,0,0
45,10018649925317144938,0,0,0,0,0,0,0,0,0,0,0,0,0,0,0,0,0,0,0,0,0,0,1028,0,7,9453,0,0,0,9440,0,0,0,19,2520,2,0,0,0,0,13,0,0,0,0,2527,_history_tree_9_removes,2981,0,0,0,0,0,0,2534,2527,0,0,0,5061,0,0,0,0,0,7,0,0,0,0,0,0,0
45,10018649925317144938,0,0,0,0,0,0,0,0,0,0,0,0,0,0,0,0,0,0,0,0,0,0,374,0,2364,68208,0,0,0,67997,0,0,0,18,374,854,0,0,0,0,210,0,0,0,0,2723,_history_tree_9_updates,1998,0,0,0,0,0,0,5099,2723,0,0,0,7822,0,0,0,0,0,2361,0,0,0,0,0,0,0
45,10018649925317144938,0,0,0,0,0,0,0,0,0,0,0,0,0,0,0,0,0,0,0,0,0,0,1042,0,5,9354,0,0,0,9325,0,0,0,17,2612,0,0,0,0,0,29,0,0,0,0,2617,_history_tree_8_removes,3069,0,0,0,0,0,0,2622,2617,0,0,0,5239,0,0,0,0,0,5,0,0,0,0,0,0,0
45,10018649925317144938,0,0,0,0,0,0,0,0,0,0,0,0,0,0,0,0,0,0,0,0,0,0,313,0,2355,67638,0,0,0,67446,0,0,0,16,313,797,0,0,0,0,190,0,0,0,0,2668,_history_tree_8_updates,2004,0,0,0,0,0,0,5023,2668,0,0,0,7691,0,0,0,0,0,2355,0,0,0,0,0,0,0
45,10018649925317144938,0,0,0,0,0,0,0,0,0,0,0,0,0,0,0,0,0,0,0,0,0,0,1044,0,7,9349,0,0,0,9334,0,0,0,15,2601,2,0,0,0,0,15,0,0,0,0,2608,_history_tree_7_removes,3065,0,0,0,0,0,0,2615,2608,0,0,0,5223,0,0,0,0,0,7,0,0,0,0,0,0,0
45,10018649925317144938,0,0,0,0,0,0,0,0,0,0,0,0,0,0,0,0,0,0,0,0,0,0,326,0,2371,68025,0,0,0,67815,0,0,0,14,326,848,0,0,0,0,208,0,0,0,0,2671,_history_tree_7_updates,1983,0,0,0,0,0,0,5066,2671,0,0,0,7737,0,0,0,0,0,2370,0,0,0,0,0,0,0
45,10018649925317144938,0,0,0,0,0,0,0,0,0,0,0,0,0,0,0,0,0,0,0,0,0,0,1013,0,5,8990,0,0,0,8969,0,0,0,13,2651,3,0,0,0,0,21,0,0,0,0,2656,_history_tree_6_removes,3110,0,0,0,0,0,0,2660,2655,0,0,0,5315,0,0,0,0,0,5,0,0,0,0,0,0,0
45,10018649925317144938,0,0,0,0,0,0,0,0,0,0,0,0,0,21574343,22221538,0,0,0,0,0,0,0,383,0,2356,67347,0,0,0,67152,0,0,0,0,383,840,0,0,0,0,195,0,0,0,0,2731,_history_tree_0_updates,2022,0,1486661,0,0,0,0,5096,2732,0,0,0,7828,0,0,0,0,0,2357,0,0,0,0,712108,0,0
45,10018649925317144938,0,0,0,0,0,0,0,0,0,0,0,0,0,0,0,0,0,0,0,0,0,0,960,0,7,9093,0,0,0,9078,0,0,0,1,2581,3,0,0,0,0,15,0,0,0,0,2588,_history_tree_0_removes,3031,0,0,0,0,0,0,2595,2588,0,0,0,5183,0,0,0,0,0,7,0,0,0,0,0,0,0
45,10018649925317144938,0,0,0,0,0,0,0,0,0,0,0,0,0,0,0,0,0,0,0,0,0,0,304,0,2368,67869,0,0,0,67661,0,0,0,2,304,792,0,0,0,0,207,0,0,0,0,2643,_history_tree_1_updates,2012,0,0,0,0,0,0,5041,2643,0,0,0,7684,0,0,0,0,0,2368,0,0,0,0,0,0,0
45,10018649925317144938,0,0,0,0,0,0,0,0,0,0,0,0,0,0,0,0,0,0,0,0,0,0,990,0,7,9236,0,0,0,9226,0,0,0,3,2643,1,0,0,0,0,10,0,0,0,0,2650,_history_tree_1_removes,3106,0,0,0,0,0,0,2657,2650,0,0,0,5307,0,0,0,0,0,7,0,0,0,0,0,0,0
45,10018649925317144938,0,0,0,0,0,0,0,0,0,0,0,0,0,0,0,0,0,0,0,0,0,0,349,0,2350,67734,0,0,0,67528,0,0,0,4,349,801,0,0,0,0,207,0,0,0,0,2690,_history_tree_2_updates,2013,0,0,0,0,0,0,5048,2690,0,0,0,7738,0,0,0,0,0,2349,0,0,0,0,0,0,0
45,10018649925317144938,0,0,0,0,0,0,0,0,0,0,0,0,0,0,0,0,0,0,0,0,0,0,1057,0,5,9430,0,0,0,9412,0,0,0,5,2611,1,0,0,0,0,18,0,0,0,0,2616,_history_tree_2_removes,3063,0,0,0,0,0,0,2620,2615,0,0,0,5235,0,0,0,0,0,5,0,0,0,0,0,0,0
45,10018649925317144938,0,0,0,0,0,0,0,0,0,0,0,0,0,0,0,0,0,0,0,0,0,0,332,0,2348,67632,0,0,0,67440,0,0,0,6,332,827,0,0,0,0,191,0,0,0,0,2654,_history_tree_3_updates,1981,0,0,0,0,0,0,5028,2654,0,0,0,7682,0,0,0,0,0,2348,0,0,0,0,0,0,0
45,10018649925317144938,0,0,0,0,0,0,0,0,0,0,0,0,0,0,0,0,0,0,0,0,0,0,1035,0,6,9467,0,0,0,9453,0,0,0,7,2559,2,0,0,0,0,14,0,0,0,0,2565,_history_tree_3_removes,3017,0,0,0,0,0,0,2571,2565,0,0,0,5136,0,0,0,0,0,6,0,0,0,0,0,0,0
45,10018649925317144938,0,0,0,0,0,0,0,0,0,0,0,0,0,0,0,0,0,0,0,0,0,0,387,0,2372,67913,0,0,0,67720,0,0,0,8,387,854,0,0,0,0,192,0,0,0,0,2723,_history_tree_4_updates,2020,0,0,0,0,0,0,5131,2723,0,0,0,7854,0,0,0,0,0,2372,0,0,0,0,0,0,0
45,10018649925317144938,0,0,0,0,0,0,0,0,0,0,0,0,0,0,0,0,0,0,0,0,0,0,962,0,10,9210,0,0,0,9195,0,0,0,9,2576,3,0,0,0,0,15,0,0,0,0,2586,_history_tree_4_removes,3017,0,0,0,0,0,0,2596,2586,0,0,0,5182,0,0,0,0,0,10,0,0,0,0,0,0,0
45,10018649925317144938,0,0,0,0,0,0,0,0,0,0,0,0,0,0,0,0,0,0,0,0,0,0,319,0,2373,68611,0,0,0,68374,0,0,0,10,319,793,0,0,0,0,231,0,0,0,0,2691,_history_tree_5_updates,2023,0,0,0,0,0,0,5064,2691,0,0,0,7755,0,0,0,0,0,2372,0,0,0,0,0,0,0
45,10018649925317144938,0,0,0,0,0,0,0,0,0,0,0,0,0,0,0,0,0,0,0,0,0,0,1096,0,5,9714,0,0,0,9693,0,0,0,11,2603,0,0,0,0,0,21,0,0,0,0,2608,_history_tree_5_removes,3086,0,0,0,0,0,0,2613,2608,0,0,0,5221,0,0,0,0,0,5,0,0,0,0,0,0,0
45,10018649925317144938,0,0,0,0,0,0,0,0,0,0,0,0,0,0,0,0,0,0,0,0,0,0,303,0,2309,66177,0,0,0,65981,0,0,0,12,303,739,0,0,0,0,195,0,0,0,0,2571,_history_tree_6_updates,1999,0,0,0,0,0,0,4923,2571,0,0,0,7494,0,0,0,0,0,2311,0,0,0,0,0,0,0
45,10018649925317144938,0,0,0,0,0,0,0,0,0,0,0,0,0,0,0,0,0,0,0,0,0,0,1042,0,8,9455,0,0,0,9439,0,0,0,29,2584,2,0,0,0,0,16,0,0,0,0,2592,_history_tree_14_removes,3038,0,0,0,0,0,0,2600,2592,0,0,0,5192,0,0,0,0,0,8,0,0,0,0,0,0,0
45,10018649925317144938,0,0,0,0,0,0,0,0,0,0,0,0,0,0,0,0,0,0,0,0,0,0,337,0,2342,66954,0,0,0,66726,0,0,0,30,337,780,0,0,0,0,228,0,0,0,0,2678,_history_tree_15_updates,2035,0,0,0,0,0,0,5020,2678,0,0,0,7698,0,0,0,0,0,2341,0,0,0,0,0,0,0
45,10018649925317144938,0,0,0,0,0,0,0,0,0,0,0,0,0,0,0,0,0,0,0,0,0,0,997,0,3,9062,0,0,0,9053,0,0,0,31,2627,0,0,0,0,0,9,0,0,0,0,2630,_history_tree_15_removes,3087,0,0,0,0,0,0,2633,2630,0,0,0,5261,0,0,0,0,0,3,0,0,0,0,0,0,0
45,10018649925317144938,0,0,0,0,0,0,0,0,0,0,0,0,0,0,0,0,0,0,0,0,0,0,324,0,2360,67941,0,0,0,67736,0,0,0,32,324,832,0,0,0,0,205,0,0,0,0,2687,_history_tree_16_updates,1978,0,0,0,0,0,0,5047,2687,0,0,0,7734,0,0,0,0,0,2363,0,0,0,0,0,0,0
45,10018649925317144938,0,0,0,0,0,0,0,0,0,0,0,0,0,0,0,0,0,0,0,0,0,0,1094,0,3,9462,0,0,0,9445,0,0,0,33,2578,0,0,0,0,0,17,0,0,0,0,2581,_history_tree_16_removes,3054,0,0,0,0,0,0,2584,2581,0,0,0,5165,0,0,0,0,0,3,0,0,0,0,0,0,0
45,10018649925317144938,0,0,0,0,0,0,0,0,0,0,0,0,0,0,0,0,0,0,0,0,0,0,380,0,2370,144736,0,0,0,72182,0,0,0,34,10316,2750,0,0,0,0,186,0,0,0,0,6198,_history_tree_17_updates,3847,0,0,0,0,0,0,15057,12396,0,0,0,21255,0,0,0,0,0,2370,0,0,0,0,0,0,0
45,10018649925317144938,0,0,0,0,0,0,0,0,0,0,0,0,0,0,0,0,0,0,0,0,0,0,825,0,21,9209,0,0,0,9196,0,0,0,35,2361,12,0,0,0,0,13,0,0,0,0,2383,_history_tree_17_removes,2771,0,0,0,0,0,0,2404,2383,0,0,0,4787,0,0,0,0,0,21,0,0,0,0,0,0,0
45,10018649925317144938,0,0,0,0,0,0,0,0,0,0,0,0,0,0,0,0,0,0,0,0,0,0,364,0,2357,67401,0,0,0,67189,0,0,0,36,364,807,0,0,0,0,212,0,0,0,0,2721,_history_tree_18_updates,2025,0,0,0,0,0,0,5077,2720,0,0,0,7797,0,0,0,0,0,2356,0,0,0,0,0,0,0
45,10018649925317144938,0,0,0,0,0,0,0,0,0,0,0,0,0,0,0,0,0,0,0,0,0,0,1003,0,6,9061,0,0,0,9045,0,0,0,37,2641,1,0,0,0,0,16,0,0,0,0,2647,_history_tree_18_removes,3079,0,0,0,0,0,0,2653,2647,0,0,0,5300,0,0,0,0,0,6,0,0,0,0,0,0,0
45,10018649925317144938,0,0,0,0,0,0,0,0,0,0,0,0,0,0,0,0,0,0,0,0,0,0,330,0,2381,68186,0,0,0,67995,0,0,0,38,330,867,0,0,0,0,191,0,0,0,0,2648,_history_tree_19_updates,1978,0,0,0,0,0,0,5091,2648,0,0,0,7739,0,0,0,0,0,2380,0,0,0,0,0,0,0
45,10018649925317144938,0,0,0,0,0,0,0,0,0,0,0,0,0,0,0,0,0,0,0,0,0,0,1010,0,6,9288,0,0,0,9274,0,0,0,39,2580,3,0,0,0,0,14,0,0,0,0,2586,_history_tree_19_removes,3052,0,0,0,0,0,0,2592,2586,0,0,0,5178,0,0,0,0,0,6,0,0,0,0,0,0,0
45,10018649925317144938,48288,0,0,0,0,0,44856,0,0,0,0,0,0,0,0,0,0,0,0,0,0,0,0,0,0,290286,0,0,0,95082,0,0,0,40,0,0,0,0,0,0,2037,0,0,93137,0,0,warehouse,0,0,0,0,0,0,0,0,0,0,0,0,0,192735,0,0,192734,0,0,0,0,0,93135,0,0,0
45,10018649925317144938,0,0,0,0,0,0,0,0,0,0,0,0,0,0,0,0,0,0,0,0,0,0,0,0,0,0,0,0,0,0,0,0,0,41,0,0,0,0,0,0,0,0,0,0,0,0,_warehouse_graveyard,0,0,0,0,0,0,0,0,0,0,0,0,0,0,0,0,0,0,0,0,0,0,0,0,0,0
45,10018649925317144938,95743,0,0,0,0,0,93984,0,0,0,0,0,0,0,0,0,0,0,0,0,0,0,0,0,0,294703,0,0,0,191828,0,0,0,42,0,0,0,0,0,0,968,0,0,189726,0,0,district,0,0,0,0,0,0,0,0,0,0,0,0,0,101864,0,0,101864,0,0,0,0,0,189725,0,0,0
45,10018649925317144938,0,0,0,0,0,0,0,0,0,0,0,0,0,0,0,0,0,0,0,0,0,0,0,0,0,0,0,0,0,0,0,0,0,43,0,0,0,0,0,0,0,0,0,0,0,0,_district_graveyard,0,0,0,0,0,0,0,0,0,0,0,0,0,0,0,0,0,0,0,0,0,0,0,0,0,0
45,10018649925317144938,63762,0,0,0,0,0,60437,0,0,0,0,0,0,0,0,0,0,0,0,0,0,0,0,0,0,789949,0,0,0,124221,0,0,0,44,0,0,0,0,0,0,7,0,0,124196,0,0,customer,0,0,0,0,0,0,0,0,0,0,0,0,0,139091,0,0,139091,0,0,0,0,0,124192,0,0,0
45,10018649925317144938,0,0,0,0,0,0,0,0,0,0,0,0,0,0,0,0,0,0,0,0,0,0,0,0,0,0,0,0,0,0,0,0,0,45,0,0,0,0,0,0,0,0,0,0,0,0,_customer_graveyard,0,0,0,0,0,0,0,0,0,0,0,0,0,0,0,0,0,0,0,0,0,0,0,0,0,0
45,10018649925317144938,0,0,0,0,0,0,0,0,0,0,0,0,0,0,0,0,0,0,0,0,0,0,0,0,0,180984,0,0,0,0,0,0,0,46,0,0,0,0,0,0,60327,0,0,0,0,0,customerwdl,0,0,0,0,0,0,0,0,0,0,0,60327,0,60327,0,0,60325,0,0,0,0,0,0,0,0,0
45,10018649925317144938,0,0,0,0,0,0,0,0,0,0,0,0,0,0,0,0,0,0,0,0,0,0,0,0,0,0,0,0,0,0,0,0,0,47,0,0,0,0,0,0,0,0,0,0,0,0,_customerwdl_graveyard,0,0,0,0,0,0,0,0,0,0,0,0,0,0,0,0,0,0,0,0,0,0,0,0,0,0
45,10018649925317144938,0,0,0,0,0,0,0,0,0,0,0,0,0,0,0,0,0,0,0,0,0,0,0,0,2204,117633,0,0,0,39211,0,0,0,48,0,0,0,0,0,0,0,0,0,0,0,0,history,0,0,0,0,0,0,0,2228,0,0,0,0,2228,0,0,0,0,0,0,0,0,0,0,0,0,0
45,10018649925317144938,0,0,0,0,0,0,0,0,0,0,0,0,0,0,0,0,0,0,0,0,0,0,0,0,0,0,0,0,0,0,0,0,0,49,0,0,0,0,0,0,0,0,0,0,0,0,_history_graveyard,0,0,0,0,0,0,0,0,0,0,0,0,0,0,0,0,0,0,0,0,0,0,0,0,0,0
45,10018649925317144938,43633,87170,0,87170,0,0,43542,0,0,0,0,0,0,0,0,0,0,0,0,0,0,0,57119,0,2045,1160400,0,0,0,274364,0,10530,0,50,23,0,0,0,0,0,112424,0,0,0,0,0,neworder,92575,10529,0,0,0,0,0,3910,23,0,0,87483,3912,98012,0,0,98015,0,1841,0,0,0,0,0,0,0
45,10018649925317144938,0,0,0,0,0,0,0,0,0,0,0,0,0,0,0,0,0,0,0,0,0,0,0,0,0,0,0,0,0,0,0,0,0,51,0,0,0,0,0,0,0,0,0,0,0,0,_neworder_graveyard,0,0,0,0,0,0,0,0,0,0,0,0,0,0,0,0,0,0,0,0,0,0,0,0,0,0
45,10018649925317144938,44054,0,0,0,0,0,43130,0,0,0,0,0,0,0,0,0,0,0,0,0,0,0,0,0,4316,839675,0,0,0,189171,0,0,0,52,0,0,0,0,0,0,0,0,0,87183,0,0,order,0,0,0,0,0,0,0,4367,0,0,0,0,4367,90715,0,0,90715,0,0,0,0,0,87180,0,0,0
45,10018649925317144938,0,0,0,0,0,0,0,0,0,0,0,0,0,0,0,0,0,0,0,0,0,0,0,0,0,0,0,0,0,0,0,0,0,53,0,0,0,0,0,0,0,0,0,0,0,0,_order_graveyard,0,0,0,0,0,0,0,0,0,0,0,0,0,0,0,0,0,0,0,0,0,0,0,0,0,0
45,10018649925317144938,0,0,0,0,0,0,0,0,0,0,0,0,0,0,0,0,3535,0,0,0,0,0,0,0,1334,307527,0,0,0,98975,1,1,0,54,0,0,0,0,0,0,3536,0,0,0,0,0,order_wdc,0,1,0,0,0,0,0,1347,0,0,0,0,1347,3536,0,0,3536,0,0,0,0,0,0,0,0,0
45,10018649925317144938,0,0,0,0,0,0,0,0,0,0,0,0,0,0,0,0,0,0,0,0,0,0,0,0,0,0,0,0,0,0,0,0,0,55,0,0,0,0,0,0,0,0,0,0,0,0,_order_wdc_graveyard,0,0,0,0,0,0,0,0,0,0,0,0,0,0,0,0,0,0,0,0,0,0,0,0,0,0
45,10018649925317144938,441109,0,0,0,0,0,430997,0,0,0,0,0,0,0,0,0,0,0,0,0,0,0,98356,0,58127,7670791,0,0,0,1905354,0,918,0,56,0,0,0,0,0,0,12336,0,0,872116,0,0,orderline,1785174,918,0,0,0,0,0,58918,0,0,0,12264,58918,1797485,0,0,1797497,0,0,0,0,0,872117,0,0,0
45,10018649925317144938,0,0,0,0,0,0,0,0,0,0,0,0,0,0,0,0,0,0,0,0,0,0,0,0,0,0,0,0,0,0,0,0,0,57,0,0,0,0,0,0,0,0,0,0,0,0,_orderline_graveyard,0,0,0,0,0,0,0,0,0,0,0,0,0,0,0,0,0,0,0,0,0,0,0,0,0,0
45,10018649925317144938,0,0,0,0,0,0,0,0,0,0,0,0,0,0,0,0,0,0,0,0,0,0,0,0,0,1949784,0,0,0,0,0,0,0,58,0,0,0,0,0,0,0,0,0,0,0,0,item,0,0,0,0,0,0,0,0,0,0,0,0,0,974904,0,0,974906,0,0,0,0,0,0,0,0,0
46,10018649925317144938,0,0,0,0,0,0,0,0,0,0,0,0,0,0,0,0,0,0,0,0,0,0,0,0,0,0,0,0,0,0,0,0,0,61,0,0,0,0,0,0,0,0,0,0,0,0,_stock_graveyard,0,0,0,0,0,0,0,0,0,0,0,0,0,0,0,0,0,0,0,0,0,0,0,0,0,0
46,10018649925317144938,501126,0,0,0,0,0,488848,0,0,0,0,0,0,0,0,0,0,0,0,0,0,0,0,0,0,14911051,0,0,0,991031,0,0,0,60,0,0,0,0,0,0,1063,0,0,989975,0,0,stock,0,0,0,0,0,0,0,0,0,0,0,0,0,2735727,0,0,2735726,0,0,0,0,0,989990,0,0,0
46,10018649925317144938,0,0,0,0,0,0,0,0,0,0,0,0,0,0,0,0,0,0,0,0,0,0,0,0,0,0,0,0,0,0,0,0,0,59,0,0,0,0,0,0,0,0,0,0,0,0,_item_graveyard,0,0,0,0,0,0,0,0,0,0,0,0,0,0,0,0,0,0,0,0,0,0,0,0,0,0
46,10018649925317144938,0,0,0,0,0,0,0,0,0,0,0,0,0,0,0,0,0,0,0,0,0,0,332,0,2369,68139,0,0,0,67893,0,0,0,28,332,818,0,0,0,0,243,0,0,0,0,2700,_history_tree_14_updates,1992,0,0,0,0,0,0,5072,2700,0,0,0,7772,0,0,0,0,0,2371,0,0,0,0,0,0,0
46,10018649925317144938,0,0,0,0,0,0,0,0,0,0,0,0,0,0,0,0,0,0,0,0,0,0,1004,0,6,9364,0,0,0,9344,0,0,0,27,2654,0,0,0,0,0,20,0,0,0,0,2660,_history_tree_13_removes,3129,0,0,0,0,0,0,2666,2660,0,0,0,5326,0,0,0,0,0,6,0,0,0,0,0,0,0
46,10018649925317144938,0,0,0,0,0,0,0,0,0,0,0,0,0,0,0,0,0,0,0,0,0,0,343,0,2395,68789,0,0,0,68582,0,0,0,26,343,810,0,0,0,0,207,0,0,0,0,2728,_history_tree_13_updates,2079,0,0,0,0,0,0,5132,2728,0,0,0,7860,0,0,0,0,0,2394,0,0,0,0,0,0,0
46,10018649925317144938,0,0,0,0,0,0,0,0,0,0,0,0,0,0,0,0,0,0,0,0,0,0,1000,0,6,9277,0,0,0,9264,0,0,0,25,2620,2,0,0,0,0,13,0,0,0,0,2626,_history_tree_12_removes,3078,0,0,0,0,0,0,2632,2626,0,0,0,5258,0,0,0,0,0,6,0,0,0,0,0,0,0
46,10018649925317144938,0,0,0,0,0,0,0,0,0,0,0,0,0,0,0,0,0,0,0,0,0,0,332,0,2385,68418,0,0,0,68205,0,0,0,24,332,806,0,0,0,0,210,0,0,0,0,2696,_history_tree_12_updates,2037,0,0,0,0,0,0,5104,2696,0,0,0,7802,0,0,0,0,0,2388,0,0,0,0,0,0,0
46,10018649925317144938,0,0,0,0,0,0,0,0,0,0,0,0,0,0,0,0,0,0,0,0,0,0,984,0,9,9229,0,0,0,9217,0,0,0,23,2656,3,0,0,0,0,11,0,0,0,0,2665,_history_tree_11_removes,3101,0,0,0,0,0,0,2674,2665,0,0,0,5339,0,0,0,0,0,9,0,0,0,0,0,0,0
46,10018649925317144938,0,0,0,0,0,0,0,0,0,0,0,0,0,0,0,0,0,0,0,0,0,0,339,0,2395,68490,0,0,0,68268,0,0,0,22,339,820,0,0,0,0,221,0,0,0,0,2707,_history_tree_11_updates,2028,0,0,0,0,0,0,5128,2707,0,0,0,7835,0,0,0,0,0,2396,0,0,0,0,0,0,0
46,10018649925317144938,0,0,0,0,0,0,0,0,0,0,0,0,0,0,0,0,0,0,0,0,0,0,962,0,9,9214,0,0,0,9203,0,0,0,21,2571,2,0,0,0,0,11,0,0,0,0,2580,_history_tree_10_removes,3025,0,0,0,0,0,0,2589,2580,0,0,0,5169,0,0,0,0,0,9,0,0,0,0,0,0,0
46,10018649925317144938,0,0,0,0,0,0,0,0,0,0,0,0,0,0,0,0,0,0,0,0,0,0,370,0,2377,68116,0,0,0,67907,0,0,0,20,370,861,0,0,0,0,209,0,0,0,0,2712,_history_tree_10_updates,2015,0,0,0,0,0,0,5126,2712,0,0,0,7836,0,0,0,0,0,2378,0,0,0,0,0,0,0
46,10018649925317144938,0,0,0,0,0,0,0,0,0,0,0,0,0,0,0,0,0,0,0,0,0,0,1013,0,5,9187,0,0,0,9173,0,0,0,19,2655,2,0,0,0,0,14,0,0,0,0,2660,_history_tree_9_removes,3112,0,0,0,0,0,0,2665,2660,0,0,0,5325,0,0,0,0,0,5,0,0,0,0,0,0,0
46,10018649925317144938,0,0,0,0,0,0,0,0,0,0,0,0,0,0,0,0,0,0,0,0,0,0,291,0,2365,67719,0,0,0,67516,0,0,0,18,291,776,0,0,0,0,203,0,0,0,0,2659,_history_tree_9_updates,2010,0,0,0,0,0,0,5025,2659,0,0,0,7684,0,0,0,0,0,2369,0,0,0,0,0,0,0
46,10018649925317144938,0,0,0,0,0,0,0,0,0,0,0,0,0,0,0,0,0,0,0,0,0,0,1031,0,5,9287,0,0,0,9270,0,0,0,17,2585,0,0,0,0,0,17,0,0,0,0,2590,_history_tree_8_removes,3059,0,0,0,0,0,0,2595,2590,0,0,0,5185,0,0,0,0,0,5,0,0,0,0,0,0,0
46,10018649925317144938,0,0,0,0,0,0,0,0,0,0,0,0,0,0,0,0,0,0,0,0,0,0,368,0,2378,68150,0,0,0,67963,0,0,0,16,368,835,0,0,0,0,188,0,0,0,0,2746,_history_tree_8_updates,2037,0,0,0,0,0,0,5124,2746,0,0,0,7870,0,0,0,0,0,2378,0,0,0,0,0,0,0
46,10018649925317144938,0,0,0,0,0,0,0,0,0,0,0,0,0,0,0,0,0,0,0,0,0,0,1034,0,6,9489,0,0,0,9475,0,0,0,15,2619,1,0,0,0,0,14,0,0,0,0,2625,_history_tree_7_removes,3060,0,0,0,0,0,0,2631,2625,0,0,0,5256,0,0,0,0,0,6,0,0,0,0,0,0,0
46,10018649925317144938,0,0,0,0,0,0,0,0,0,0,0,0,0,0,0,0,0,0,0,0,0,0,351,0,2375,68397,0,0,0,68165,0,0,0,14,351,798,0,0,0,0,232,0,0,0,0,2687,_history_tree_7_updates,2033,0,0,0,0,0,0,5100,2687,0,0,0,7787,0,0,0,0,0,2374,0,0,0,0,0,0,0
46,10018649925317144938,0,0,0,0,0,0,0,0,0,0,0,0,0,0,0,0,0,0,0,0,0,0,1035,0,10,9689,0,0,0,9673,0,0,0,13,2553,5,0,0,0,0,16,0,0,0,0,2563,_history_tree_6_removes,3025,0,0,0,0,0,0,2573,2563,0,0,0,5136,0,0,0,0,0,10,0,0,0,0,0,0,0
46,10018649925317144938,0,0,0,0,0,0,0,0,0,0,0,0,0,21753158,22403211,0,0,0,0,0,0,0,341,0,2375,68158,0,0,0,67958,0,0,0,0,341,812,0,0,0,0,200,0,0,0,0,2709,_history_tree_0_updates,2032,0,1500262,0,0,0,0,5091,2708,0,0,0,7799,0,0,0,0,0,2374,0,0,0,0,701296,0,0
46,10018649925317144938,0,0,0,0,0,0,0,0,0,0,0,0,0,0,0,0,0,0,0,0,0,0,997,0,6,9298,0,0,0,9282,0,0,0,1,2619,1,0,0,0,0,16,0,0,0,0,2625,_history_tree_0_removes,3078,0,0,0,0,0,0,2631,2625,0,0,0,5256,0,0,0,0,0,6,0,0,0,0,0,0,0
46,10018649925317144938,0,0,0,0,0,0,0,0,0,0,0,0,0,0,0,0,0,0,0,0,0,0,362,0,2379,68497,0,0,0,68268,0,0,0,2,362,843,0,0,0,0,230,0,0,0,0,2717,_history_tree_1_updates,2021,0,0,0,0,0,0,5119,2717,0,0,0,7836,0,0,0,0,0,2379,0,0,0,0,0,0,0
46,10018649925317144938,0,0,0,0,0,0,0,0,0,0,0,0,0,0,0,0,0,0,0,0,0,0,1011,0,7,9476,0,0,0,9460,0,0,0,3,2583,2,0,0,0,0,16,0,0,0,0,2590,_history_tree_1_removes,3044,0,0,0,0,0,0,2597,2590,0,0,0,5187,0,0,0,0,0,7,0,0,0,0,0,0,0
46,10018649925317144938,0,0,0,0,0,0,0,0,0,0,0,0,0,0,0,0,0,0,0,0,0,0,322,0,2396,68586,0,0,0,68381,0,0,0,4,322,825,0,0,0,0,203,0,0,0,0,2700,_history_tree_2_updates,2013,0,0,0,0,0,0,5114,2700,0,0,0,7814,0,0,0,0,0,2395,0,0,0,0,0,0,0
46,10018649925317144938,0,0,0,0,0,0,0,0,0,0,0,0,0,0,0,0,0,0,0,0,0,0,987,0,8,9329,0,0,0,9318,0,0,0,5,2618,1,0,0,0,0,11,0,0,0,0,2626,_history_tree_2_removes,3068,0,0,0,0,0,0,2634,2626,0,0,0,5260,0,0,0,0,0,8,0,0,0,0,0,0,0
46,10018649925317144938,0,0,0,0,0,0,0,0,0,0,0,0,0,0,0,0,0,0,0,0,0,0,318,0,2410,69680,0,0,0,69507,0,0,0,6,318,859,0,0,0,0,171,0,0,0,0,2707,_history_tree_3_updates,1976,0,0,0,0,0,0,5136,2707,0,0,0,7843,0,0,0,0,0,2409,0,0,0,0,0,0,0
46,10018649925317144938,0,0,0,0,0,0,0,0,0,0,0,0,0,0,0,0,0,0,0,0,0,0,1073,0,7,9811,0,0,0,9794,0,0,0,7,2564,1,0,0,0,0,17,0,0,0,0,2571,_history_tree_3_removes,3020,0,0,0,0,0,0,2578,2571,0,0,0,5149,0,0,0,0,0,7,0,0,0,0,0,0,0
46,10018649925317144938,0,0,0,0,0,0,0,0,0,0,0,0,0,0,0,0,0,0,0,0,0,0,371,0,2350,66901,0,0,0,66701,0,0,0,8,371,786,0,0,0,0,200,0,0,0,0,2705,_history_tree_4_updates,2044,0,0,0,0,0,0,5070,2705,0,0,0,7775,0,0,0,0,0,2349,0,0,0,0,0,0,0
46,10018649925317144938,0,0,0,0,0,0,0,0,0,0,0,0,0,0,0,0,0,0,0,0,0,0,939,0,7,8759,0,0,0,8752,0,0,0,9,2626,0,0,0,0,0,7,0,0,0,0,2633,_history_tree_4_removes,3075,0,0,0,0,0,0,2640,2633,0,0,0,5273,0,0,0,0,0,7,0,0,0,0,0,0,0
46,10018649925317144938,0,0,0,0,0,0,0,0,0,0,0,0,0,0,0,0,0,0,0,0,0,0,338,0,2372,68202,0,0,0,68029,0,0,0,10,338,771,0,0,0,0,173,0,0,0,0,2709,_history_tree_5_updates,2049,0,0,0,0,0,0,5082,2710,0,0,0,7794,0,0,0,0,0,2373,0,0,0,0,0,0,0
46,10018649925317144938,0,0,0,0,0,0,0,0,0,0,0,0,0,0,0,0,0,0,0,0,0,0,1059,0,4,9396,0,0,0,9383,0,0,0,11,2685,0,0,0,0,0,14,0,0,0,0,2689,_history_tree_5_removes,3147,0,0,0,0,0,0,2693,2689,0,0,0,5382,0,0,0,0,0,4,0,0,0,0,0,0,0
46,10018649925317144938,0,0,0,0,0,0,0,0,0,0,0,0,0,0,0,0,0,0,0,0,0,0,322,0,2425,69843,0,0,0,69621,0,0,0,12,322,900,0,0,0,0,224,0,0,0,0,2660,_history_tree_6_updates,1972,0,0,0,0,0,0,5171,2660,0,0,0,7831,0,0,0,0,0,2424,0,0,0,0,0,0,0
46,10018649925317144938,0,0,0,0,0,0,0,0,0,0,0,0,0,0,0,0,0,0,0,0,0,0,1045,0,5,9402,0,0,0,9392,0,0,0,29,2652,1,0,0,0,0,10,0,0,0,0,2657,_history_tree_14_removes,3100,0,0,0,0,0,0,2662,2657,0,0,0,5319,0,0,0,0,0,5,0,0,0,0,0,0,0
46,10018649925317144938,0,0,0,0,0,0,0,0,0,0,0,0,0,0,0,0,0,0,0,0,0,0,349,0,2371,67778,0,0,0,67572,0,0,0,30,349,823,0,0,0,0,205,0,0,0,0,2704,_history_tree_15_updates,2021,0,0,0,0,0,0,5089,2704,0,0,0,7793,0,0,0,0,0,2370,0,0,0,0,0,0,0
46,10018649925317144938,0,0,0,0,0,0,0,0,0,0,0,0,0,0,0,0,0,0,0,0,0,0,980,0,9,9139,0,0,0,9122,0,0,0,31,2597,2,0,0,0,0,17,0,0,0,0,2606,_history_tree_15_removes,3045,0,0,0,0,0,0,2616,2607,0,0,0,5223,0,0,0,0,0,9,0,0,0,0,0,0,0
46,10018649925317144938,0,0,0,0,0,0,0,0,0,0,0,0,0,0,0,0,0,0,0,0,0,0,341,0,2379,68358,0,0,0,68125,0,0,0,32,341,803,0,0,0,0,232,0,0,0,0,2713,_history_tree_16_updates,2053,0,0,0,0,0,0,5098,2713,0,0,0,7811,0,0,0,0,0,2378,0,0,0,0,0,0,0
46,10018649925317144938,0,0,0,0,0,0,0,0,0,0,0,0,0,0,0,0,0,0,0,0,0,0,1020,0,5,9348,0,0,0,9330,0,0,0,33,2614,1,0,0,0,0,18,0,0,0,0,2619,_history_tree_16_removes,3081,0,0,0,0,0,0,2624,2619,0,0,0,5243,0,0,0,0,0,5,0,0,0,0,0,0,0
46,10018649925317144938,0,0,0,0,0,0,0,0,0,0,0,0,0,0,0,0,0,0,0,0,0,0,363,0,2381,145122,0,0,0,72367,0,0,0,34,10488,2744,0,0,0,0,193,0,0,0,0,6292,_history_tree_17_updates,3957,0,0,0,0,0,0,15250,12584,0,0,0,21542,0,0,0,0,0,2381,0,0,0,0,0,0,0
46,10018649925317144938,0,0,0,0,0,0,0,0,0,0,0,0,0,0,0,0,0,0,0,0,0,0,879,0,16,9132,0,0,0,9120,0,0,0,35,2441,8,0,0,0,0,12,0,0,0,0,2456,_history_tree_17_removes,2879,0,0,0,0,0,0,2472,2456,0,0,0,4928,0,0,0,0,0,16,0,0,0,0,0,0,0
46,10018649925317144938,0,0,0,0,0,0,0,0,0,0,0,0,0,0,0,0,0,0,0,0,0,0,360,0,2355,67913,0,0,0,67722,0,0,0,36,361,836,0,0,0,0,190,0,0,0,0,2711,_history_tree_18_updates,1989,0,0,0,0,0,0,5072,2711,0,0,0,7783,0,0,0,0,0,2356,0,0,0,0,0,0,0
46,10018649925317144938,0,0,0,0,0,0,0,0,0,0,0,0,0,0,0,0,0,0,0,0,0,0,1017,0,7,9500,0,0,0,9486,0,0,0,37,2583,2,0,0,0,0,14,0,0,0,0,2590,_history_tree_18_removes,3015,0,0,0,0,0,0,2597,2590,0,0,0,5187,0,0,0,0,0,7,0,0,0,0,0,0,0
46,10018649925317144938,0,0,0,0,0,0,0,0,0,0,0,0,0,0,0,0,0,0,0,0,0,0,322,0,2354,67859,0,0,0,67661,0,0,0,38,323,783,0,0,0,0,198,0,0,0,0,2670,_history_tree_19_updates,2019,0,0,0,0,0,0,5033,2670,0,0,0,7703,0,0,0,0,0,2355,0,0,0,0,0,0,0
46,10018649925317144938,0,0,0,0,0,0,0,0,0,0,0,0,0,0,0,0,0,0,0,0,0,0,1054,0,5,9334,0,0,0,9321,0,0,0,39,2578,2,0,0,0,0,13,0,0,0,0,2583,_history_tree_19_removes,3028,0,0,0,0,0,0,2589,2584,0,0,0,5173,0,0,0,0,0,5,0,0,0,0,0,0,0
46,10018649925317144938,49501,0,0,0,0,0,45860,0,0,0,0,0,0,0,0,0,0,0,0,0,0,0,0,0,1,296505,0,0,0,97365,0,0,0,40,0,0,0,0,0,0,2067,0,0,95364,0,0,warehouse,0,0,0,0,0,0,0,1,0,0,0,0,1,196625,0,0,196627,1,0,0,0,0,95366,0,0,0
46,10018649925317144938,0,0,0,0,0,0,0,0,0,0,0,0,0,0,0,0,0,0,0,0,0,0,0,0,0,0,0,0,0,0,0,0,0,41,0,0,0,0,0,0,0,0,0,0,0,0,_warehouse_graveyard,0,0,0,0,0,0,0,0,0,0,0,0,0,0,0,0,0,0,0,0,0,0,0,0,0,0
46,10018649925317144938,97678,0,0,0,0,0,95878,0,0,0,0,0,0,0,0,0,0,0,0,0,0,0,0,0,0,300882,0,0,0,195730,0,0,0,42,0,0,0,0,0,0,989,0,0,193572,0,0,district,0,0,0,0,0,0,0,0,0,0,0,0,0,104111,0,0,104115,0,0,0,0,0,193580,0,0,0
46,10018649925317144938,0,0,0,0,0,0,0,0,0,0,0,0,0,0,0,0,0,0,0,0,0,0,0,0,0,0,0,0,0,0,0,0,0,43,0,0,0,0,0,0,0,0,0,0,0,0,_district_graveyard,0,0,0,0,0,0,0,0,0,0,0,0,0,0,0,0,0,0,0,0,0,0,0,0,0,0
46,10018649925317144938,63855,0,0,0,0,0,60930,0,0,0,0,0,0,0,0,0,0,0,0,0,0,0,0,0,0,798768,0,0,0,124789,0,0,0,44,0,0,0,0,0,0,4,0,0,124780,0,0,customer,0,0,0,0,0,0,0,0,0,0,0,0,0,141459,0,0,141460,0,0,0,0,0,124779,0,0,0
46,10018649925317144938,0,0,0,0,0,0,0,0,0,0,0,0,0,0,0,0,0,0,0,0,0,0,0,0,0,0,0,0,0,0,0,0,0,45,0,0,0,0,0,0,0,0,0,0,0,0,_customer_graveyard,0,0,0,0,0,0,0,0,0,0,0,0,0,0,0,0,0,0,0,0,0,0,0,0,0,0
46,10018649925317144938,0,0,0,0,0,0,0,0,0,0,0,0,0,0,0,0,0,0,0,0,0,0,0,0,0,185994,0,0,0,0,0,0,0,46,0,0,0,0,0,0,61997,0,0,0,0,0,customerwdl,0,0,0,0,0,0,0,0,0,0,0,61999,0,62000,0,0,62001,0,0,0,0,0,0,0,0,0
46,10018649925317144938,0,0,0,0,0,0,0,0,0,0,0,0,0,0,0,0,0,0,0,0,0,0,0,0,0,0,0,0,0,0,0,0,0,47,0,0,0,0,0,0,0,0,0,0,0,0,_customerwdl_graveyard,0,0,0,0,0,0,0,0,0,0,0,0,0,0,0,0,0,0,0,0,0,0,0,0,0,0
46,10018649925317144938,0,0,0,0,0,0,0,0,0,0,0,0,0,0,0,0,0,0,0,0,0,0,0,0,2246,119994,0,0,0,39999,0,0,0,48,0,0,0,0,0,0,0,0,0,0,0,0,history,0,0,0,0,0,0,0,2273,0,0,0,0,2273,0,0,0,0,0,0,0,0,0,0,0,0,0
46,10018649925317144938,0,0,0,0,0,0,0,0,0,0,0,0,0,0,0,0,0,0,0,0,0,0,0,0,0,0,0,0,0,0,0,0,0,49,0,0,0,0,0,0,0,0,0,0,0,0,_history_graveyard,0,0,0,0,0,0,0,0,0,0,0,0,0,0,0,0,0,0,0,0,0,0,0,0,0,0
46,10018649925317144938,43577,87050,0,87050,0,0,43478,0,0,0,0,0,0,0,0,0,0,0,0,0,0,0,57502,0,2091,1164138,0,0,0,275768,0,11797,0,50,38,0,0,0,0,0,112267,0,0,0,0,0,neworder,94200,11796,0,0,0,0,0,3946,38,0,0,87346,3946,99141,0,0,99140,0,1817,0,0,0,0,0,0,0
46,10018649925317144938,0,0,0,0,0,0,0,0,0,0,0,0,0,0,0,0,0,0,0,0,0,0,0,0,0,0,0,0,0,0,0,0,0,51,0,0,0,0,0,0,0,0,0,0,0,0,_neworder_graveyard,0,0,0,0,0,0,0,0,0,0,0,0,0,0,0,0,0,0,0,0,0,0,0,0,0,0
46,10018649925317144938,44175,0,0,0,0,0,42898,0,0,0,0,0,0,0,0,0,0,0,0,0,0,0,0,0,4349,843895,0,0,0,190707,0,0,0,52,0,0,0,0,0,0,0,0,0,87078,0,0,order,0,0,0,0,0,0,0,4366,0,0,0,0,4366,90603,0,0,90603,0,0,0,0,0,87083,0,0,0
46,10018649925317144938,0,0,0,0,0,0,0,0,0,0,0,0,0,0,0,0,0,0,0,0,0,0,0,0,0,0,0,0,0,0,0,0,0,53,0,0,0,0,0,0,0,0,0,0,0,0,_order_graveyard,0,0,0,0,0,0,0,0,0,0,0,0,0,0,0,0,0,0,0,0,0,0,0,0,0,0
46,10018649925317144938,0,0,0,0,0,0,0,0,0,0,0,0,0,0,0,0,3522,0,0,0,0,0,0,0,1377,312521,0,0,0,100652,0,0,0,54,0,0,0,0,0,0,3521,0,0,0,0,0,order_wdc,0,0,0,0,0,0,0,1392,0,0,0,0,1392,3521,0,0,3521,0,0,0,0,0,0,0,0,0
46,10018649925317144938,0,0,0,0,0,0,0,0,0,0,0,0,0,0,0,0,0,0,0,0,0,0,0,0,0,0,0,0,0,0,0,0,0,55,0,0,0,0,0,0,0,0,0,0,0,0,_order_wdc_graveyard,0,0,0,0,0,0,0,0,0,0,0,0,0,0,0,0,0,0,0,0,0,0,0,0,0,0
46,10018649925317144938,441189,0,0,0,0,0,431189,0,0,0,0,0,0,0,0,0,0,0,0,0,0,0,98030,0,58935,7727284,0,0,0,1919481,0,891,0,56,0,0,0,0,0,0,12342,0,0,872330,0,0,orderline,1782565,891,0,0,0,0,0,59740,0,0,0,12269,59740,1795096,0,0,1795150,0,0,0,0,0,872325,0,0,0
46,10018649925317144938,0,0,0,0,0,0,0,0,0,0,0,0,0,0,0,0,0,0,0,0,0,0,0,0,0,0,0,0,0,0,0,0,0,57,0,0,0,0,0,0,0,0,0,0,0,0,_orderline_graveyard,0,0,0,0,0,0,0,0,0,0,0,0,0,0,0,0,0,0,0,0,0,0,0,0,0,0
46,10018649925317144938,0,0,0,0,0,0,0,0,0,0,0,0,0,0,0,0,0,0,0,0,0,0,0,0,0,1976023,0,0,0,0,0,0,0,58,0,0,0,0,0,0,0,0,0,0,0,0,item,0,0,0,0,0,0,0,0,0,0,0,0,0,987981,0,0,987977,0,0,0,0,0,0,0,0,0
47,10018649925317144938,0,0,0,0,0,0,0,0,0,0,0,0,0,0,0,0,0,0,0,0,0,0,0,0,0,0,0,0,0,0,0,0,0,61,0,0,0,0,0,0,0,0,0,0,0,0,_stock_graveyard,0,0,0,0,0,0,0,0,0,0,0,0,0,0,0,0,0,0,0,0,0,0,0,0,0,0
47,10018649925317144938,499310,0,0,0,0,0,487544,0,0,0,0,0,0,0,0,0,0,0,0,0,0,0,0,0,0,15050144,0,0,0,988045,0,0,0,60,0,0,0,0,0,0,1025,0,0,986804,0,0,stock,0,0,0,0,0,0,0,0,0,0,0,0,0,2773426,0,0,2773420,0,0,0,0,0,986793,0,0,0
47,10018649925317144938,0,0,0,0,0,0,0,0,0,0,0,0,0,0,0,0,0,0,0,0,0,0,0,0,0,0,0,0,0,0,0,0,0,59,0,0,0,0,0,0,0,0,0,0,0,0,_item_graveyard,0,0,0,0,0,0,0,0,0,0,0,0,0,0,0,0,0,0,0,0,0,0,0,0,0,0
47,10018649925317144938,0,0,0,0,0,0,0,0,0,0,0,0,0,0,0,0,0,0,0,0,0,0,330,0,2356,67550,0,0,0,67297,0,0,0,28,330,817,0,0,0,0,252,0,0,0,0,2659,_history_tree_14_updates,2006,0,0,0,0,0,0,5040,2661,0,0,0,7701,0,0,0,0,0,2355,0,0,0,0,0,0,0
47,10018649925317144938,0,0,0,0,0,0,0,0,0,0,0,0,0,0,0,0,0,0,0,0,0,0,976,0,5,9057,0,0,0,9050,0,0,0,27,2598,1,0,0,0,0,7,0,0,0,0,2603,_history_tree_13_removes,3045,0,0,0,0,0,0,2608,2603,0,0,0,5211,0,0,0,0,0,5,0,0,0,0,0,0,0
47,10018649925317144938,0,0,0,0,0,0,0,0,0,0,0,0,0,0,0,0,0,0,0,0,0,0,313,0,2335,66903,0,0,0,66693,0,0,0,26,313,757,0,0,0,0,209,0,0,0,0,2647,_history_tree_13_updates,2013,0,0,0,0,0,0,4982,2647,0,0,0,7629,0,0,0,0,0,2334,0,0,0,0,0,0,0
47,10018649925317144938,0,0,0,0,0,0,0,0,0,0,0,0,0,0,0,0,0,0,0,0,0,0,939,0,4,8782,0,0,0,8766,0,0,0,25,2578,1,0,0,0,0,16,0,0,0,0,2582,_history_tree_12_removes,3008,0,0,0,0,0,0,2586,2582,0,0,0,5168,0,0,0,0,0,4,0,0,0,0,0,0,0
47,10018649925317144938,0,0,0,0,0,0,0,0,0,0,0,0,0,0,0,0,0,0,0,0,0,0,336,0,2323,66135,0,0,0,65915,0,0,0,24,336,794,0,0,0,0,220,0,0,0,0,2650,_history_tree_12_updates,1980,0,0,0,0,0,0,4982,2650,0,0,0,7630,0,0,0,0,0,2321,0,0,0,0,0,0,0
47,10018649925317144938,0,0,0,0,0,0,0,0,0,0,0,0,0,0,0,0,0,0,0,0,0,0,964,0,6,9066,0,0,0,9048,0,0,0,23,2559,3,0,0,0,0,18,0,0,0,0,2565,_history_tree_11_removes,2993,0,0,0,0,0,0,2571,2565,0,0,0,5138,0,0,0,0,0,6,0,0,0,0,0,0,0
47,10018649925317144938,0,0,0,0,0,0,0,0,0,0,0,0,0,0,0,0,0,0,0,0,0,0,369,0,2333,66832,0,0,0,66631,0,0,0,22,369,820,0,0,0,0,201,0,0,0,0,2675,_history_tree_11_updates,2000,0,0,0,0,0,0,5035,2675,0,0,0,7710,0,0,0,0,0,2331,0,0,0,0,0,0,0
47,10018649925317144938,0,0,0,0,0,0,0,0,0,0,0,0,0,0,0,0,0,0,0,0,0,0,1015,0,6,9124,0,0,0,9106,0,0,0,21,2624,1,0,0,0,0,18,0,0,0,0,2630,_history_tree_10_removes,3083,0,0,0,0,0,0,2636,2630,0,0,0,5266,0,0,0,0,0,6,0,0,0,0,0,0,0
47,10018649925317144938,0,0,0,0,0,0,0,0,0,0,0,0,0,0,0,0,0,0,0,0,0,0,322,0,2344,67310,0,0,0,67092,0,0,0,20,322,781,0,0,0,0,216,0,0,0,0,2666,_history_tree_10_updates,2004,0,0,0,0,0,0,5010,2666,0,0,0,7676,0,0,0,0,0,2344,0,0,0,0,0,0,0
47,10018649925317144938,0,0,0,0,0,0,0,0,0,0,0,0,0,0,0,0,0,0,0,0,0,0,955,0,4,8708,0,0,0,8693,0,0,0,19,2629,1,0,0,0,0,15,0,0,0,0,2633,_history_tree_9_removes,3104,0,0,0,0,0,0,2637,2633,0,0,0,5270,0,0,0,0,0,4,0,0,0,0,0,0,0
47,10018649925317144938,0,0,0,0,0,0,0,0,0,0,0,0,0,0,0,0,0,0,0,0,0,0,363,0,2315,65985,0,0,0,65779,0,0,0,18,363,742,0,0,0,0,202,0,0,0,0,2677,_history_tree_9_updates,2076,0,0,0,0,0,0,4992,2677,0,0,0,7669,0,0,0,0,0,2314,0,0,0,0,0,0,0
47,10018649925317144938,0,0,0,0,0,0,0,0,0,0,0,0,0,0,0,0,0,0,0,0,0,0,1036,0,5,9236,0,0,0,9226,0,0,0,17,2620,1,0,0,0,0,10,0,0,0,0,2625,_history_tree_8_removes,3083,0,0,0,0,0,0,2630,2625,0,0,0,5255,0,0,0,0,0,5,0,0,0,0,0,0,0
47,10018649925317144938,0,0,0,0,0,0,0,0,0,0,0,0,0,0,0,0,0,0,0,0,0,0,329,0,2347,67315,0,0,0,67121,0,0,0,16,329,787,0,0,0,0,194,0,0,0,0,2667,_history_tree_8_updates,2018,0,0,0,0,0,0,5023,2667,0,0,0,7690,0,0,0,0,0,2347,0,0,0,0,0,0,0
47,10018649925317144938,0,0,0,0,0,0,0,0,0,0,0,0,0,0,0,0,0,0,0,0,0,0,1006,0,9,9214,0,0,0,9198,0,0,0,15,2576,3,0,0,0,0,16,0,0,0,0,2585,_history_tree_7_removes,3044,0,0,0,0,0,0,2595,2586,0,0,0,5181,0,0,0,0,0,9,0,0,0,0,0,0,0
47,10018649925317144938,0,0,0,0,0,0,0,0,0,0,0,0,0,0,0,0,0,0,0,0,0,0,377,0,2366,67687,0,0,0,67482,0,0,0,14,377,857,0,0,0,0,206,0,0,0,0,2653,_history_tree_7_updates,2015,0,0,0,0,0,0,5109,2653,0,0,0,7762,0,0,0,0,0,2366,0,0,0,0,0,0,0
47,10018649925317144938,0,0,0,0,0,0,0,0,0,0,0,0,0,0,0,0,0,0,0,0,0,0,1017,0,6,9029,0,0,0,9013,0,0,0,13,2642,2,0,0,0,0,16,0,0,0,0,2648,_history_tree_6_removes,3085,0,0,0,0,0,0,2654,2648,0,0,0,5302,0,0,0,0,0,6,0,0,0,0,0,0,0
47,10018649925317144938,0,0,0,0,0,0,0,0,0,0,0,0,0,21675014,22352628,0,0,0,0,0,0,0,389,0,2357,67724,0,0,0,67516,0,0,0,0,389,804,0,0,0,0,210,0,0,0,0,2738,_history_tree_0_updates,2074,0,1477100,0,0,0,0,5100,2738,0,0,0,7838,0,0,0,0,0,2355,0,0,0,0,696404,0,0
47,10018649925317144938,0,0,0,0,0,0,0,0,0,0,0,0,0,0,0,0,0,0,0,0,0,0,1014,0,6,9302,0,0,0,9287,0,0,0,1,2572,0,0,0,0,0,15,0,0,0,0,2578,_history_tree_0_removes,3046,0,0,0,0,0,0,2585,2579,0,0,0,5164,0,0,0,0,0,6,0,0,0,0,0,0,0
47,10018649925317144938,0,0,0,0,0,0,0,0,0,0,0,0,0,0,0,0,0,0,0,0,0,0,346,0,2339,66612,0,0,0,66404,0,0,0,2,346,803,0,0,0,0,208,0,0,0,0,2670,_history_tree_1_updates,2016,0,0,0,0,0,0,5023,2670,0,0,0,7693,0,0,0,0,0,2338,0,0,0,0,0,0,0
47,10018649925317144938,0,0,0,0,0,0,0,0,0,0,0,0,0,0,0,0,0,0,0,0,0,0,934,0,8,8876,0,0,0,8863,0,0,0,3,2625,3,0,0,0,0,13,0,0,0,0,2633,_history_tree_1_removes,3069,0,0,0,0,0,0,2641,2633,0,0,0,5274,0,0,0,0,0,8,0,0,0,0,0,0,0
47,10018649925317144938,0,0,0,0,0,0,0,0,0,0,0,0,0,0,0,0,0,0,0,0,0,0,352,0,2328,66733,0,0,0,66502,0,0,0,4,352,800,0,0,0,0,229,0,0,0,0,2682,_history_tree_2_updates,1997,0,0,0,0,0,0,5011,2682,0,0,0,7693,0,0,0,0,0,2331,0,0,0,0,0,0,0
47,10018649925317144938,0,0,0,0,0,0,0,0,0,0,0,0,0,0,0,0,0,0,0,0,0,0,1000,0,5,9074,0,0,0,9060,0,0,0,5,2613,1,0,0,0,0,14,0,0,0,0,2618,_history_tree_2_removes,3067,0,0,0,0,0,0,2623,2618,0,0,0,5241,0,0,0,0,0,5,0,0,0,0,0,0,0
47,10018649925317144938,0,0,0,0,0,0,0,0,0,0,0,0,0,0,0,0,0,0,0,0,0,0,337,0,2333,66646,0,0,0,66450,0,0,0,6,337,802,0,0,0,0,196,0,0,0,0,2632,_history_tree_3_updates,1988,0,0,0,0,0,0,5002,2632,0,0,0,7634,0,0,0,0,0,2332,0,0,0,0,0,0,0
47,10018649925317144938,0,0,0,0,0,0,0,0,0,0,0,0,0,0,0,0,0,0,0,0,0,0,969,0,9,9049,0,0,0,9032,0,0,0,7,2653,3,0,0,0,0,17,0,0,0,0,2662,_history_tree_3_removes,3080,0,0,0,0,0,0,2671,2662,0,0,0,5333,0,0,0,0,0,9,0,0,0,0,0,0,0
47,10018649925317144938,0,0,0,0,0,0,0,0,0,0,0,0,0,0,0,0,0,0,0,0,0,0,327,0,2348,67079,0,0,0,66867,0,0,0,8,327,802,0,0,0,0,213,0,0,0,0,2671,_history_tree_4_updates,1990,0,0,0,0,0,0,5024,2671,0,0,0,7695,0,0,0,0,0,2348,0,0,0,0,0,0,0
47,10018649925317144938,0,0,0,0,0,0,0,0,0,0,0,0,0,0,0,0,0,0,0,0,0,0,946,0,7,8958,0,0,0,8943,0,0,0,9,2603,2,0,0,0,0,15,0,0,0,0,2610,_history_tree_4_removes,3035,0,0,0,0,0,0,2617,2610,0,0,0,5227,0,0,0,0,0,7,0,0,0,0,0,0,0
47,10018649925317144938,0,0,0,0,0,0,0,0,0,0,0,0,0,0,0,0,0,0,0,0,0,0,297,0,2365,67794,0,0,0,67611,0,0,0,10,297,794,0,0,0,0,182,0,0,0,0,2661,_history_tree_5_updates,2000,0,0,0,0,0,0,5026,2660,0,0,0,7684,0,0,0,0,0,2363,0,0,0,0,0,0,0
47,10018649925317144938,0,0,0,0,0,0,0,0,0,0,0,0,0,0,0,0,0,0,0,0,0,0,1020,0,5,9289,0,0,0,9276,0,0,0,11,2602,0,0,0,0,0,12,0,0,0,0,2607,_history_tree_5_removes,3059,0,0,0,0,0,0,2612,2607,0,0,0,5219,0,0,0,0,0,5,0,0,0,0,0,0,0
47,10018649925317144938,0,0,0,0,0,0,0,0,0,0,0,0,0,0,0,0,0,0,0,0,0,0,362,0,2301,65951,0,0,0,65760,0,0,0,12,362,755,0,0,0,0,190,0,0,0,0,2598,_history_tree_6_updates,2032,0,0,0,0,0,0,4964,2598,0,0,0,7562,0,0,0,0,0,2301,0,0,0,0,0,0,0
47,10018649925317144938,0,0,0,0,0,0,0,0,0,0,0,0,0,0,0,0,0,0,0,0,0,0,974,0,7,9171,0,0,0,9161,0,0,0,29,2550,1,0,0,0,0,10,0,0,0,0,2557,_history_tree_14_removes,3018,0,0,0,0,0,0,2564,2557,0,0,0,5121,0,0,0,0,0,7,0,0,0,0,0,0,0
47,10018649925317144938,0,0,0,0,0,0,0,0,0,0,0,0,0,0,0,0,0,0,0,0,0,0,358,0,2352,67602,0,0,0,67389,0,0,0,30,358,851,0,0,0,0,213,0,0,0,0,2683,_history_tree_15_updates,1993,0,0,0,0,0,0,5064,2683,0,0,0,7747,0,0,0,0,0,2353,0,0,0,0,0,0,0
47,10018649925317144938,0,0,0,0,0,0,0,0,0,0,0,0,0,0,0,0,0,0,0,0,0,0,1014,0,8,9298,0,0,0,9287,0,0,0,31,2549,1,0,0,0,0,11,0,0,0,0,2557,_history_tree_15_removes,3019,0,0,0,0,0,0,2564,2556,0,0,0,5120,0,0,0,0,0,8,0,0,0,0,0,0,0
47,10018649925317144938,0,0,0,0,0,0,0,0,0,0,0,0,0,0,0,0,0,0,0,0,0,0,307,0,2338,66854,0,0,0,66637,0,0,0,32,307,791,0,0,0,0,216,0,0,0,0,2615,_history_tree_16_updates,1983,0,0,0,0,0,0,4984,2615,0,0,0,7599,0,0,0,0,0,2339,0,0,0,0,0,0,0
47,10018649925317144938,0,0,0,0,0,0,0,0,0,0,0,0,0,0,0,0,0,0,0,0,0,0,956,0,7,8894,0,0,0,8887,0,0,0,33,2565,1,0,0,0,0,7,0,0,0,0,2573,_history_tree_16_removes,3009,0,0,0,0,0,0,2580,2573,0,0,0,5153,0,0,0,0,0,7,0,0,0,0,0,0,0
47,10018649925317144938,0,0,0,0,0,0,0,0,0,0,0,0,0,0,0,0,0,0,0,0,0,0,360,0,2367,144632,0,0,0,72130,0,0,0,34,10410,2725,0,0,0,0,184,0,0,0,0,6250,_history_tree_17_updates,3920,0,0,0,0,0,0,15145,12499,1,0,0,21395,0,0,0,0,0,2367,0,0,0,0,0,0,0
47,10018649925317144938,0,0,0,0,0,0,0,0,0,0,0,0,0,0,0,0,0,0,0,0,0,0,839,0,22,9289,0,0,0,9277,0,0,0,35,2422,14,0,0,0,0,12,0,0,0,0,2444,_history_tree_17_removes,2850,0,0,0,0,0,0,2466,2444,0,0,0,4910,0,0,0,0,0,22,0,0,0,0,0,0,0
47,10018649925317144938,0,0,0,0,0,0,0,0,0,0,0,0,0,0,0,0,0,0,0,0,0,0,342,0,2374,68224,0,0,0,68010,0,0,0,36,342,825,0,0,0,0,216,0,0,0,0,2699,_history_tree_18_updates,2009,0,0,0,0,0,0,5091,2699,0,0,0,7790,0,0,0,0,0,2375,0,0,0,0,0,0,0
47,10018649925317144938,0,0,0,0,0,0,0,0,0,0,0,0,0,0,0,0,0,0,0,0,0,0,1008,0,9,9444,0,0,0,9428,0,0,0,37,2589,1,0,0,0,0,16,0,0,0,0,2598,_history_tree_18_removes,3060,0,0,0,0,0,0,2607,2598,0,0,0,5205,0,0,0,0,0,9,0,0,0,0,0,0,0
47,10018649925317144938,0,0,0,0,0,0,0,0,0,0,0,0,0,0,0,0,0,0,0,0,0,0,338,0,2388,68714,0,0,0,68499,0,0,0,38,338,841,0,0,0,0,215,0,0,0,0,2697,_history_tree_19_updates,1998,0,0,0,0,0,0,5113,2697,0,0,0,7810,0,0,0,0,0,2388,0,0,0,0,0,0,0
47,10018649925317144938,0,0,0,0,0,0,0,0,0,0,0,0,0,0,0,0,0,0,0,0,0,0,1013,0,5,9467,0,0,0,9457,0,0,0,39,2614,1,0,0,0,0,11,0,0,0,0,2619,_history_tree_19_removes,3045,0,0,0,0,0,0,2623,2618,0,0,0,5241,0,0,0,0,0,5,0,0,0,0,0,0,0
47,10018649925317144938,49272,0,0,0,0,0,45081,0,0,0,0,0,0,0,0,0,0,0,0,0,0,0,0,0,0,294343,0,0,0,96384,0,0,0,40,0,0,0,0,0,0,2127,0,0,94350,0,0,warehouse,0,0,0,0,0,0,0,0,0,0,0,0,0,195400,0,0,195399,0,0,0,0,0,94349,0,0,0
47,10018649925317144938,0,0,0,0,0,0,0,0,0,0,0,0,0,0,0,0,0,0,0,0,0,0,0,0,0,0,0,0,0,0,0,0,0,41,0,0,0,0,0,0,0,0,0,0,0,0,_warehouse_graveyard,0,0,0,0,0,0,0,0,0,0,0,0,0,0,0,0,0,0,0,0,0,0,0,0,0,0
47,10018649925317144938,96987,0,0,0,0,0,95272,0,0,0,0,0,0,0,0,0,0,0,0,0,0,0,0,0,0,298896,0,0,0,194484,0,0,0,42,0,0,0,0,0,0,1009,0,0,192267,0,0,district,0,0,0,0,0,0,0,0,0,0,0,0,0,103335,0,0,103332,0,0,0,0,0,192263,0,0,0
47,10018649925317144938,0,0,0,0,0,0,0,0,0,0,0,0,0,0,0,0,0,0,0,0,0,0,0,0,0,0,0,0,0,0,0,0,0,43,0,0,0,0,0,0,0,0,0,0,0,0,_district_graveyard,0,0,0,0,0,0,0,0,0,0,0,0,0,0,0,0,0,0,0,0,0,0,0,0,0,0
47,10018649925317144938,62257,0,0,0,0,0,59302,0,0,0,0,0,0,0,0,0,0,0,0,0,0,0,0,0,0,787638,0,0,0,121563,0,0,0,44,0,0,0,0,0,0,8,0,0,121560,0,0,customer,0,0,0,0,0,0,0,0,0,0,0,0,0,140980,0,0,140980,0,0,0,0,0,121559,0,0,0
47,10018649925317144938,0,0,0,0,0,0,0,0,0,0,0,0,0,0,0,0,0,0,0,0,0,0,0,0,0,0,0,0,0,0,0,0,0,45,0,0,0,0,0,0,0,0,0,0,0,0,_customer_graveyard,0,0,0,0,0,0,0,0,0,0,0,0,0,0,0,0,0,0,0,0,0,0,0,0,0,0
47,10018649925317144938,0,0,0,0,0,0,0,0,0,0,0,0,0,0,0,0,0,0,0,0,0,0,0,0,0,183771,0,0,0,0,0,0,0,46,0,0,0,0,0,0,61257,0,0,0,0,0,customerwdl,0,0,0,0,0,0,0,0,0,0,0,61257,0,61256,0,0,61255,0,0,0,0,0,0,0,0,0
47,10018649925317144938,0,0,0,0,0,0,0,0,0,0,0,0,0,0,0,0,0,0,0,0,0,0,0,0,0,0,0,0,0,0,0,0,0,47,0,0,0,0,0,0,0,0,0,0,0,0,_customerwdl_graveyard,0,0,0,0,0,0,0,0,0,0,0,0,0,0,0,0,0,0,0,0,0,0,0,0,0,0
47,10018649925317144938,0,0,0,0,0,0,0,0,0,0,0,0,0,0,0,0,0,0,0,0,0,0,0,0,2225,119217,0,0,0,39738,0,0,0,48,0,0,0,0,0,0,0,0,0,0,0,0,history,0,0,0,0,0,0,0,2251,0,0,0,0,2252,0,0,0,0,0,0,0,0,0,0,0,0,0
47,10018649925317144938,0,0,0,0,0,0,0,0,0,0,0,0,0,0,0,0,0,0,0,0,0,0,0,0,0,0,0,0,0,0,0,0,0,49,0,0,0,0,0,0,0,0,0,0,0,0,_history_graveyard,0,0,0,0,0,0,0,0,0,0,0,0,0,0,0,0,0,0,0,0,0,0,0,0,0,0
47,10018649925317144938,42045,84010,0,84010,0,0,41951,0,0,0,0,0,0,0,0,0,0,0,0,0,0,0,54623,0,2078,1133032,0,0,0,269367,0,10979,0,50,57,0,0,0,0,0,108287,0,0,0,0,0,neworder,89611,10980,0,0,0,0,0,3898,47,0,0,84246,3899,95226,0,0,95223,0,1762,0,0,0,0,0,0,0
47,10018649925317144938,0,0,0,0,0,0,0,0,0,0,0,0,0,0,0,0,0,0,0,0,0,0,0,0,0,0,0,0,0,0,0,0,0,51,0,0,0,0,0,0,0,0,0,0,0,0,_neworder_graveyard,0,0,0,0,0,0,0,0,0,0,0,0,0,0,0,0,0,0,0,0,0,0,0,0,0,0
47,10018649925317144938,42560,0,0,0,0,0,41387,0,0,0,0,0,0,0,0,0,0,0,0,0,0,0,0,0,4292,824181,0,0,0,187264,0,0,0,52,0,0,0,0,0,0,0,0,0,83938,0,0,order,0,0,0,0,0,0,0,4296,0,0,0,0,4296,87451,0,0,87452,0,0,0,0,0,83933,0,0,0
47,10018649925317144938,0,0,0,0,0,0,0,0,0,0,0,0,0,0,0,0,0,0,0,0,0,0,0,0,0,0,0,0,0,0,0,0,0,53,0,0,0,0,0,0,0,0,0,0,0,0,_order_graveyard,0,0,0,0,0,0,0,0,0,0,0,0,0,0,0,0,0,0,0,0,0,0,0,0,0,0
47,10018649925317144938,0,0,0,0,0,0,0,0,0,0,0,0,0,0,0,0,3516,0,0,0,0,0,0,0,1325,311626,0,0,0,100358,0,0,0,54,0,0,0,0,0,0,3516,0,0,0,0,0,order_wdc,0,0,0,0,0,0,0,1340,0,0,0,0,1340,3516,0,0,3516,0,0,0,0,0,0,0,0,0
47,10018649925317144938,0,0,0,0,0,0,0,0,0,0,0,0,0,0,0,0,0,0,0,0,0,0,0,0,0,0,0,0,0,0,0,0,0,55,0,0,0,0,0,0,0,0,0,0,0,0,_order_wdc_graveyard,0,0,0,0,0,0,0,0,0,0,0,0,0,0,0,0,0,0,0,0,0,0,0,0,0,0
47,10018649925317144938,424035,0,0,0,0,0,414212,0,0,0,0,0,0,0,0,0,0,0,0,0,0,0,100523,0,58778,7580693,0,0,0,1882601,0,1058,0,56,0,0,0,0,0,0,12572,0,0,838241,0,0,orderline,1828386,1058,0,0,0,0,0,59576,0,0,0,12501,59576,1840707,0,0,1840677,0,0,0,0,0,838242,0,0,0
47,10018649925317144938,0,0,0,0,0,0,0,0,0,0,0,0,0,0,0,0,0,0,0,0,0,0,0,0,0,0,0,0,0,0,0,0,0,57,0,0,0,0,0,0,0,0,0,0,0,0,_orderline_graveyard,0,0,0,0,0,0,0,0,0,0,0,0,0,0,0,0,0,0,0,0,0,0,0,0,0,0
47,10018649925317144938,0,0,0,0,0,0,0,0,0,0,0,0,0,0,0,0,0,0,0,0,0,0,0,0,0,1971293,0,0,0,0,0,0,0,58,0,0,0,0,0,0,0,0,0,0,0,0,item,0,0,0,0,0,0,0,0,0,0,0,0,0,985684,0,0,985690,0,0,0,0,0,0,0,0,0
48,10018649925317144938,0,0,0,0,0,0,0,0,0,0,0,0,0,0,0,0,0,0,0,0,0,0,0,0,0,0,0,0,0,0,0,0,0,61,0,0,0,0,0,0,0,0,0,0,0,0,_stock_graveyard,0,0,0,0,0,0,0,0,0,0,0,0,0,0,0,0,0,0,0,0,0,0,0,0,0,0
48,10018649925317144938,512912,0,0,0,0,0,500133,0,0,0,0,0,0,0,0,0,0,0,0,0,0,0,0,0,0,15405800,0,0,0,1014224,0,0,0,60,0,0,0,0,0,0,1086,0,0,1012976,0,0,stock,0,0,0,0,0,0,0,0,0,0,0,0,0,2835968,0,0,2835947,0,0,0,0,0,1012926,0,0,0
48,10018649925317144938,0,0,0,0,0,0,0,0,0,0,0,0,0,0,0,0,0,0,0,0,0,0,0,0,0,0,0,0,0,0,0,0,0,59,0,0,0,0,0,0,0,0,0,0,0,0,_item_graveyard,0,0,0,0,0,0,0,0,0,0,0,0,0,0,0,0,0,0,0,0,0,0,0,0,0,0
48,10018649925317144938,0,0,0,0,0,0,0,0,0,0,0,0,0,0,0,0,0,0,0,0,0,0,322,0,2421,69827,0,0,0,69599,0,0,0,28,322,819,0,0,0,0,228,0,0,0,0,2736,_history_tree_14_updates,2042,0,0,0,0,0,0,5155,2734,0,0,0,7889,0,0,0,0,0,2412,0,0,0,0,0,0,0
48,10018649925317144938,0,0,0,0,0,0,0,0,0,0,0,0,0,0,0,0,0,0,0,0,0,0,1046,0,4,9219,0,0,0,9199,0,0,0,27,2689,1,0,0,0,0,20,0,0,0,0,2692,_history_tree_13_removes,3186,0,0,0,0,0,0,2696,2692,0,0,0,5388,0,0,0,0,0,3,0,0,0,0,0,0,0
48,10018649925317144938,0,0,0,0,0,0,0,0,0,0,0,0,0,0,0,0,0,0,0,0,0,0,316,0,2425,69240,0,0,0,68990,0,0,0,26,316,774,0,0,0,0,250,0,0,0,0,2699,_history_tree_13_updates,2085,0,0,0,0,0,0,5139,2699,0,0,0,7838,0,0,0,0,0,2398,0,0,0,0,0,0,0
48,10018649925317144938,0,0,0,0,0,0,0,0,0,0,0,0,0,0,0,0,0,0,0,0,0,0,1053,0,7,9542,0,0,0,9531,0,0,0,25,2607,2,0,0,0,0,11,0,0,0,0,2612,_history_tree_12_removes,3096,0,0,0,0,0,0,2619,2612,0,0,0,5231,0,0,0,0,0,5,0,0,0,0,0,0,0
48,10018649925317144938,0,0,0,0,0,0,0,0,0,0,0,0,0,0,0,0,0,0,0,0,0,0,356,0,2436,69920,0,0,0,69705,0,0,0,24,356,840,0,0,0,0,215,0,0,0,0,2716,_history_tree_12_updates,2052,0,0,0,0,0,0,5186,2716,0,0,0,7902,0,0,0,0,0,2395,0,0,0,0,0,0,0
48,10018649925317144938,0,0,0,0,0,0,0,0,0,0,0,0,0,0,0,0,0,0,0,0,0,0,1064,0,9,9468,0,0,0,9454,0,0,0,23,2614,3,0,0,0,0,14,0,0,0,0,2621,_history_tree_11_removes,3108,0,0,0,0,0,0,2630,2621,0,0,0,5249,0,0,0,0,0,7,0,0,0,0,0,0,0
48,10018649925317144938,0,0,0,0,0,0,0,0,0,0,0,0,0,0,0,0,0,0,0,0,0,0,357,0,2439,70067,0,0,0,69832,0,0,0,22,357,848,0,0,0,0,234,0,0,0,0,2725,_history_tree_11_updates,2053,0,0,0,0,0,0,5200,2725,0,0,0,7925,0,0,0,0,0,2404,0,0,0,0,0,0,0
48,10018649925317144938,0,0,0,0,0,0,0,0,0,0,0,0,0,0,0,0,0,0,0,0,0,0,984,0,8,9167,0,0,0,9152,0,0,0,21,2594,2,0,0,0,0,15,0,0,0,0,2600,_history_tree_10_removes,3038,0,0,0,0,0,0,2608,2600,0,0,0,5208,0,0,0,0,0,6,0,0,0,0,0,0,0
48,10018649925317144938,0,0,0,0,0,0,0,0,0,0,0,0,0,0,0,0,0,0,0,0,0,0,368,0,2421,69179,0,0,0,68988,0,0,0,20,368,813,0,0,0,0,191,0,0,0,0,2721,_history_tree_10_updates,2042,0,0,0,0,0,0,5155,2721,0,0,0,7876,0,0,0,0,0,2366,0,0,0,0,0,0,0
48,10018649925317144938,0,0,0,0,0,0,0,0,0,0,0,0,0,0,0,0,0,0,0,0,0,0,1013,0,7,9420,0,0,0,9405,0,0,0,19,2614,4,0,0,0,0,15,0,0,0,0,2620,_history_tree_9_removes,3083,0,0,0,0,0,0,2627,2620,0,0,0,5247,0,0,0,0,0,6,0,0,0,0,0,0,0
48,10018649925317144938,0,0,0,0,0,0,0,0,0,0,0,0,0,0,0,0,0,0,0,0,0,0,333,0,2440,69874,0,0,0,69673,0,0,0,18,333,850,0,0,0,0,199,0,0,0,0,2680,_history_tree_9_updates,2022,0,0,0,0,0,0,5176,2680,0,0,0,7856,0,0,0,0,0,2403,0,0,0,0,0,0,0
48,10018649925317144938,0,0,0,0,0,0,0,0,0,0,0,0,0,0,0,0,0,0,0,0,0,0,1072,0,5,9520,0,0,0,9509,0,0,0,17,2704,2,0,0,0,0,11,0,0,0,0,2708,_history_tree_8_removes,3185,0,0,0,0,0,0,2713,2708,0,0,0,5421,0,0,0,0,0,4,0,0,0,0,0,0,0
48,10018649925317144938,0,0,0,0,0,0,0,0,0,0,0,0,0,0,0,0,0,0,0,0,0,0,332,0,2430,69748,0,0,0,69514,0,0,0,16,332,801,0,0,0,0,231,0,0,0,0,2709,_history_tree_8_updates,2078,0,0,0,0,0,0,5158,2709,0,0,0,7867,0,0,0,0,0,2396,0,0,0,0,0,0,0
48,10018649925317144938,0,0,0,0,0,0,0,0,0,0,0,0,0,0,0,0,0,0,0,0,0,0,1085,0,7,9701,0,0,0,9678,0,0,0,15,2555,2,0,0,0,0,23,0,0,0,0,2562,_history_tree_7_removes,3017,0,0,0,0,0,0,2568,2561,0,0,0,5129,0,0,0,0,0,7,0,0,0,0,0,0,0
48,10018649925317144938,0,0,0,0,0,0,0,0,0,0,0,0,0,0,0,0,0,0,0,0,0,0,357,0,2418,69755,0,0,0,69556,0,0,0,14,357,874,0,0,0,0,198,0,0,0,0,2719,_history_tree_7_updates,2017,0,0,0,0,0,0,5183,2719,0,0,0,7902,0,0,0,0,0,2408,0,0,0,0,0,0,0
48,10018649925317144938,0,0,0,0,0,0,0,0,0,0,0,0,0,0,0,0,0,0,0,0,0,0,965,0,8,8953,0,0,0,8933,0,0,0,13,2662,4,0,0,0,0,20,0,0,0,0,2668,_history_tree_6_removes,3099,0,0,0,0,0,0,2676,2668,0,0,0,5344,0,0,0,0,0,6,0,0,0,0,0,0,0
48,10018649925317144938,0,0,0,0,0,0,0,0,0,0,0,0,0,22305887,22955412,0,0,0,0,0,0,0,338,0,2439,70079,0,0,0,69850,0,0,0,0,338,860,0,0,0,0,226,0,0,0,0,2712,_history_tree_0_updates,2000,0,1523463,0,0,0,0,5179,2712,0,0,0,7891,0,0,0,0,0,2402,0,0,0,0,728492,0,0
48,10018649925317144938,0,0,0,0,0,0,0,0,0,0,0,0,0,0,0,0,0,0,0,0,0,0,1047,0,7,9718,0,0,0,9699,0,0,0,1,2656,3,0,0,0,0,19,0,0,0,0,2662,_history_tree_0_removes,3092,0,0,0,0,0,0,2668,2661,0,0,0,5329,0,0,0,0,0,6,0,0,0,0,0,0,0
48,10018649925317144938,0,0,0,0,0,0,0,0,0,0,0,0,0,0,0,0,0,0,0,0,0,0,378,0,2424,69634,0,0,0,69383,0,0,0,2,378,858,0,0,0,0,249,0,0,0,0,2734,_history_tree_1_updates,2043,0,0,0,0,0,0,5189,2734,0,0,0,7923,0,0,0,0,0,2387,0,0,0,0,0,0,0
48,10018649925317144938,0,0,0,0,0,0,0,0,0,0,0,0,0,0,0,0,0,0,0,0,0,0,997,0,10,9537,0,0,0,9529,0,0,0,3,2595,5,0,0,0,0,8,0,0,0,0,2604,_history_tree_1_removes,3052,0,0,0,0,0,0,2614,2604,0,0,0,5218,0,0,0,0,0,9,0,0,0,0,0,0,0
48,10018649925317144938,0,0,0,0,0,0,0,0,0,0,0,0,0,0,0,0,0,0,0,0,0,0,308,0,2437,69900,0,0,0,69698,0,0,0,4,308,825,0,0,0,0,200,0,0,0,0,2705,_history_tree_2_updates,2033,0,0,0,0,0,0,5164,2705,0,0,0,7869,0,0,0,0,0,2420,0,0,0,0,0,0,0
48,10018649925317144938,0,0,0,0,0,0,0,0,0,0,0,0,0,0,0,0,0,0,0,0,0,0,1012,0,6,9537,0,0,0,9512,0,0,0,5,2651,2,0,0,0,0,25,0,0,0,0,2656,_history_tree_2_removes,3102,0,0,0,0,0,0,2662,2656,0,0,0,5318,0,0,0,0,0,5,0,0,0,0,0,0,0
48,10018649925317144938,0,0,0,0,0,0,0,0,0,0,0,0,0,0,0,0,0,0,0,0,0,0,384,0,2420,68822,0,0,0,68621,0,0,0,6,384,811,0,0,0,0,201,0,0,0,0,2707,_history_tree_3_updates,2069,0,0,0,0,0,0,5168,2707,0,0,0,7875,0,0,0,0,0,2364,0,0,0,0,0,0,0
48,10018649925317144938,0,0,0,0,0,0,0,0,0,0,0,0,0,0,0,0,0,0,0,0,0,0,948,0,8,9022,0,0,0,9007,0,0,0,7,2639,3,0,0,0,0,15,0,0,0,0,2645,_history_tree_3_removes,3101,0,0,0,0,0,0,2653,2645,0,0,0,5298,0,0,0,0,0,6,0,0,0,0,0,0,0
48,10018649925317144938,0,0,0,0,0,0,0,0,0,0,0,0,0,0,0,0,0,0,0,0,0,0,379,0,2423,69510,0,0,0,69310,0,0,0,8,379,887,0,0,0,0,199,0,0,0,0,2720,_history_tree_4_updates,2013,0,0,0,0,0,0,5197,2720,0,0,0,7917,0,0,0,0,0,2396,0,0,0,0,0,0,0
48,10018649925317144938,0,0,0,0,0,0,0,0,0,0,0,0,0,0,0,0,0,0,0,0,0,0,1011,0,9,9466,0,0,0,9446,0,0,0,9,2513,4,0,0,0,0,20,0,0,0,0,2521,_history_tree_4_removes,2964,0,0,0,0,0,0,2530,2521,0,0,0,5051,0,0,0,0,0,8,0,0,0,0,0,0,0
48,10018649925317144938,0,0,0,0,0,0,0,0,0,0,0,0,0,0,0,0,0,0,0,0,0,0,343,0,2412,68933,0,0,0,68711,0,0,0,10,343,804,0,0,0,0,222,0,0,0,0,2690,_history_tree_5_updates,2047,0,0,0,0,0,0,5124,2690,0,0,0,7814,0,0,0,0,0,2369,0,0,0,0,0,0,0
48,10018649925317144938,0,0,0,0,0,0,0,0,0,0,0,0,0,0,0,0,0,0,0,0,0,0,1059,0,7,9245,0,0,0,9229,0,0,0,11,2632,1,0,0,0,0,16,0,0,0,0,2637,_history_tree_5_removes,3123,0,0,0,0,0,0,2644,2637,0,0,0,5281,0,0,0,0,0,5,0,0,0,0,0,0,0
48,10018649925317144938,0,0,0,0,0,0,0,0,0,0,0,0,0,0,0,0,0,0,0,0,0,0,350,0,2428,68958,0,0,0,68753,0,0,0,12,350,807,0,0,0,0,203,0,0,0,0,2609,_history_tree_6_updates,2031,0,0,0,0,0,0,5135,2609,0,0,0,7744,0,0,0,0,0,2357,0,0,0,0,0,0,0
48,10018649925317144938,0,0,0,0,0,0,0,0,0,0,0,0,0,0,0,0,0,0,0,0,0,0,1073,0,5,9694,0,0,0,9674,0,0,0,29,2702,0,0,0,0,0,20,0,0,0,0,2707,_history_tree_14_removes,3170,0,0,0,0,0,0,2712,2707,0,0,0,5419,0,0,0,0,0,5,0,0,0,0,0,0,0
48,10018649925317144938,0,0,0,0,0,0,0,0,0,0,0,0,0,0,0,0,0,0,0,0,0,0,334,0,2421,69153,0,0,0,68934,0,0,0,30,334,828,0,0,0,0,218,0,0,0,0,2692,_history_tree_15_updates,2010,0,0,0,0,0,0,5140,2692,0,0,0,7832,0,0,0,0,0,2385,0,0,0,0,0,0,0
48,10018649925317144938,0,0,0,0,0,0,0,0,0,0,0,0,0,0,0,0,0,0,0,0,0,0,961,0,8,9215,0,0,0,9204,0,0,0,31,2577,3,0,0,0,0,11,0,0,0,0,2584,_history_tree_15_removes,3020,0,0,0,0,0,0,2592,2584,0,0,0,5176,0,0,0,0,0,7,0,0,0,0,0,0,0
48,10018649925317144938,0,0,0,0,0,0,0,0,0,0,0,0,0,0,0,0,0,0,0,0,0,0,316,0,2417,69172,0,0,0,68951,0,0,0,32,316,833,0,0,0,0,219,0,0,0,0,2711,_history_tree_16_updates,1996,0,0,0,0,0,0,5137,2711,0,0,0,7848,0,0,0,0,0,2404,0,0,0,0,0,0,0
48,10018649925317144938,0,0,0,0,0,0,0,0,0,0,0,0,0,0,0,0,0,0,0,0,0,0,1043,0,6,9427,0,0,0,9406,0,0,0,33,2617,2,0,0,0,0,21,0,0,0,0,2622,_history_tree_16_removes,3071,0,0,0,0,0,0,2628,2622,0,0,0,5250,0,0,0,0,0,6,0,0,0,0,0,0,0
48,10018649925317144938,0,0,0,0,0,0,0,0,0,0,0,0,0,0,0,0,0,0,0,0,0,0,347,0,2403,146094,0,0,0,72851,0,0,0,34,10572,2669,0,0,0,0,196,0,0,0,0,6320,_history_tree_17_updates,4025,0,0,0,0,0,0,15299,12639,1,0,0,21619,0,0,0,0,0,2324,0,0,0,0,0,0,0
48,10018649925317144938,0,0,0,0,0,0,0,0,0,0,0,0,0,0,0,0,0,0,0,0,0,0,836,0,21,8950,0,0,0,8936,0,0,0,35,2477,12,0,0,0,0,14,0,0,0,0,2495,_history_tree_17_removes,2895,0,0,0,0,0,0,2516,2495,0,0,0,5011,0,0,0,0,0,18,0,0,0,0,0,0,0
48,10018649925317144938,0,0,0,0,0,0,0,0,0,0,0,0,0,0,0,0,0,0,0,0,0,0,363,0,2396,68315,0,0,0,68099,0,0,0,36,363,839,0,0,0,0,214,0,0,0,0,2727,_history_tree_18_updates,2039,0,0,0,0,0,0,5143,2727,0,0,0,7870,0,0,0,0,0,2384,0,0,0,0,0,0,0
48,10018649925317144938,0,0,0,0,0,0,0,0,0,0,0,0,0,0,0,0,0,0,0,0,0,0,955,0,6,9057,0,0,0,9041,0,0,0,37,2580,1,0,0,0,0,16,0,0,0,0,2586,_history_tree_18_removes,3036,0,0,0,0,0,0,2592,2586,0,0,0,5178,0,0,0,0,0,6,0,0,0,0,0,0,0
48,10018649925317144938,0,0,0,0,0,0,0,0,0,0,0,0,0,0,0,0,0,0,0,0,0,0,303,0,2397,69097,0,0,0,68893,0,0,0,38,303,820,0,0,0,0,204,0,0,0,0,2638,_history_tree_19_updates,1998,0,0,0,0,0,0,5095,2638,0,0,0,7733,0,0,0,0,0,2395,0,0,0,0,0,0,0
48,10018649925317144938,0,0,0,0,0,0,0,0,0,0,0,0,0,0,0,0,0,0,0,0,0,0,1050,0,7,9670,0,0,0,9651,0,0,0,39,2606,4,0,0,0,0,18,0,0,0,0,2613,_history_tree_19_removes,3068,0,0,0,0,0,0,2620,2613,0,0,0,5233,0,0,0,0,0,7,0,0,0,0,0,0,0
48,10018649925317144938,50134,0,0,0,0,0,46570,0,0,0,0,0,0,0,0,0,0,0,0,0,0,0,0,0,0,301112,0,0,0,98774,0,0,0,40,0,0,0,0,0,0,2178,0,0,96701,0,0,warehouse,0,0,0,0,0,0,0,0,0,0,0,0,0,199739,0,0,199738,0,0,0,0,0,96696,0,0,0
48,10018649925317144938,0,0,0,0,0,0,0,0,0,0,0,0,0,0,0,0,0,0,0,0,0,0,0,0,0,0,0,0,0,0,0,0,0,41,0,0,0,0,0,0,0,0,0,0,0,0,_warehouse_graveyard,0,0,0,0,0,0,0,0,0,0,0,0,0,0,0,0,0,0,0,0,0,0,0,0,0,0
48,10018649925317144938,99050,0,0,0,0,0,97478,0,0,0,0,0,0,0,0,0,0,0,0,0,0,0,0,0,1,305543,0,0,0,198723,0,0,0,42,0,0,0,0,0,0,1019,0,0,196484,0,0,district,0,0,0,0,0,0,0,1,0,0,0,0,1,105716,0,0,105715,1,0,0,0,0,196467,0,0,0
48,10018649925317144938,0,0,0,0,0,0,0,0,0,0,0,0,0,0,0,0,0,0,0,0,0,0,0,0,0,0,0,0,0,0,0,0,0,43,0,0,0,0,0,0,0,0,0,0,0,0,_district_graveyard,0,0,0,0,0,0,0,0,0,0,0,0,0,0,0,0,0,0,0,0,0,0,0,0,0,0
48,10018649925317144938,64548,0,0,0,0,0,61367,0,0,0,0,0,0,0,0,0,0,0,0,0,0,0,0,0,0,808854,0,0,0,125930,0,0,0,44,0,0,0,0,0,0,5,0,0,125905,0,0,customer,0,0,0,0,0,0,0,0,0,0,0,0,0,143670,0,0,143668,0,0,0,0,0,125900,0,0,0
48,10018649925317144938,0,0,0,0,0,0,0,0,0,0,0,0,0,0,0,0,0,0,0,0,0,0,0,0,0,0,0,0,0,0,0,0,0,45,0,0,0,0,0,0,0,0,0,0,0,0,_customer_graveyard,0,0,0,0,0,0,0,0,0,0,0,0,0,0,0,0,0,0,0,0,0,0,0,0,0,0
48,10018649925317144938,0,0,0,0,0,0,0,0,0,0,0,0,0,0,0,0,0,0,0,0,0,0,0,0,0,188901,0,0,0,0,0,0,0,46,0,0,0,0,0,0,62967,0,0,0,0,0,customerwdl,0,0,0,0,0,0,0,0,0,0,0,62965,0,62965,0,0,62965,0,0,0,0,0,0,0,0,0
48,10018649925317144938,0,0,0,0,0,0,0,0,0,0,0,0,0,0,0,0,0,0,0,0,0,0,0,0,0,0,0,0,0,0,0,0,0,47,0,0,0,0,0,0,0,0,0,0,0,0,_customerwdl_graveyard,0,0,0,0,0,0,0,0,0,0,0,0,0,0,0,0,0,0,0,0,0,0,0,0,0,0
48,10018649925317144938,0,0,0,0,0,0,0,0,0,0,0,0,0,0,0,0,0,0,0,0,0,0,0,0,2275,121359,0,0,0,40453,0,0,0,48,0,0,0,0,0,0,0,0,0,0,0,0,history,0,0,0,0,0,0,0,2305,0,0,0,0,2304,0,0,0,0,0,0,0,0,0,0,0,0,0
48,10018649925317144938,0,0,0,0,0,0,0,0,0,0,0,0,0,0,0,0,0,0,0,0,0,0,0,0,0,0,0,0,0,0,0,0,0,49,0,0,0,0,0,0,0,0,0,0,0,0,_history_graveyard,0,0,0,0,0,0,0,0,0,0,0,0,0,0,0,0,0,0,0,0,0,0,0,0,0,0
48,10018649925317144938,43894,86370,0,86370,0,0,43777,0,0,0,0,0,0,0,0,0,0,0,0,0,0,0,57178,0,2132,1172027,0,0,0,277354,0,12297,0,50,131,0,0,0,0,0,113287,0,0,0,0,0,neworder,94749,12296,0,0,0,0,0,4087,89,0,0,87996,4089,100292,0,0,100292,0,1824,0,0,0,0,0,0,0
48,10018649925317144938,0,0,0,0,0,0,0,0,0,0,0,0,0,0,0,0,0,0,0,0,0,0,0,0,0,0,0,0,0,0,0,0,0,51,0,0,0,0,0,0,0,0,0,0,0,0,_neworder_graveyard,0,0,0,0,0,0,0,0,0,0,0,0,0,0,0,0,0,0,0,0,0,0,0,0,0,0
48,10018649925317144938,44384,0,0,0,0,0,43276,0,0,0,0,0,0,0,0,0,0,0,0,0,0,0,0,0,4390,852489,0,0,0,192870,0,0,0,52,0,0,0,0,0,0,0,0,0,87659,0,0,order,0,0,0,0,0,0,0,4395,0,0,0,0,4395,91290,0,0,91289,0,0,0,0,0,87657,0,0,0
48,10018649925317144938,0,0,0,0,0,0,0,0,0,0,0,0,0,0,0,0,0,0,0,0,0,0,0,0,0,0,0,0,0,0,0,0,0,53,0,0,0,0,0,0,0,0,0,0,0,0,_order_graveyard,0,0,0,0,0,0,0,0,0,0,0,0,0,0,0,0,0,0,0,0,0,0,0,0,0,0
48,10018649925317144938,0,0,0,0,0,0,0,0,0,0,0,0,0,0,0,0,3630,0,0,0,0,0,0,0,1396,317400,0,0,0,102170,0,0,0,54,0,0,0,0,0,0,3630,0,0,0,0,0,order_wdc,0,0,0,0,0,0,0,1400,0,0,0,0,1400,3630,0,0,3630,0,0,0,0,0,0,0,0,0
48,10018649925317144938,0,0,0,0,0,0,0,0,0,0,0,0,0,0,0,0,0,0,0,0,0,0,0,0,0,0,0,0,0,0,0,0,0,55,0,0,0,0,0,0,0,0,0,0,0,0,_order_wdc_graveyard,0,0,0,0,0,0,0,0,0,0,0,0,0,0,0,0,0,0,0,0,0,0,0,0,0,0
48,10018649925317144938,443559,0,0,0,0,0,433319,0,0,0,0,0,0,0,0,0,0,0,0,0,0,0,101410,0,59875,7816520,0,0,0,1941395,0,914,0,56,0,0,0,0,0,0,12721,0,0,876863,0,0,orderline,1842712,914,0,0,0,0,0,60664,0,0,0,12665,60664,1855215,0,0,1855179,0,0,0,0,0,876849,0,0,0
48,10018649925317144938,0,0,0,0,0,0,0,0,0,0,0,0,0,0,0,0,0,0,0,0,0,0,0,0,0,0,0,0,0,0,0,0,0,57,0,0,0,0,0,0,0,0,0,0,0,0,_orderline_graveyard,0,0,0,0,0,0,0,0,0,0,0,0,0,0,0,0,0,0,0,0,0,0,0,0,0,0
48,10018649925317144938,0,0,0,0,0,0,0,0,0,0,0,0,0,0,0,0,0,0,0,0,0,0,0,0,0,2008264,0,0,0,0,0,0,0,58,0,0,0,0,0,0,0,0,0,0,0,0,item,0,0,0,0,0,0,0,0,0,0,0,0,0,1004008,0,0,1003994,0,0,0,0,0,0,0,0,0
49,10018649925317144938,0,0,0,0,0,0,0,0,0,0,0,0,0,0,0,0,0,0,0,0,0,0,0,0,0,0,0,0,0,0,0,0,0,61,0,0,0,0,0,0,0,0,0,0,0,0,_stock_graveyard,0,0,0,0,0,0,0,0,0,0,0,0,0,0,0,0,0,0,0,0,0,0,0,0,0,0
49,10018649925317144938,507311,0,0,0,0,0,494930,0,0,0,0,0,0,0,0,0,0,0,0,0,0,0,0,0,0,15338504,0,0,0,1003349,0,0,0,60,0,0,0,0,0,0,1116,0,0,1002270,0,0,stock,0,0,0,0,0,0,0,0,0,0,0,0,0,2830296,0,0,2830304,0,0,0,0,0,1002297,0,0,0
49,10018649925317144938,0,0,0,0,0,0,0,0,0,0,0,0,0,0,0,0,0,0,0,0,0,0,0,0,0,0,0,0,0,0,0,0,0,59,0,0,0,0,0,0,0,0,0,0,0,0,_item_graveyard,0,0,0,0,0,0,0,0,0,0,0,0,0,0,0,0,0,0,0,0,0,0,0,0,0,0
49,10018649925317144938,0,0,0,0,0,0,0,0,0,0,0,0,0,0,0,0,0,0,0,0,0,0,322,0,2412,69099,0,0,0,68890,0,0,0,28,322,824,0,0,0,0,212,0,0,0,0,2707,_history_tree_14_updates,2057,0,0,0,0,0,0,5140,2707,0,0,0,7848,0,0,0,0,0,2406,0,0,0,0,0,0,0
49,10018649925317144938,0,0,0,0,0,0,0,0,0,0,0,0,0,0,0,0,0,0,0,0,0,0,1026,0,5,9320,0,0,0,9311,0,0,0,27,2652,2,0,0,0,0,9,0,0,0,0,2658,_history_tree_13_removes,3113,0,0,0,0,0,0,2663,2658,0,0,0,5321,0,0,0,0,0,6,0,0,0,0,0,0,0
49,10018649925317144938,0,0,0,0,0,0,0,0,0,0,0,0,0,0,0,0,0,0,0,0,0,0,375,0,2403,68809,0,0,0,68589,0,0,0,26,375,857,0,0,0,0,218,0,0,0,0,2782,_history_tree_13_updates,2062,0,0,0,0,0,0,5195,2782,0,0,0,7977,0,0,0,0,0,2417,0,0,0,0,0,0,0
49,10018649925317144938,0,0,0,0,0,0,0,0,0,0,0,0,0,0,0,0,0,0,0,0,0,0,1053,0,6,9589,0,0,0,9571,0,0,0,25,2629,1,0,0,0,0,18,0,0,0,0,2636,_history_tree_12_removes,3093,0,0,0,0,0,0,2642,2636,0,0,0,5278,0,0,0,0,0,7,0,0,0,0,0,0,0
49,10018649925317144938,0,0,0,0,0,0,0,0,0,0,0,0,0,0,0,0,0,0,0,0,0,0,370,0,2400,69152,0,0,0,68922,0,0,0,24,370,853,0,0,0,0,230,0,0,0,0,2790,_history_tree_12_updates,2059,0,0,0,0,0,0,5191,2790,0,0,0,7981,0,0,0,0,0,2420,0,0,0,0,0,0,0
49,10018649925317144938,0,0,0,0,0,0,0,0,0,0,0,0,0,0,0,0,0,0,0,0,0,0,1085,0,1,9698,0,0,0,9683,0,0,0,23,2794,1,0,0,0,0,15,0,0,0,0,2797,_history_tree_11_removes,3264,0,0,0,0,0,0,2798,2797,0,0,0,5595,0,0,0,0,0,3,0,0,0,0,0,0,0
49,10018649925317144938,0,0,0,0,0,0,0,0,0,0,0,0,0,0,0,0,0,0,0,0,0,0,309,0,2413,69365,0,0,0,69128,0,0,0,22,309,794,0,0,0,0,236,0,0,0,0,2759,_history_tree_11_updates,2094,0,0,0,0,0,0,5172,2759,0,0,0,7931,0,0,0,0,0,2450,0,0,0,0,0,0,0
49,10018649925317144938,0,0,0,0,0,0,0,0,0,0,0,0,0,0,0,0,0,0,0,0,0,0,1004,0,7,9229,0,0,0,9221,0,0,0,21,2684,2,0,0,0,0,8,0,0,0,0,2692,_history_tree_10_removes,3159,0,0,0,0,0,0,2699,2692,0,0,0,5391,0,0,0,0,0,8,0,0,0,0,0,0,0
49,10018649925317144938,0,0,0,0,0,0,0,0,0,0,0,0,0,0,0,0,0,0,0,0,0,0,351,0,2395,68350,0,0,0,68162,0,0,0,20,351,841,0,0,0,0,188,0,0,0,0,2763,_history_tree_10_updates,2054,0,0,0,0,0,0,5172,2763,0,0,0,7935,0,0,0,0,0,2426,0,0,0,0,0,0,0
49,10018649925317144938,0,0,0,0,0,0,0,0,0,0,0,0,0,0,0,0,0,0,0,0,0,0,1056,0,5,9354,0,0,0,9344,0,0,0,19,2626,1,0,0,0,0,10,0,0,0,0,2632,_history_tree_9_removes,3094,0,0,0,0,0,0,2637,2632,0,0,0,5269,0,0,0,0,0,6,0,0,0,0,0,0,0
49,10018649925317144938,0,0,0,0,0,0,0,0,0,0,0,0,0,0,0,0,0,0,0,0,0,0,359,0,2402,68734,0,0,0,68519,0,0,0,18,359,840,0,0,0,0,212,0,0,0,0,2765,_history_tree_9_updates,2066,0,0,0,0,0,0,5177,2765,0,0,0,7942,0,0,0,0,0,2416,0,0,0,0,0,0,0
49,10018649925317144938,0,0,0,0,0,0,0,0,0,0,0,0,0,0,0,0,0,0,0,0,0,0,1122,0,5,9836,0,0,0,9824,0,0,0,17,2668,3,0,0,0,0,12,0,0,0,0,2674,_history_tree_8_removes,3138,0,0,0,0,0,0,2679,2674,0,0,0,5353,0,0,0,0,0,6,0,0,0,0,0,0,0
49,10018649925317144938,0,0,0,0,0,0,0,0,0,0,0,0,0,0,0,0,0,0,0,0,0,0,368,0,2434,70280,0,0,0,70067,0,0,0,16,368,849,0,0,0,0,214,0,0,0,0,2813,_history_tree_8_updates,2076,0,0,0,0,0,0,5251,2813,0,0,0,8065,0,0,0,0,0,2449,0,0,0,0,0,0,0
49,10018649925317144938,0,0,0,0,0,0,0,0,0,0,0,0,0,0,0,0,0,0,0,0,0,0,1001,0,6,9250,0,0,0,9231,0,0,0,15,2702,2,0,0,0,0,19,0,0,0,0,2707,_history_tree_7_removes,3164,0,0,0,0,0,0,2713,2707,0,0,0,5420,0,0,0,0,0,5,0,0,0,0,0,0,0
49,10018649925317144938,0,0,0,0,0,0,0,0,0,0,0,0,0,0,0,0,0,0,0,0,0,0,322,0,2417,69006,0,0,0,68759,0,0,0,14,322,804,0,0,0,0,246,0,0,0,0,2711,_history_tree_7_updates,2048,0,0,0,0,0,0,5144,2711,0,0,0,7855,0,0,0,0,0,2404,0,0,0,0,0,0,0
49,10018649925317144938,0,0,0,0,0,0,0,0,0,0,0,0,0,0,0,0,0,0,0,0,0,0,1049,0,4,9638,0,0,0,9625,0,0,0,13,2593,2,0,0,0,0,13,0,0,0,0,2599,_history_tree_6_removes,3065,0,0,0,0,0,0,2603,2599,0,0,0,5202,0,0,0,0,0,6,0,0,0,0,0,0,0
49,10018649925317144938,0,0,0,0,0,0,0,0,0,0,0,0,0,22478333,23110737,0,0,0,0,0,0,0,363,0,2414,69187,0,0,0,68956,0,0,0,0,363,850,0,0,0,0,231,0,0,0,0,2776,_history_tree_0_updates,2077,0,1520553,0,0,0,0,5204,2776,0,0,0,7980,0,0,0,0,0,2427,0,0,0,0,708597,0,0
49,10018649925317144938,0,0,0,0,0,0,0,0,0,0,0,0,0,0,0,0,0,0,0,0,0,0,990,0,6,9357,0,0,0,9348,0,0,0,1,2668,1,0,0,0,0,9,0,0,0,0,2673,_history_tree_0_removes,3126,0,0,0,0,0,0,2679,2673,0,0,0,5352,0,0,0,0,0,5,0,0,0,0,0,0,0
49,10018649925317144938,0,0,0,0,0,0,0,0,0,0,0,0,0,0,0,0,0,0,0,0,0,0,357,0,2395,68323,0,0,0,68070,0,0,0,2,357,806,0,0,0,0,251,0,0,0,0,2760,_history_tree_1_updates,2097,0,0,0,0,0,0,5155,2760,0,0,0,7915,0,0,0,0,0,2403,0,0,0,0,0,0,0
49,10018649925317144938,0,0,0,0,0,0,0,0,0,0,0,0,0,0,0,0,0,0,0,0,0,0,959,0,7,9063,0,0,0,9047,0,0,0,3,2713,0,0,0,0,0,16,0,0,0,0,2720,_history_tree_1_removes,3181,0,0,0,0,0,0,2727,2720,0,0,0,5447,0,0,0,0,0,7,0,0,0,0,0,0,0
49,10018649925317144938,0,0,0,0,0,0,0,0,0,0,0,0,0,0,0,0,0,0,0,0,0,0,323,0,2420,69544,0,0,0,69337,0,0,0,4,323,845,0,0,0,0,206,0,0,0,0,2734,_history_tree_2_updates,2007,0,0,0,0,0,0,5160,2734,0,0,0,7894,0,0,0,0,0,2417,0,0,0,0,0,0,0
49,10018649925317144938,0,0,0,0,0,0,0,0,0,0,0,0,0,0,0,0,0,0,0,0,0,0,1054,0,5,9574,0,0,0,9560,0,0,0,5,2648,2,0,0,0,0,14,0,0,0,0,2654,_history_tree_2_removes,3106,0,0,0,0,0,0,2659,2654,0,0,0,5313,0,0,0,0,0,6,0,0,0,0,0,0,0
49,10018649925317144938,0,0,0,0,0,0,0,0,0,0,0,0,0,0,0,0,0,0,0,0,0,0,345,0,2414,69318,0,0,0,69106,0,0,0,6,345,851,0,0,0,0,212,0,0,0,0,2771,_history_tree_3_updates,2053,0,0,0,0,0,0,5202,2771,0,0,0,7973,0,0,0,0,0,2443,0,0,0,0,0,0,0
49,10018649925317144938,0,0,0,0,0,0,0,0,0,0,0,0,0,0,0,0,0,0,0,0,0,0,1056,0,4,9575,0,0,0,9558,0,0,0,7,2694,2,0,0,0,0,17,0,0,0,0,2699,_history_tree_3_removes,3149,0,0,0,0,0,0,2703,2699,0,0,0,5402,0,0,0,0,0,5,0,0,0,0,0,0,0
49,10018649925317144938,0,0,0,0,0,0,0,0,0,0,0,0,0,0,0,0,0,0,0,0,0,0,364,0,2421,69668,0,0,0,69417,0,0,0,8,365,860,0,0,0,0,250,0,0,0,0,2784,_history_tree_4_updates,2046,0,0,0,0,0,0,5206,2784,0,0,0,7990,0,0,0,0,0,2420,0,0,0,0,0,0,0
49,10018649925317144938,0,0,0,0,0,0,0,0,0,0,0,0,0,0,0,0,0,0,0,0,0,0,1039,0,6,9577,0,0,0,9563,0,0,0,9,2596,1,0,0,0,0,14,0,0,0,0,2602,_history_tree_4_removes,3067,0,0,0,0,0,0,2608,2602,0,0,0,5210,0,0,0,0,0,6,0,0,0,0,0,0,0
49,10018649925317144938,0,0,0,0,0,0,0,0,0,0,0,0,0,0,0,0,0,0,0,0,0,0,328,0,2420,69385,0,0,0,69176,0,0,0,10,328,844,0,0,0,0,209,0,0,0,0,2763,_history_tree_5_updates,2035,0,0,0,0,0,0,5186,2763,0,0,0,7949,0,0,0,0,0,2438,0,0,0,0,0,0,0
49,10018649925317144938,0,0,0,0,0,0,0,0,0,0,0,0,0,0,0,0,0,0,0,0,0,0,1063,0,4,9507,0,0,0,9495,0,0,0,11,2655,2,0,0,0,0,12,0,0,0,0,2660,_history_tree_5_removes,3103,0,0,0,0,0,0,2664,2660,0,0,0,5324,0,0,0,0,0,5,0,0,0,0,0,0,0
49,10018649925317144938,0,0,0,0,0,0,0,0,0,0,0,0,0,0,0,0,0,0,0,0,0,0,374,0,2402,69286,0,0,0,69076,0,0,0,12,374,913,0,0,0,0,206,0,0,0,0,2754,_history_tree_6_updates,2054,0,0,0,0,0,0,5241,2754,0,0,0,7995,0,0,0,0,0,2465,0,0,0,0,0,0,0
49,10018649925317144938,0,0,0,0,0,0,0,0,0,0,0,0,0,0,0,0,0,0,0,0,0,0,1009,0,6,9353,0,0,0,9339,0,0,0,29,2623,2,0,0,0,0,14,0,0,0,0,2629,_history_tree_14_removes,3124,0,0,0,0,0,0,2635,2629,0,0,0,5264,0,0,0,0,0,6,0,0,0,0,0,0,0
49,10018649925317144938,0,0,0,0,0,0,0,0,0,0,0,0,0,0,0,0,0,0,0,0,0,0,309,0,2445,70739,0,0,0,70536,0,0,0,30,309,902,0,0,0,0,202,0,0,0,0,2773,_history_tree_15_updates,2000,0,0,0,0,0,0,5224,2773,0,0,0,7997,0,0,0,0,0,2470,0,0,0,0,0,0,0
49,10018649925317144938,0,0,0,0,0,0,0,0,0,0,0,0,0,0,0,0,0,0,0,0,0,0,1097,0,6,10044,0,0,0,10035,0,0,0,31,2610,1,0,0,0,0,9,0,0,0,0,2617,_history_tree_15_removes,3072,0,0,0,0,0,0,2623,2617,0,0,0,5240,0,0,0,0,0,7,0,0,0,0,0,0,0
49,10018649925317144938,0,0,0,0,0,0,0,0,0,0,0,0,0,0,0,0,0,0,0,0,0,0,318,0,2421,69462,0,0,0,69249,0,0,0,32,318,814,0,0,0,0,213,0,0,0,0,2726,_history_tree_16_updates,2045,0,0,0,0,0,0,5147,2726,0,0,0,7873,0,0,0,0,0,2408,0,0,0,0,0,0,0
49,10018649925317144938,0,0,0,0,0,0,0,0,0,0,0,0,0,0,0,0,0,0,0,0,0,0,1068,0,3,9512,0,0,0,9502,0,0,0,33,2637,0,0,0,0,0,10,0,0,0,0,2639,_history_tree_16_removes,3103,0,0,0,0,0,0,2642,2639,0,0,0,5281,0,0,0,0,0,2,0,0,0,0,0,0,0
49,10018649925317144938,0,0,0,0,0,0,0,0,0,0,0,0,0,0,0,0,0,0,0,0,0,0,349,0,2364,145132,0,0,0,72369,0,0,0,34,10491,2766,0,0,0,0,196,0,0,0,0,6328,_history_tree_17_updates,3930,0,0,0,0,0,0,15272,12656,0,0,0,21600,0,0,0,0,0,2417,0,0,0,0,0,0,0
49,10018649925317144938,0,0,0,0,0,0,0,0,0,0,0,0,0,0,0,0,0,0,0,0,0,0,918,0,16,9494,0,0,0,9473,0,0,0,35,2407,10,0,0,0,0,21,0,0,0,0,2425,_history_tree_17_removes,2872,0,0,0,0,0,0,2441,2425,0,0,0,4866,0,0,0,0,0,18,0,0,0,0,0,0,0
49,10018649925317144938,0,0,0,0,0,0,0,0,0,0,0,0,0,0,0,0,0,0,0,0,0,0,331,0,2432,69915,0,0,0,69708,0,0,0,36,331,807,0,0,0,0,207,0,0,0,0,2744,_history_tree_18_updates,2075,0,0,0,0,0,0,5176,2744,0,0,0,7920,0,0,0,0,0,2413,0,0,0,0,0,0,0
49,10018649925317144938,0,0,0,0,0,0,0,0,0,0,0,0,0,0,0,0,0,0,0,0,0,0,1086,0,5,9549,0,0,0,9532,0,0,0,37,2684,0,0,0,0,0,17,0,0,0,0,2688,_history_tree_18_removes,3174,0,0,0,0,0,0,2693,2688,0,0,0,5381,0,0,0,0,0,4,0,0,0,0,0,0,0
49,10018649925317144938,0,0,0,0,0,0,0,0,0,0,0,0,0,0,0,0,0,0,0,0,0,0,352,0,2411,68920,0,0,0,68664,0,0,0,38,352,748,0,0,0,0,256,0,0,0,0,2709,_history_tree_19_updates,2113,0,0,0,0,0,0,5142,2709,0,0,0,7851,0,0,0,0,0,2379,0,0,0,0,0,0,0
49,10018649925317144938,0,0,0,0,0,0,0,0,0,0,0,0,0,0,0,0,0,0,0,0,0,0,1023,0,5,9229,0,0,0,9215,0,0,0,39,2705,1,0,0,0,0,14,0,0,0,0,2709,_history_tree_19_removes,3181,0,0,0,0,0,0,2714,2709,0,0,0,5423,0,0,0,0,0,4,0,0,0,0,0,0,0
49,10018649925317144938,50233,0,0,0,0,0,46379,0,0,0,0,0,0,0,0,0,0,0,0,0,0,0,0,0,1,300960,0,0,0,98740,0,0,0,40,0,0,0,0,0,0,2225,0,0,96613,0,0,warehouse,0,0,0,0,0,0,0,1,0,0,0,0,1,199614,0,0,199614,1,0,0,0,0,96614,0,0,0
49,10018649925317144938,0,0,0,0,0,0,0,0,0,0,0,0,0,0,0,0,0,0,0,0,0,0,0,0,0,0,0,0,0,0,0,0,0,41,0,0,0,0,0,0,0,0,0,0,0,0,_warehouse_graveyard,0,0,0,0,0,0,0,0,0,0,0,0,0,0,0,0,0,0,0,0,0,0,0,0,0,0
49,10018649925317144938,98900,0,0,0,0,0,97504,0,0,0,0,0,0,0,0,0,0,0,0,0,0,0,0,0,0,305549,0,0,0,198651,0,0,0,42,0,0,0,0,0,0,1046,0,0,196415,0,0,district,0,0,0,0,0,0,0,0,0,0,0,0,0,105795,0,0,105796,0,0,0,0,0,196424,0,0,0
49,10018649925317144938,0,0,0,0,0,0,0,0,0,0,0,0,0,0,0,0,0,0,0,0,0,0,0,0,0,0,0,0,0,0,0,0,0,43,0,0,0,0,0,0,0,0,0,0,0,0,_district_graveyard,0,0,0,0,0,0,0,0,0,0,0,0,0,0,0,0,0,0,0,0,0,0,0,0,0,0
49,10018649925317144938,65029,0,0,0,0,0,61519,0,0,0,0,0,0,0,0,0,0,0,0,0,0,0,0,0,0,811617,0,0,0,126562,0,0,0,44,0,0,0,0,0,0,10,0,0,126553,0,0,customer,0,0,0,0,0,0,0,0,0,0,0,0,0,143974,0,0,143975,0,0,0,0,0,126556,0,0,0
49,10018649925317144938,0,0,0,0,0,0,0,0,0,0,0,0,0,0,0,0,0,0,0,0,0,0,0,0,0,0,0,0,0,0,0,0,0,45,0,0,0,0,0,0,0,0,0,0,0,0,_customer_graveyard,0,0,0,0,0,0,0,0,0,0,0,0,0,0,0,0,0,0,0,0,0,0,0,0,0,0
49,10018649925317144938,0,0,0,0,0,0,0,0,0,0,0,0,0,0,0,0,0,0,0,0,0,0,0,0,0,188274,0,0,0,0,0,0,0,46,0,0,0,0,0,0,62758,0,0,0,0,0,customerwdl,0,0,0,0,0,0,0,0,0,0,0,62759,0,62759,0,0,62759,0,0,0,0,0,0,0,0,0
49,10018649925317144938,0,0,0,0,0,0,0,0,0,0,0,0,0,0,0,0,0,0,0,0,0,0,0,0,0,0,0,0,0,0,0,0,0,47,0,0,0,0,0,0,0,0,0,0,0,0,_customerwdl_graveyard,0,0,0,0,0,0,0,0,0,0,0,0,0,0,0,0,0,0,0,0,0,0,0,0,0,0
49,10018649925317144938,0,0,0,0,0,0,0,0,0,0,0,0,0,0,0,0,0,0,0,0,0,0,0,0,2286,122010,0,0,0,40670,0,0,0,48,0,0,0,0,0,0,0,0,0,0,0,0,history,0,0,0,0,0,0,0,2321,0,0,0,0,2321,0,0,0,0,0,0,0,0,0,0,0,0,0
49,10018649925317144938,0,0,0,0,0,0,0,0,0,0,0,0,0,0,0,0,0,0,0,0,0,0,0,0,0,0,0,0,0,0,0,0,0,49,0,0,0,0,0,0,0,0,0,0,0,0,_history_graveyard,0,0,0,0,0,0,0,0,0,0,0,0,0,0,0,0,0,0,0,0,0,0,0,0,0,0
49,10018649925317144938,44125,88450,0,88450,0,0,44050,0,0,0,0,0,0,0,0,0,0,0,0,0,0,0,56921,0,2116,1181755,0,0,0,280009,0,9642,0,50,114,0,0,0,0,0,113895,0,0,0,0,0,neworder,91995,9642,0,0,0,0,0,4125,82,2,0,88453,4125,98095,0,0,98095,0,1894,0,0,0,0,0,0,0
49,10018649925317144938,0,0,0,0,0,0,0,0,0,0,0,0,0,0,0,0,0,0,0,0,0,0,0,0,0,0,0,0,0,0,0,0,0,51,0,0,0,0,0,0,0,0,0,0,0,0,_neworder_graveyard,0,0,0,0,0,0,0,0,0,0,0,0,0,0,0,0,0,0,0,0,0,0,0,0,0,0
49,10018649925317144938,44642,0,0,0,0,0,43552,0,0,0,0,0,0,0,0,0,0,0,0,0,0,0,0,0,4414,856581,0,0,0,193618,0,0,0,52,0,0,0,0,0,0,0,0,0,88198,0,0,order,0,0,0,0,0,0,0,4416,0,0,0,0,4416,91911,0,0,91911,0,0,0,0,0,88199,0,0,0
49,10018649925317144938,0,0,0,0,0,0,0,0,0,0,0,0,0,0,0,0,0,0,0,0,0,0,0,0,0,0,0,0,0,0,0,0,0,53,0,0,0,0,0,0,0,0,0,0,0,0,_order_graveyard,0,0,0,0,0,0,0,0,0,0,0,0,0,0,0,0,0,0,0,0,0,0,0,0,0,0
49,10018649925317144938,0,0,0,0,0,0,0,0,0,0,0,0,0,0,0,0,3714,0,0,0,0,0,0,0,1424,318450,0,0,0,102436,1,1,0,54,0,0,0,0,0,0,3714,0,0,0,0,0,order_wdc,0,1,0,0,0,0,0,1432,0,0,0,0,1432,3715,0,0,3715,0,0,0,0,0,0,0,0,0
49,10018649925317144938,0,0,0,0,0,0,0,0,0,0,0,0,0,0,0,0,0,0,0,0,0,0,0,0,0,0,0,0,0,0,0,0,0,55,0,0,0,0,0,0,0,0,0,0,0,0,_order_wdc_graveyard,0,0,0,0,0,0,0,0,0,0,0,0,0,0,0,0,0,0,0,0,0,0,0,0,0,0
49,10018649925317144938,445985,0,0,0,0,0,435867,0,0,0,0,0,0,0,0,0,0,0,0,0,0,0,103022,0,60005,7844343,0,0,0,1948129,0,879,0,56,0,0,0,0,0,0,12956,0,0,881900,0,0,orderline,1873423,879,0,0,0,0,0,60805,0,0,0,12894,60806,1886311,0,0,1886311,0,0,0,0,0,881930,0,0,0
49,10018649925317144938,0,0,0,0,0,0,0,0,0,0,0,0,0,0,0,0,0,0,0,0,0,0,0,0,0,0,0,0,0,0,0,0,0,57,0,0,0,0,0,0,0,0,0,0,0,0,_orderline_graveyard,0,0,0,0,0,0,0,0,0,0,0,0,0,0,0,0,0,0,0,0,0,0,0,0,0,0
49,10018649925317144938,0,0,0,0,0,0,0,0,0,0,0,0,0,0,0,0,0,0,0,0,0,0,0,0,0,2012500,0,0,0,0,0,0,0,58,0,0,0,0,0,0,0,0,0,0,0,0,item,0,0,0,0,0,0,0,0,0,0,0,0,0,1006263,0,0,1006264,0,0,0,0,0,0,0,0,0
50,10018649925317144938,0,0,0,0,0,0,0,0,0,0,0,0,0,0,0,0,0,0,0,0,0,0,0,0,0,0,0,0,0,0,0,0,0,61,0,0,0,0,0,0,0,0,0,0,0,0,_stock_graveyard,0,0,0,0,0,0,0,0,0,0,0,0,0,0,0,0,0,0,0,0,0,0,0,0,0,0
50,10018649925317144938,495506,0,0,0,0,0,483823,0,0,0,0,0,0,0,0,0,0,0,0,0,0,0,0,0,0,14657010,0,0,0,980224,0,0,0,60,0,0,0,0,0,0,1049,0,0,979348,0,0,stock,0,0,0,0,0,0,0,0,0,0,0,0,0,2683082,0,0,2683094,0,0,0,0,0,979393,0,0,0
50,10018649925317144938,0,0,0,0,0,0,0,0,0,0,0,0,0,0,0,0,0,0,0,0,0,0,0,0,0,0,0,0,0,0,0,0,0,59,0,0,0,0,0,0,0,0,0,0,0,0,_item_graveyard,0,0,0,0,0,0,0,0,0,0,0,0,0,0,0,0,0,0,0,0,0,0,0,0,0,0
50,10018649925317144938,0,0,0,0,0,0,0,0,0,0,0,0,0,0,0,0,0,0,0,0,0,0,297,0,2402,69607,0,0,0,69406,0,0,0,28,297,868,0,0,0,0,198,0,0,0,0,2706,_history_tree_14_updates,1965,0,0,0,0,0,0,5117,2706,0,0,0,7822,0,0,0,0,0,2417,0,0,0,0,0,0,0
50,10018649925317144938,0,0,0,0,0,0,0,0,0,0,0,0,0,0,0,0,0,0,0,0,0,0,924,0,7,8822,0,0,0,8811,0,0,0,27,2605,3,0,0,0,0,11,0,0,0,0,2612,_history_tree_13_removes,3073,0,0,0,0,0,0,2619,2612,0,0,0,5231,0,0,0,0,0,7,0,0,0,0,0,0,0
50,10018649925317144938,0,0,0,0,0,0,0,0,0,0,0,0,0,0,0,0,0,0,0,0,0,0,362,0,2303,65761,0,0,0,65547,0,0,0,26,362,766,0,0,0,0,212,0,0,0,0,2639,_history_tree_13_updates,2048,0,0,0,0,0,0,4983,2639,0,0,0,7622,0,0,0,0,0,2318,0,0,0,0,0,0,0
50,10018649925317144938,0,0,0,0,0,0,0,0,0,0,0,0,0,0,0,0,0,0,0,0,0,0,1083,0,5,9641,0,0,0,9625,0,0,0,25,2640,3,0,0,0,0,16,0,0,0,0,2646,_history_tree_12_removes,3145,0,0,0,0,0,0,2651,2646,0,0,0,5297,0,0,0,0,0,6,0,0,0,0,0,0,0
50,10018649925317144938,0,0,0,0,0,0,0,0,0,0,0,0,0,0,0,0,0,0,0,0,0,0,312,0,2366,68302,0,0,0,68097,0,0,0,24,312,815,0,0,0,0,204,0,0,0,0,2677,_history_tree_12_updates,2034,0,0,0,0,0,0,5064,2677,0,0,0,7742,0,0,0,0,0,2387,0,0,0,0,0,0,0
50,10018649925317144938,0,0,0,0,0,0,0,0,0,0,0,0,0,0,0,0,0,0,0,0,0,0,1029,0,3,8843,0,0,0,8826,0,0,0,23,2675,1,0,0,0,0,17,0,0,0,0,2679,_history_tree_11_removes,3091,0,0,0,0,0,0,2682,2679,0,0,0,5361,0,0,0,0,0,3,0,0,0,0,0,0,0
50,10018649925317144938,0,0,0,0,0,0,0,0,0,0,0,0,0,0,0,0,0,0,0,0,0,0,292,0,2319,66069,0,0,0,65845,0,0,0,22,292,728,0,0,0,0,225,0,0,0,0,2601,_history_tree_11_updates,1987,0,0,0,0,0,0,4929,2601,0,0,0,7530,0,0,0,0,0,2318,0,0,0,0,0,0,0
50,10018649925317144938,0,0,0,0,0,0,0,0,0,0,0,0,0,0,0,0,0,0,0,0,0,0,1006,0,3,9165,0,0,0,9148,0,0,0,21,2699,0,0,0,0,0,17,0,0,0,0,2703,_history_tree_10_removes,3140,0,0,0,0,0,0,2706,2703,0,0,0,5409,0,0,0,0,0,4,0,0,0,0,0,0,0
50,10018649925317144938,0,0,0,0,0,0,0,0,0,0,0,0,0,0,0,0,0,0,0,0,0,0,358,0,2356,67431,0,0,0,67226,0,0,0,20,358,793,0,0,0,0,202,0,0,0,0,2735,_history_tree_10_updates,2057,0,0,0,0,0,0,5092,2735,0,0,0,7827,0,0,0,0,0,2377,0,0,0,0,0,0,0
50,10018649925317144938,0,0,0,0,0,0,0,0,0,0,0,0,0,0,0,0,0,0,0,0,0,0,1004,0,5,9176,0,0,0,9155,0,0,0,19,2615,2,0,0,0,0,21,0,0,0,0,2620,_history_tree_9_removes,3083,0,0,0,0,0,0,2625,2620,0,0,0,5245,0,0,0,0,0,5,0,0,0,0,0,0,0
50,10018649925317144938,0,0,0,0,0,0,0,0,0,0,0,0,0,0,0,0,0,0,0,0,0,0,359,0,2339,67060,0,0,0,66865,0,0,0,18,359,830,0,0,0,0,196,0,0,0,0,2706,_history_tree_9_updates,2025,0,0,0,0,0,0,5061,2706,0,0,0,7767,0,0,0,0,0,2362,0,0,0,0,0,0,0
50,10018649925317144938,0,0,0,0,0,0,0,0,0,0,0,0,0,0,0,0,0,0,0,0,0,0,1047,0,4,9310,0,0,0,9296,0,0,0,17,2728,1,0,0,0,0,14,0,0,0,0,2732,_history_tree_8_removes,3169,0,0,0,0,0,0,2736,2732,0,0,0,5468,0,0,0,0,0,4,0,0,0,0,0,0,0
50,10018649925317144938,0,0,0,0,0,0,0,0,0,0,0,0,0,0,0,0,0,0,0,0,0,0,324,0,2342,67215,0,0,0,67019,0,0,0,16,324,761,0,0,0,0,197,0,0,0,0,2677,_history_tree_8_updates,2033,0,0,0,0,0,0,5027,2677,0,0,0,7703,0,0,0,0,0,2361,0,0,0,0,0,0,0
50,10018649925317144938,0,0,0,0,0,0,0,0,0,0,0,0,0,0,0,0,0,0,0,0,0,0,987,0,7,9325,0,0,0,9310,0,0,0,15,2670,4,0,0,0,0,15,0,0,0,0,2678,_history_tree_7_removes,3124,0,0,0,0,0,0,2685,2678,0,0,0,5363,0,0,0,0,0,8,0,0,0,0,0,0,0
50,10018649925317144938,0,0,0,0,0,0,0,0,0,0,0,0,0,0,0,0,0,0,0,0,0,0,331,0,2367,68036,0,0,0,67807,0,0,0,14,331,826,0,0,0,0,226,0,0,0,0,2698,_history_tree_7_updates,2015,0,0,0,0,0,0,5087,2698,0,0,0,7785,0,0,0,0,0,2390,0,0,0,0,0,0,0
50,10018649925317144938,0,0,0,0,0,0,0,0,0,0,0,0,0,0,0,0,0,0,0,0,0,0,1031,0,6,9384,0,0,0,9369,0,0,0,13,2629,3,0,0,0,0,15,0,0,0,0,2635,_history_tree_6_removes,3075,0,0,0,0,0,0,2641,2635,0,0,0,5276,0,0,0,0,0,6,0,0,0,0,0,0,0
50,10018649925317144938,0,0,0,0,0,0,0,0,0,0,0,0,0,21816909,22408171,0,0,0,0,0,0,0,347,0,2337,67089,0,0,0,66880,0,0,0,0,347,797,0,0,0,0,208,0,0,0,0,2679,_history_tree_0_updates,2027,0,1487530,0,0,0,0,5046,2679,0,0,0,7725,0,0,0,0,0,2363,0,0,0,0,715109,0,0
50,10018649925317144938,0,0,0,0,0,0,0,0,0,0,0,0,0,0,0,0,0,0,0,0,0,0,1040,0,5,9373,0,0,0,9357,0,0,0,1,2653,3,0,0,0,0,16,0,0,0,0,2660,_history_tree_0_removes,3095,0,0,0,0,0,0,2666,2661,0,0,0,5327,0,0,0,0,0,7,0,0,0,0,0,0,0
50,10018649925317144938,0,0,0,0,0,0,0,0,0,0,0,0,0,0,0,0,0,0,0,0,0,0,345,0,2389,69056,0,0,0,68854,0,0,0,2,345,892,0,0,0,0,203,0,0,0,0,2756,_history_tree_1_updates,1991,0,0,0,0,0,0,5153,2756,0,0,0,7909,0,0,0,0,0,2419,0,0,0,0,0,0,0
50,10018649925317144938,0,0,0,0,0,0,0,0,0,0,0,0,0,0,0,0,0,0,0,0,0,0,1029,0,7,9800,0,0,0,9775,0,0,0,3,2561,3,0,0,0,0,25,0,0,0,0,2569,_history_tree_1_removes,3019,0,0,0,0,0,0,2576,2569,0,0,0,5145,0,0,0,0,0,8,0,0,0,0,0,0,0
50,10018649925317144938,0,0,0,0,0,0,0,0,0,0,0,0,0,0,0,0,0,0,0,0,0,0,373,0,2335,66828,0,0,0,66631,0,0,0,4,373,784,0,0,0,0,198,0,0,0,0,2716,_history_tree_2_updates,2064,0,0,0,0,0,0,5062,2716,0,0,0,7778,0,0,0,0,0,2354,0,0,0,0,0,0,0
50,10018649925317144938,0,0,0,0,0,0,0,0,0,0,0,0,0,0,0,0,0,0,0,0,0,0,1018,0,4,9148,0,0,0,9132,0,0,0,5,2657,1,0,0,0,0,16,0,0,0,0,2661,_history_tree_2_removes,3104,0,0,0,0,0,0,2665,2661,0,0,0,5326,0,0,0,0,0,4,0,0,0,0,0,0,0
50,10018649925317144938,0,0,0,0,0,0,0,0,0,0,0,0,0,0,0,0,0,0,0,0,0,0,305,0,2349,67548,0,0,0,67327,0,0,0,6,305,826,0,0,0,0,220,0,0,0,0,2654,_history_tree_3_updates,1989,0,0,0,0,0,0,5031,2654,0,0,0,7685,0,0,0,0,0,2377,0,0,0,0,0,0,0
50,10018649925317144938,0,0,0,0,0,0,0,0,0,0,0,0,0,0,0,0,0,0,0,0,0,0,1042,0,3,9303,0,0,0,9292,0,0,0,7,2610,1,0,0,0,0,11,0,0,0,0,2614,_history_tree_3_removes,3078,0,0,0,0,0,0,2617,2614,0,0,0,5231,0,0,0,0,0,4,0,0,0,0,0,0,0
50,10018649925317144938,0,0,0,0,0,0,0,0,0,0,0,0,0,0,0,0,0,0,0,0,0,0,391,0,2343,66865,0,0,0,66676,0,0,0,8,391,801,0,0,0,0,189,0,0,0,0,2751,_history_tree_4_updates,2083,0,0,0,0,0,0,5106,2751,0,0,0,7857,0,0,0,0,0,2372,0,0,0,0,0,0,0
50,10018649925317144938,0,0,0,0,0,0,0,0,0,0,0,0,0,0,0,0,0,0,0,0,0,0,948,0,7,9009,0,0,0,8990,0,0,0,9,2647,2,0,0,0,0,19,0,0,0,0,2655,_history_tree_4_removes,3096,0,0,0,0,0,0,2662,2655,0,0,0,5317,0,0,0,0,0,8,0,0,0,0,0,0,0
50,10018649925317144938,0,0,0,0,0,0,0,0,0,0,0,0,0,0,0,0,0,0,0,0,0,0,358,0,2377,68468,0,0,0,68256,0,0,0,10,358,876,0,0,0,0,212,0,0,0,0,2737,_history_tree_5_updates,2006,0,0,0,0,0,0,5138,2738,0,0,0,7876,0,0,0,0,0,2403,0,0,0,0,0,0,0
50,10018649925317144938,0,0,0,0,0,0,0,0,0,0,0,0,0,0,0,0,0,0,0,0,0,0,1089,0,7,9630,0,0,0,9615,0,0,0,11,2609,3,0,0,0,0,15,0,0,0,0,2617,_history_tree_5_removes,3078,0,0,0,0,0,0,2624,2617,0,0,0,5241,0,0,0,0,0,8,0,0,0,0,0,0,0
50,10018649925317144938,0,0,0,0,0,0,0,0,0,0,0,0,0,0,0,0,0,0,0,0,0,0,335,0,2340,67348,0,0,0,67145,0,0,0,12,335,794,0,0,0,0,202,0,0,0,0,2627,_history_tree_6_updates,1991,0,0,0,0,0,0,5024,2627,0,0,0,7651,0,0,0,0,0,2348,0,0,0,0,0,0,0
50,10018649925317144938,0,0,0,0,0,0,0,0,0,0,0,0,0,0,0,0,0,0,0,0,0,0,1129,0,6,9987,0,0,0,9971,0,0,0,29,2607,1,0,0,0,0,16,0,0,0,0,2614,_history_tree_14_removes,3077,0,0,0,0,0,0,2620,2614,0,0,0,5234,0,0,0,0,0,6,0,0,0,0,0,0,0
50,10018649925317144938,0,0,0,0,0,0,0,0,0,0,0,0,0,0,0,0,0,0,0,0,0,0,315,0,2348,67767,0,0,0,67570,0,0,0,30,315,810,0,0,0,0,197,0,0,0,0,2652,_history_tree_15_updates,1987,0,0,0,0,0,0,5019,2652,0,0,0,7671,0,0,0,0,0,2356,0,0,0,0,0,0,0
50,10018649925317144938,0,0,0,0,0,0,0,0,0,0,0,0,0,0,0,0,0,0,0,0,0,0,1090,0,4,9487,0,0,0,9476,0,0,0,31,2603,2,0,0,0,0,11,0,0,0,0,2607,_history_tree_15_removes,3080,0,0,0,0,0,0,2612,2608,0,0,0,5220,0,0,0,0,0,4,0,0,0,0,0,0,0
50,10018649925317144938,0,0,0,0,0,0,0,0,0,0,0,0,0,0,0,0,0,0,0,0,0,0,319,0,2383,68964,0,0,0,68755,0,0,0,32,319,846,0,0,0,0,207,0,0,0,0,2728,_history_tree_16_updates,1999,0,0,0,0,0,0,5111,2728,0,0,0,7839,0,0,0,0,0,2409,0,0,0,0,0,0,0
50,10018649925317144938,0,0,0,0,0,0,0,0,0,0,0,0,0,0,0,0,0,0,0,0,0,0,1135,0,4,9759,0,0,0,9750,0,0,0,33,2641,1,0,0,0,0,9,0,0,0,0,2646,_history_tree_16_removes,3116,0,0,0,0,0,0,2650,2646,0,0,0,5296,0,0,0,0,0,5,0,0,0,0,0,0,0
50,10018649925317144938,0,0,0,0,0,0,0,0,0,0,0,0,0,0,0,0,0,0,0,0,0,0,352,0,2363,144506,0,0,0,72043,0,0,0,34,10695,2742,0,0,0,0,210,0,0,0,0,6415,_history_tree_17_updates,4067,0,0,0,0,0,0,15448,12830,0,0,0,21863,0,0,0,0,0,2390,0,0,0,0,0,0,0
50,10018649925317144938,0,0,0,0,0,0,0,0,0,0,0,0,0,0,0,0,0,0,0,0,0,0,852,0,17,9165,0,0,0,9146,0,0,0,35,2515,12,0,0,0,0,19,0,0,0,0,2534,_history_tree_17_removes,2973,0,0,0,0,0,0,2551,2534,0,0,0,5085,0,0,0,0,0,18,0,0,0,0,0,0,0
50,10018649925317144938,0,0,0,0,0,0,0,0,0,0,0,0,0,0,0,0,0,0,0,0,0,0,306,0,2339,67360,0,0,0,67154,0,0,0,36,306,799,0,0,0,0,207,0,0,0,0,2675,_history_tree_18_updates,2007,0,0,0,0,0,0,5014,2675,0,0,0,7689,0,0,0,0,0,2369,0,0,0,0,0,0,0
50,10018649925317144938,0,0,0,0,0,0,0,0,0,0,0,0,0,0,0,0,0,0,0,0,0,0,1033,0,3,9419,0,0,0,9409,0,0,0,37,2664,0,0,0,0,0,10,0,0,0,0,2668,_history_tree_18_removes,3123,0,0,0,0,0,0,2671,2668,0,0,0,5339,0,0,0,0,0,4,0,0,0,0,0,0,0
50,10018649925317144938,0,0,0,0,0,0,0,0,0,0,0,0,0,0,0,0,0,0,0,0,0,0,323,0,2417,69670,0,0,0,69474,0,0,0,38,323,894,0,0,0,0,196,0,0,0,0,2710,_history_tree_19_updates,2020,0,0,0,0,0,0,5190,2710,0,0,0,7900,0,0,0,0,0,2451,0,0,0,0,0,0,0
50,10018649925317144938,0,0,0,0,0,0,0,0,0,0,0,0,0,0,0,0,0,0,0,0,0,0,1061,0,5,9737,0,0,0,9722,0,0,0,39,2638,3,0,0,0,0,15,0,0,0,0,2644,_history_tree_19_removes,3104,0,0,0,0,0,0,2649,2644,0,0,0,5293,0,0,0,0,0,6,0,0,0,0,0,0,0
50,10018649925317144938,48499,0,0,0,0,0,44501,0,0,0,0,0,0,0,0,0,0,0,0,0,0,0,0,0,0,290840,0,0,0,95024,0,0,0,40,0,0,0,0,0,0,2064,0,0,93006,0,0,warehouse,0,0,0,0,0,0,0,0,0,0,0,0,0,193344,0,0,193347,0,0,0,0,0,93009,0,0,0
50,10018649925317144938,0,0,0,0,0,0,0,0,0,0,0,0,0,0,0,0,0,0,0,0,0,0,0,0,0,0,0,0,0,0,0,0,0,41,0,0,0,0,0,0,0,0,0,0,0,0,_warehouse_graveyard,0,0,0,0,0,0,0,0,0,0,0,0,0,0,0,0,0,0,0,0,0,0,0,0,0,0
50,10018649925317144938,95944,0,0,0,0,0,94342,0,0,0,0,0,0,0,0,0,0,0,0,0,0,0,0,0,2,295055,0,0,0,192427,0,0,0,42,0,0,0,0,0,0,989,0,0,190304,0,0,district,0,0,0,0,0,0,0,2,0,0,0,0,2,101591,0,0,101591,2,0,0,0,0,190313,0,0,0
50,10018649925317144938,0,0,0,0,0,0,0,0,0,0,0,0,0,0,0,0,0,0,0,0,0,0,0,0,0,0,0,0,0,0,0,0,0,43,0,0,0,0,0,0,0,0,0,0,0,0,_district_graveyard,0,0,0,0,0,0,0,0,0,0,0,0,0,0,0,0,0,0,0,0,0,0,0,0,0,0
50,10018649925317144938,63443,0,0,0,0,0,60133,0,0,0,0,0,0,0,0,0,0,0,0,0,0,0,0,0,0,789885,0,0,0,123587,0,0,0,44,0,0,0,0,0,0,5,0,0,123576,0,0,customer,0,0,0,0,0,0,0,0,0,0,0,0,0,139702,0,0,139702,0,0,0,0,0,123580,0,0,0
50,10018649925317144938,0,0,0,0,0,0,0,0,0,0,0,0,0,0,0,0,0,0,0,0,0,0,0,0,0,0,0,0,0,0,0,0,0,45,0,0,0,0,0,0,0,0,0,0,0,0,_customer_graveyard,0,0,0,0,0,0,0,0,0,0,0,0,0,0,0,0,0,0,0,0,0,0,0,0,0,0
50,10018649925317144938,0,0,0,0,0,0,0,0,0,0,0,0,0,0,0,0,0,0,0,0,0,0,0,0,0,181650,0,0,0,0,0,0,0,46,0,0,0,0,0,0,60552,0,0,0,0,0,customerwdl,0,0,0,0,0,0,0,0,0,0,0,60552,0,60552,0,0,60552,0,0,0,0,0,0,0,0,0
50,10018649925317144938,0,0,0,0,0,0,0,0,0,0,0,0,0,0,0,0,0,0,0,0,0,0,0,0,0,0,0,0,0,0,0,0,0,47,0,0,0,0,0,0,0,0,0,0,0,0,_customerwdl_graveyard,0,0,0,0,0,0,0,0,0,0,0,0,0,0,0,0,0,0,0,0,0,0,0,0,0,0
50,10018649925317144938,0,0,0,0,0,0,0,0,0,0,0,0,0,0,0,0,0,0,0,0,0,0,0,0,2199,117306,0,0,0,39102,0,0,0,48,0,0,0,0,0,0,0,0,0,0,0,0,history,0,0,0,0,0,0,0,2226,0,0,0,0,2226,0,0,0,0,0,0,0,0,0,0,0,0,0
50,10018649925317144938,0,0,0,0,0,0,0,0,0,0,0,0,0,0,0,0,0,0,0,0,0,0,0,0,0,0,0,0,0,0,0,0,0,49,0,0,0,0,0,0,0,0,0,0,0,0,_history_graveyard,0,0,0,0,0,0,0,0,0,0,0,0,0,0,0,0,0,0,0,0,0,0,0,0,0,0
50,10018649925317144938,43401,87760,0,87760,0,0,43326,0,0,0,0,0,0,0,0,0,0,0,0,0,0,0,56330,0,2046,1162776,0,0,0,275272,0,10037,0,50,104,0,0,0,0,0,112304,0,0,0,0,0,neworder,91621,10038,0,0,0,0,0,3982,68,0,0,87036,3983,97077,0,0,97077,0,1832,0,0,0,0,0,0,0
50,10018649925317144938,0,0,0,0,0,0,0,0,0,0,0,0,0,0,0,0,0,0,0,0,0,0,0,0,0,0,0,0,0,0,0,0,0,51,0,0,0,0,0,0,0,0,0,0,0,0,_neworder_graveyard,0,0,0,0,0,0,0,0,0,0,0,0,0,0,0,0,0,0,0,0,0,0,0,0,0,0
50,10018649925317144938,43916,0,0,0,0,0,42816,0,0,0,0,0,0,0,0,0,0,0,0,0,0,0,0,0,4287,839258,0,0,0,189468,0,0,0,52,0,0,0,0,0,0,0,0,0,86739,0,0,order,0,0,0,0,0,0,0,4290,0,0,0,0,4290,90294,0,0,90294,0,0,0,0,0,86747,0,0,0
50,10018649925317144938,0,0,0,0,0,0,0,0,0,0,0,0,0,0,0,0,0,0,0,0,0,0,0,0,0,0,0,0,0,0,0,0,0,53,0,0,0,0,0,0,0,0,0,0,0,0,_order_graveyard,0,0,0,0,0,0,0,0,0,0,0,0,0,0,0,0,0,0,0,0,0,0,0,0,0,0
50,10018649925317144938,0,0,0,0,0,0,0,0,0,0,0,0,0,0,0,0,3548,0,0,0,0,0,0,0,1394,310172,0,0,0,99843,1,1,0,54,0,0,0,0,0,0,3548,0,0,0,0,0,order_wdc,0,1,0,0,0,0,0,1406,0,0,0,0,1406,3549,0,0,3549,0,0,0,0,0,0,0,0,0
50,10018649925317144938,0,0,0,0,0,0,0,0,0,0,0,0,0,0,0,0,0,0,0,0,0,0,0,0,0,0,0,0,0,0,0,0,0,55,0,0,0,0,0,0,0,0,0,0,0,0,_order_wdc_graveyard,0,0,0,0,0,0,0,0,0,0,0,0,0,0,0,0,0,0,0,0,0,0,0,0,0,0
50,10018649925317144938,439072,0,0,0,0,0,428994,0,0,0,0,0,0,0,0,0,0,0,0,0,0,0,96290,0,58513,7681168,0,0,0,1908135,0,863,0,56,0,0,0,0,0,0,12173,0,0,868091,0,0,orderline,1748836,863,0,0,0,0,0,59309,0,0,0,12114,59309,1760983,0,0,1760997,0,0,0,0,0,868106,0,0,0
50,10018649925317144938,0,0,0,0,0,0,0,0,0,0,0,0,0,0,0,0,0,0,0,0,0,0,0,0,0,0,0,0,0,0,0,0,0,57,0,0,0,0,0,0,0,0,0,0,0,0,_orderline_graveyard,0,0,0,0,0,0,0,0,0,0,0,0,0,0,0,0,0,0,0,0,0,0,0,0,0,0
50,10018649925317144938,0,0,0,0,0,0,0,0,0,0,0,0,0,0,0,0,0,0,0,0,0,0,0,0,0,1963150,0,0,0,0,0,0,0,58,0,0,0,0,0,0,0,0,0,0,0,0,item,0,0,0,0,0,0,0,0,0,0,0,0,0,981642,0,0,981653,0,0,0,0,0,0,0,0,0
51,10018649925317144938,0,0,0,0,0,0,0,0,0,0,0,0,0,0,0,0,0,0,0,0,0,0,0,0,0,0,0,0,0,0,0,0,0,61,0,0,0,0,0,0,0,0,0,0,0,0,_stock_graveyard,0,0,0,0,0,0,0,0,0,0,0,0,0,0,0,0,0,0,0,0,0,0,0,0,0,0
51,10018649925317144938,502003,0,0,0,0,0,489813,0,0,0,0,0,0,0,0,0,0,0,0,0,0,0,0,0,0,14989918,0,0,0,992805,0,0,0,60,0,0,0,0,0,0,1013,0,0,991872,0,0,stock,0,0,0,0,0,0,0,0,0,0,0,0,0,2754083,0,0,2754117,0,0,0,0,0,991885,0,0,0
51,10018649925317144938,0,0,0,0,0,0,0,0,0,0,0,0,0,0,0,0,0,0,0,0,0,0,0,0,0,0,0,0,0,0,0,0,0,59,0,0,0,0,0,0,0,0,0,0,0,0,_item_graveyard,0,0,0,0,0,0,0,0,0,0,0,0,0,0,0,0,0,0,0,0,0,0,0,0,0,0
51,10018649925317144938,0,0,0,0,0,0,0,0,0,0,0,0,0,0,0,0,0,0,0,0,0,0,322,0,2349,67440,0,0,0,67234,0,0,0,28,322,819,0,0,0,0,207,0,0,0,0,2652,_history_tree_14_updates,1995,0,0,0,0,0,0,5019,2652,0,0,0,7671,0,0,0,0,0,2349,0,0,0,0,0,0,0
51,10018649925317144938,0,0,0,0,0,0,0,0,0,0,0,0,0,0,0,0,0,0,0,0,0,0,1041,0,8,9361,0,0,0,9349,0,0,0,27,2627,4,0,0,0,0,12,0,0,0,0,2635,_history_tree_13_removes,3099,0,0,0,0,0,0,2643,2635,0,0,0,5278,0,0,0,0,0,8,0,0,0,0,0,0,0
51,10018649925317144938,0,0,0,0,0,0,0,0,0,0,0,0,0,0,0,0,0,0,0,0,0,0,327,0,2406,68951,0,0,0,68741,0,0,0,26,327,853,0,0,0,0,208,0,0,0,0,2693,_history_tree_13_updates,1993,0,0,0,0,0,0,5138,2693,0,0,0,7831,0,0,0,0,0,2405,0,0,0,0,0,0,0
51,10018649925317144938,0,0,0,0,0,0,0,0,0,0,0,0,0,0,0,0,0,0,0,0,0,0,1007,0,10,9540,0,0,0,9523,0,0,0,25,2577,5,0,0,0,0,17,0,0,0,0,2587,_history_tree_12_removes,3066,0,0,0,0,0,0,2597,2587,0,0,0,5184,0,0,0,0,0,10,0,0,0,0,0,0,0
51,10018649925317144938,0,0,0,0,0,0,0,0,0,0,0,0,0,0,0,0,0,0,0,0,0,0,367,0,2394,68886,0,0,0,68706,0,0,0,24,367,849,0,0,0,0,180,0,0,0,0,2717,_history_tree_12_updates,2050,0,0,0,0,0,0,5156,2717,0,0,0,7872,0,0,0,0,0,2395,0,0,0,0,0,0,0
51,10018649925317144938,0,0,0,0,0,0,0,0,0,0,0,0,0,0,0,0,0,0,0,0,0,0,1100,0,5,9706,0,0,0,9695,0,0,0,23,2612,2,0,0,0,0,11,0,0,0,0,2616,_history_tree_11_removes,3081,0,0,0,0,0,0,2621,2616,0,0,0,5237,0,0,0,0,0,5,0,0,0,0,0,0,0
51,10018649925317144938,0,0,0,0,0,0,0,0,0,0,0,0,0,0,0,0,0,0,0,0,0,0,330,0,2418,69610,0,0,0,69416,0,0,0,22,330,865,0,0,0,0,193,0,0,0,0,2726,_history_tree_11_updates,2007,0,0,0,0,0,0,5167,2726,0,0,0,7893,0,0,0,0,0,2419,0,0,0,0,0,0,0
51,10018649925317144938,0,0,0,0,0,0,0,0,0,0,0,0,0,0,0,0,0,0,0,0,0,0,944,0,7,8963,0,0,0,8945,0,0,0,21,2595,1,0,0,0,0,17,0,0,0,0,2602,_history_tree_10_removes,3070,0,0,0,0,0,0,2609,2602,0,0,0,5211,0,0,0,0,0,7,0,0,0,0,0,0,0
51,10018649925317144938,0,0,0,0,0,0,0,0,0,0,0,0,0,0,0,0,0,0,0,0,0,0,341,0,2346,66993,0,0,0,66775,0,0,0,20,341,820,0,0,0,0,218,0,0,0,0,2675,_history_tree_10_updates,2008,0,0,0,0,0,0,5034,2675,0,0,0,7709,0,0,0,0,0,2348,0,0,0,0,0,0,0
51,10018649925317144938,0,0,0,0,0,0,0,0,0,0,0,0,0,0,0,0,0,0,0,0,0,0,1005,0,5,9266,0,0,0,9256,0,0,0,19,2646,2,0,0,0,0,10,0,0,0,0,2651,_history_tree_9_removes,3104,0,0,0,0,0,0,2656,2651,0,0,0,5307,0,0,0,0,0,5,0,0,0,0,0,0,0
51,10018649925317144938,0,0,0,0,0,0,0,0,0,0,0,0,0,0,0,0,0,0,0,0,0,0,335,0,2393,68491,0,0,0,68288,0,0,0,18,335,824,0,0,0,0,202,0,0,0,0,2714,_history_tree_9_updates,2039,0,0,0,0,0,0,5119,2714,0,0,0,7833,0,0,0,0,0,2392,0,0,0,0,0,0,0
51,10018649925317144938,0,0,0,0,0,0,0,0,0,0,0,0,0,0,0,0,0,0,0,0,0,0,1018,0,8,9556,0,0,0,9545,0,0,0,17,2582,3,0,0,0,0,11,0,0,0,0,2590,_history_tree_8_removes,3045,0,0,0,0,0,0,2598,2590,0,0,0,5188,0,0,0,0,0,8,0,0,0,0,0,0,0
51,10018649925317144938,0,0,0,0,0,0,0,0,0,0,0,0,0,0,0,0,0,0,0,0,0,0,326,0,2391,68757,0,0,0,68541,0,0,0,16,327,852,0,0,0,0,214,0,0,0,0,2696,_history_tree_8_updates,1998,0,0,0,0,0,0,5109,2696,0,0,0,7805,0,0,0,0,0,2391,0,0,0,0,0,0,0
51,10018649925317144938,0,0,0,0,0,0,0,0,0,0,0,0,0,0,0,0,0,0,0,0,0,0,1056,0,6,9704,0,0,0,9682,0,0,0,15,2609,1,0,0,0,0,22,0,0,0,0,2615,_history_tree_7_removes,3057,0,0,0,0,0,0,2621,2615,0,0,0,5236,0,0,0,0,0,6,0,0,0,0,0,0,0
51,10018649925317144938,0,0,0,0,0,0,0,0,0,0,0,0,0,0,0,0,0,0,0,0,0,0,323,0,2366,68503,0,0,0,68259,0,0,0,14,323,812,0,0,0,0,244,0,0,0,0,2670,_history_tree_7_updates,1992,0,0,0,0,0,0,5055,2670,0,0,0,7725,0,0,0,0,0,2366,0,0,0,0,0,0,0
51,10018649925317144938,0,0,0,0,0,0,0,0,0,0,0,0,0,0,0,0,0,0,0,0,0,0,952,0,10,9294,0,0,0,9283,0,0,0,13,2608,6,0,0,0,0,11,0,0,0,0,2618,_history_tree_6_removes,3062,0,0,0,0,0,0,2628,2618,0,0,0,5246,0,0,0,0,0,10,0,0,0,0,0,0,0
51,10018649925317144938,0,0,0,0,0,0,0,0,0,0,0,0,0,22224613,22771527,0,0,0,0,0,0,0,269,0,2432,69899,0,0,0,69691,0,0,0,0,269,866,0,0,0,0,209,0,0,0,0,2664,_history_tree_0_updates,1973,0,1500426,0,0,0,0,5135,2664,0,0,0,7799,0,0,0,0,0,2432,0,0,0,0,709664,0,0
51,10018649925317144938,0,0,0,0,0,0,0,0,0,0,0,0,0,0,0,0,0,0,0,0,0,0,1040,0,8,9740,0,0,0,9728,0,0,0,1,2626,3,0,0,0,0,12,0,0,0,0,2634,_history_tree_0_removes,3089,0,0,0,0,0,0,2641,2633,0,0,0,5274,0,0,0,0,0,8,0,0,0,0,0,0,0
51,10018649925317144938,0,0,0,0,0,0,0,0,0,0,0,0,0,0,0,0,0,0,0,0,0,0,369,0,2345,67037,0,0,0,66809,0,0,0,2,369,777,0,0,0,0,228,0,0,0,0,2713,_history_tree_1_updates,2067,0,0,0,0,0,0,5058,2713,0,0,0,7771,0,0,0,0,0,2344,0,0,0,0,0,0,0
51,10018649925317144938,0,0,0,0,0,0,0,0,0,0,0,0,0,0,0,0,0,0,0,0,0,0,959,0,4,9027,0,0,0,9008,0,0,0,3,2667,0,0,0,0,0,19,0,0,0,0,2671,_history_tree_1_removes,3114,0,0,0,0,0,0,2676,2672,0,0,0,5348,0,0,0,0,0,4,0,0,0,0,0,0,0
51,10018649925317144938,0,0,0,0,0,0,0,0,0,0,0,0,0,0,0,0,0,0,0,0,0,0,389,0,2375,68045,0,0,0,67820,0,0,0,4,389,825,0,0,0,0,225,0,0,0,0,2732,_history_tree_2_updates,2065,0,0,0,0,0,0,5139,2732,0,0,0,7871,0,0,0,0,0,2375,0,0,0,0,0,0,0
51,10018649925317144938,0,0,0,0,0,0,0,0,0,0,0,0,0,0,0,0,0,0,0,0,0,0,990,0,7,9255,0,0,0,9240,0,0,0,5,2630,4,0,0,0,0,15,0,0,0,0,2637,_history_tree_2_removes,3081,0,0,0,0,0,0,2644,2637,0,0,0,5281,0,0,0,0,0,7,0,0,0,0,0,0,0
51,10018649925317144938,0,0,0,0,0,0,0,0,0,0,0,0,0,0,0,0,0,0,0,0,0,0,313,0,2385,68150,0,0,0,67947,0,0,0,6,313,830,0,0,0,0,202,0,0,0,0,2651,_history_tree_3_updates,2011,0,0,0,0,0,0,5084,2651,0,0,0,7735,0,0,0,0,0,2386,0,0,0,0,0,0,0
51,10018649925317144938,0,0,0,0,0,0,0,0,0,0,0,0,0,0,0,0,0,0,0,0,0,0,981,0,7,9132,0,0,0,9118,0,0,0,7,2624,3,0,0,0,0,14,0,0,0,0,2631,_history_tree_3_removes,3104,0,0,0,0,0,0,2638,2631,0,0,0,5269,0,0,0,0,0,7,0,0,0,0,0,0,0
51,10018649925317144938,0,0,0,0,0,0,0,0,0,0,0,0,0,0,0,0,0,0,0,0,0,0,346,0,2374,68333,0,0,0,68138,0,0,0,8,346,857,0,0,0,0,195,0,0,0,0,2698,_history_tree_4_updates,1997,0,0,0,0,0,0,5093,2698,0,0,0,7791,0,0,0,0,0,2372,0,0,0,0,0,0,0
51,10018649925317144938,0,0,0,0,0,0,0,0,0,0,0,0,0,0,0,0,0,0,0,0,0,0,1008,0,9,9430,0,0,0,9417,0,0,0,9,2526,2,0,0,0,0,13,0,0,0,0,2535,_history_tree_4_removes,2989,0,0,0,0,0,0,2544,2535,0,0,0,5079,0,0,0,0,0,9,0,0,0,0,0,0,0
51,10018649925317144938,0,0,0,0,0,0,0,0,0,0,0,0,0,0,0,0,0,0,0,0,0,0,303,0,2377,68164,0,0,0,67957,0,0,0,10,303,769,0,0,0,0,207,0,0,0,0,2681,_history_tree_5_updates,2027,0,0,0,0,0,0,5057,2680,0,0,0,7737,0,0,0,0,0,2377,0,0,0,0,0,0,0
51,10018649925317144938,0,0,0,0,0,0,0,0,0,0,0,0,0,0,0,0,0,0,0,0,0,0,1010,0,6,9321,0,0,0,9306,0,0,0,11,2653,1,0,0,0,0,15,0,0,0,0,2659,_history_tree_5_removes,3103,0,0,0,0,0,0,2665,2659,0,0,0,5324,0,0,0,0,0,6,0,0,0,0,0,0,0
51,10018649925317144938,0,0,0,0,0,0,0,0,0,0,0,0,0,0,0,0,0,0,0,0,0,0,345,0,2431,69407,0,0,0,69193,0,0,0,12,345,895,0,0,0,0,211,0,0,0,0,2648,_history_tree_6_updates,2012,0,0,0,0,0,0,5207,2648,0,0,0,7855,0,0,0,0,0,2432,0,0,0,0,0,0,0
51,10018649925317144938,0,0,0,0,0,0,0,0,0,0,0,0,0,0,0,0,0,0,0,0,0,0,1047,0,4,9363,0,0,0,9356,0,0,0,29,2573,0,0,0,0,0,7,0,0,0,0,2576,_history_tree_14_removes,3045,0,0,0,0,0,0,2580,2576,0,0,0,5156,0,0,0,0,0,4,0,0,0,0,0,0,0
51,10018649925317144938,0,0,0,0,0,0,0,0,0,0,0,0,0,0,0,0,0,0,0,0,0,0,365,0,2362,67487,0,0,0,67255,0,0,0,30,367,825,0,0,0,0,226,0,0,0,0,2715,_history_tree_15_updates,2028,0,0,0,0,0,0,5094,2715,0,0,0,7809,0,0,0,0,0,2365,0,0,0,0,0,0,0
51,10018649925317144938,0,0,0,0,0,0,0,0,0,0,0,0,0,0,0,0,0,0,0,0,0,0,999,0,7,9099,0,0,0,9088,0,0,0,31,2625,3,0,0,0,0,11,0,0,0,0,2632,_history_tree_15_removes,3073,0,0,0,0,0,0,2638,2631,0,0,0,5269,0,0,0,0,0,7,0,0,0,0,0,0,0
51,10018649925317144938,0,0,0,0,0,0,0,0,0,0,0,0,0,0,0,0,0,0,0,0,0,0,322,0,2358,67533,0,0,0,67330,0,0,0,32,322,802,0,0,0,0,201,0,0,0,0,2678,_history_tree_16_updates,1995,0,0,0,0,0,0,5037,2678,0,0,0,7715,0,0,0,0,0,2356,0,0,0,0,0,0,0
51,10018649925317144938,0,0,0,0,0,0,0,0,0,0,0,0,0,0,0,0,0,0,0,0,0,0,1059,0,2,9160,0,0,0,9149,0,0,0,33,2640,0,0,0,0,0,12,0,0,0,0,2642,_history_tree_16_removes,3120,0,0,0,0,0,0,2644,2642,0,0,0,5286,0,0,0,0,0,2,0,0,0,0,0,0,0
51,10018649925317144938,0,0,0,0,0,0,0,0,0,0,0,0,0,0,0,0,0,0,0,0,0,0,344,0,2387,145536,0,0,0,72555,0,0,0,34,10606,2728,0,0,0,0,215,0,0,0,0,6364,_history_tree_17_updates,4027,0,0,0,0,0,0,15377,12728,0,0,0,21741,0,0,0,0,0,2384,0,0,0,0,0,0,0
51,10018649925317144938,0,0,0,0,0,0,0,0,0,0,0,0,0,0,0,0,0,0,0,0,0,0,871,0,19,9136,0,0,0,9121,0,0,0,35,2483,10,0,0,0,0,15,0,0,0,0,2501,_history_tree_17_removes,2921,0,0,0,0,0,0,2521,2502,0,0,0,5023,0,0,0,0,0,19,0,0,0,0,0,0,0
51,10018649925317144938,0,0,0,0,0,0,0,0,0,0,0,0,0,0,0,0,0,0,0,0,0,0,326,0,2378,68202,0,0,0,67968,0,0,0,36,326,837,0,0,0,0,234,0,0,0,0,2692,_history_tree_18_updates,1989,0,0,0,0,0,0,5084,2692,0,0,0,7776,0,0,0,0,0,2379,0,0,0,0,0,0,0
51,10018649925317144938,0,0,0,0,0,0,0,0,0,0,0,0,0,0,0,0,0,0,0,0,0,0,1024,0,7,9348,0,0,0,9328,0,0,0,37,2613,3,0,0,0,0,20,0,0,0,0,2620,_history_tree_18_removes,3063,0,0,0,0,0,0,2627,2620,0,0,0,5247,0,0,0,0,0,7,0,0,0,0,0,0,0
51,10018649925317144938,0,0,0,0,0,0,0,0,0,0,0,0,0,0,0,0,0,0,0,0,0,0,342,0,2330,67106,0,0,0,66909,0,0,0,38,342,802,0,0,0,0,196,0,0,0,0,2647,_history_tree_19_updates,1987,0,0,0,0,0,0,5002,2647,0,0,0,7649,0,0,0,0,0,2329,0,0,0,0,0,0,0
51,10018649925317144938,0,0,0,0,0,0,0,0,0,0,0,0,0,0,0,0,0,0,0,0,0,0,1043,0,4,9296,0,0,0,9279,0,0,0,39,2587,1,0,0,0,0,17,0,0,0,0,2591,_history_tree_19_removes,3023,0,0,0,0,0,0,2595,2591,0,0,0,5186,0,0,0,0,0,4,0,0,0,0,0,0,0
51,10018649925317144938,49355,0,0,0,0,0,45194,0,0,0,0,0,0,0,0,0,0,0,0,0,0,0,0,0,0,295364,0,0,0,96670,0,0,0,40,0,0,0,0,0,0,2147,0,0,94554,0,0,warehouse,0,0,0,0,0,0,0,0,0,0,0,0,0,196195,0,0,196196,0,0,0,0,0,94557,0,0,0
51,10018649925317144938,0,0,0,0,0,0,0,0,0,0,0,0,0,0,0,0,0,0,0,0,0,0,0,0,0,0,0,0,0,0,0,0,0,41,0,0,0,0,0,0,0,0,0,0,0,0,_warehouse_graveyard,0,0,0,0,0,0,0,0,0,0,0,0,0,0,0,0,0,0,0,0,0,0,0,0,0,0
51,10018649925317144938,97117,0,0,0,0,0,95865,0,0,0,0,0,0,0,0,0,0,0,0,0,0,0,0,0,0,299633,0,0,0,195182,0,0,0,42,0,0,0,0,0,0,1035,0,0,192976,0,0,district,0,0,0,0,0,0,0,0,0,0,0,0,0,103350,0,0,103352,0,0,0,0,0,192984,0,0,0
51,10018649925317144938,0,0,0,0,0,0,0,0,0,0,0,0,0,0,0,0,0,0,0,0,0,0,0,0,0,0,0,0,0,0,0,0,0,43,0,0,0,0,0,0,0,0,0,0,0,0,_district_graveyard,0,0,0,0,0,0,0,0,0,0,0,0,0,0,0,0,0,0,0,0,0,0,0,0,0,0
51,10018649925317144938,63530,0,0,0,0,0,60560,0,0,0,0,0,0,0,0,0,0,0,0,0,0,0,0,0,0,796764,0,0,0,124110,0,0,0,44,0,0,0,0,0,0,8,0,0,124095,0,0,customer,0,0,0,0,0,0,0,0,0,0,0,0,0,141470,0,0,141470,0,0,0,0,0,124095,0,0,0
51,10018649925317144938,0,0,0,0,0,0,0,0,0,0,0,0,0,0,0,0,0,0,0,0,0,0,0,0,0,0,0,0,0,0,0,0,0,45,0,0,0,0,0,0,0,0,0,0,0,0,_customer_graveyard,0,0,0,0,0,0,0,0,0,0,0,0,0,0,0,0,0,0,0,0,0,0,0,0,0,0
51,10018649925317144938,0,0,0,0,0,0,0,0,0,0,0,0,0,0,0,0,0,0,0,0,0,0,0,0,0,184950,0,0,0,0,0,0,0,46,0,0,0,0,0,0,61650,0,0,0,0,0,customerwdl,0,0,0,0,0,0,0,0,0,0,0,61651,0,61651,0,0,61651,0,0,0,0,0,0,0,0,0
51,10018649925317144938,0,0,0,0,0,0,0,0,0,0,0,0,0,0,0,0,0,0,0,0,0,0,0,0,0,0,0,0,0,0,0,0,0,47,0,0,0,0,0,0,0,0,0,0,0,0,_customerwdl_graveyard,0,0,0,0,0,0,0,0,0,0,0,0,0,0,0,0,0,0,0,0,0,0,0,0,0,0
51,10018649925317144938,0,0,0,0,0,0,0,0,0,0,0,0,0,0,0,0,0,0,0,0,0,0,0,0,2217,118617,0,0,0,39539,0,0,0,48,0,0,0,0,0,0,0,0,0,0,0,0,history,0,0,0,0,0,0,0,2240,0,0,0,0,2240,0,0,0,0,0,0,0,0,0,0,0,0,0
51,10018649925317144938,0,0,0,0,0,0,0,0,0,0,0,0,0,0,0,0,0,0,0,0,0,0,0,0,0,0,0,0,0,0,0,0,0,49,0,0,0,0,0,0,0,0,0,0,0,0,_history_graveyard,0,0,0,0,0,0,0,0,0,0,0,0,0,0,0,0,0,0,0,0,0,0,0,0,0,0
51,10018649925317144938,43453,86740,0,86742,0,0,43356,0,0,0,0,0,0,0,0,0,0,0,0,0,0,0,56739,0,2097,1163955,0,0,0,275473,0,12290,0,50,83,0,0,0,0,0,112498,0,0,0,0,0,neworder,94419,12289,0,0,0,0,0,4021,63,0,0,87098,4024,99384,0,0,99386,0,1840,0,0,0,0,0,0,0
51,10018649925317144938,0,0,0,0,0,0,0,0,0,0,0,0,0,0,0,0,0,0,0,0,0,0,0,0,0,0,0,0,0,0,0,0,0,51,0,0,0,0,0,0,0,0,0,0,0,0,_neworder_graveyard,0,0,0,0,0,0,0,0,0,0,0,0,0,0,0,0,0,0,0,0,0,0,0,0,0,0
51,10018649925317144938,44095,0,0,0,0,0,42723,0,0,0,0,0,0,0,0,0,0,0,0,0,0,0,0,0,4323,843376,0,0,0,190672,0,0,0,52,0,0,0,0,0,0,0,0,0,86812,0,0,order,0,0,0,0,0,0,0,4326,0,0,0,0,4326,90448,0,0,90448,0,0,0,0,0,86807,0,0,0
51,10018649925317144938,0,0,0,0,0,0,0,0,0,0,0,0,0,0,0,0,0,0,0,0,0,0,0,0,0,0,0,0,0,0,0,0,0,53,0,0,0,0,0,0,0,0,0,0,0,0,_order_graveyard,0,0,0,0,0,0,0,0,0,0,0,0,0,0,0,0,0,0,0,0,0,0,0,0,0,0
51,10018649925317144938,0,0,0,0,0,0,0,0,0,0,0,0,0,0,0,0,3642,0,0,0,0,0,0,0,1417,313738,0,0,0,100937,0,0,0,54,0,0,0,0,0,0,3642,0,0,0,0,0,order_wdc,0,0,0,0,0,0,0,1426,0,0,0,0,1426,3642,0,0,3642,0,0,0,0,0,0,0,0,0
51,10018649925317144938,0,0,0,0,0,0,0,0,0,0,0,0,0,0,0,0,0,0,0,0,0,0,0,0,0,0,0,0,0,0,0,0,0,55,0,0,0,0,0,0,0,0,0,0,0,0,_order_wdc_graveyard,0,0,0,0,0,0,0,0,0,0,0,0,0,0,0,0,0,0,0,0,0,0,0,0,0,0
51,10018649925317144938,438911,0,0,0,0,0,428838,0,0,0,0,0,0,0,0,0,0,0,0,0,0,0,98995,0,59137,7724683,0,0,0,1918650,0,1007,0,56,0,0,0,0,0,0,12514,0,0,867713,0,0,orderline,1798863,1007,0,0,0,0,0,59931,0,0,0,12443,59930,1811307,0,0,1811308,0,0,0,0,0,867696,0,0,0
51,10018649925317144938,0,0,0,0,0,0,0,0,0,0,0,0,0,0,0,0,0,0,0,0,0,0,0,0,0,0,0,0,0,0,0,0,0,57,0,0,0,0,0,0,0,0,0,0,0,0,_orderline_graveyard,0,0,0,0,0,0,0,0,0,0,0,0,0,0,0,0,0,0,0,0,0,0,0,0,0,0
51,10018649925317144938,0,0,0,0,0,0,0,0,0,0,0,0,0,0,0,0,0,0,0,0,0,0,0,0,0,1983606,0,0,0,0,0,0,0,58,0,0,0,0,0,0,0,0,0,0,0,0,item,0,0,0,0,0,0,0,0,0,0,0,0,0,991872,0,0,991866,0,0,0,0,0,0,0,0,0
52,10018649925317144938,0,0,0,0,0,0,0,0,0,0,0,0,0,0,0,0,0,0,0,0,0,0,0,0,0,0,0,0,0,0,0,0,0,61,0,0,0,0,0,0,0,0,0,0,0,0,_stock_graveyard,0,0,0,0,0,0,0,0,0,0,0,0,0,0,0,0,0,0,0,0,0,0,0,0,0,0
52,10018649925317144938,498278,0,0,0,0,0,486423,0,0,0,0,0,0,0,0,0,0,0,0,0,0,0,0,0,0,14919889,0,0,0,985604,0,0,0,60,0,0,0,0,0,0,1110,0,0,984702,0,0,stock,0,0,0,0,0,0,0,0,0,0,0,0,0,2742935,0,0,2742885,0,0,0,0,0,984663,0,0,0
52,10018649925317144938,0,0,0,0,0,0,0,0,0,0,0,0,0,0,0,0,0,0,0,0,0,0,0,0,0,0,0,0,0,0,0,0,0,59,0,0,0,0,0,0,0,0,0,0,0,0,_item_graveyard,0,0,0,0,0,0,0,0,0,0,0,0,0,0,0,0,0,0,0,0,0,0,0,0,0,0
52,10018649925317144938,0,0,0,0,0,0,0,0,0,0,0,0,0,0,0,0,0,0,0,0,0,0,349,0,2364,67487,0,0,0,67246,0,0,0,28,349,818,0,0,0,0,239,0,0,0,0,2679,_history_tree_14_updates,2023,0,0,0,0,0,0,5079,2679,0,0,0,7758,0,0,0,0,0,2365,0,0,0,0,0,0,0
52,10018649925317144938,0,0,0,0,0,0,0,0,0,0,0,0,0,0,0,0,0,0,0,0,0,0,997,0,5,9033,0,0,0,9008,0,0,0,27,2630,1,0,0,0,0,25,0,0,0,0,2635,_history_tree_13_removes,3071,0,0,0,0,0,0,2640,2635,0,0,0,5275,0,0,0,0,0,5,0,0,0,0,0,0,0
52,10018649925317144938,0,0,0,0,0,0,0,0,0,0,0,0,0,0,0,0,0,0,0,0,0,0,346,0,2336,66747,0,0,0,66545,0,0,0,26,346,783,0,0,0,0,203,0,0,0,0,2682,_history_tree_13_updates,2007,0,0,0,0,0,0,5018,2682,0,0,0,7700,0,0,0,0,0,2336,0,0,0,0,0,0,0
52,10018649925317144938,0,0,0,0,0,0,0,0,0,0,0,0,0,0,0,0,0,0,0,0,0,0,1023,0,6,9293,0,0,0,9281,0,0,0,25,2596,2,0,0,0,0,12,0,0,0,0,2602,_history_tree_12_removes,3040,0,0,0,0,0,0,2608,2602,0,0,0,5210,0,0,0,0,0,6,0,0,0,0,0,0,0
52,10018649925317144938,0,0,0,0,0,0,0,0,0,0,0,0,0,0,0,0,0,0,0,0,0,0,363,0,2359,67704,0,0,0,67485,0,0,0,24,363,828,0,0,0,0,219,0,0,0,0,2700,_history_tree_12_updates,2018,0,0,0,0,0,0,5081,2700,0,0,0,7781,0,0,0,0,0,2359,0,0,0,0,0,0,0
52,10018649925317144938,0,0,0,0,0,0,0,0,0,0,0,0,0,0,0,0,0,0,0,0,0,0,1004,0,5,8931,0,0,0,8911,0,0,0,23,2566,3,0,0,0,0,20,0,0,0,0,2571,_history_tree_11_removes,3023,0,0,0,0,0,0,2576,2571,0,0,0,5147,0,0,0,0,0,5,0,0,0,0,0,0,0
52,10018649925317144938,0,0,0,0,0,0,0,0,0,0,0,0,0,0,0,0,0,0,0,0,0,0,344,0,2307,66030,0,0,0,65813,0,0,0,22,344,773,0,0,0,0,218,0,0,0,0,2632,_history_tree_11_updates,2007,0,0,0,0,0,0,4957,2632,0,0,0,7589,0,0,0,0,0,2306,0,0,0,0,0,0,0
52,10018649925317144938,0,0,0,0,0,0,0,0,0,0,0,0,0,0,0,0,0,0,0,0,0,0,928,0,5,8737,0,0,0,8724,0,0,0,21,2613,1,0,0,0,0,13,0,0,0,0,2618,_history_tree_10_removes,3074,0,0,0,0,0,0,2623,2618,0,0,0,5241,0,0,0,0,0,5,0,0,0,0,0,0,0
52,10018649925317144938,0,0,0,0,0,0,0,0,0,0,0,0,0,0,0,0,0,0,0,0,0,0,307,0,2315,65934,0,0,0,65713,0,0,0,20,307,746,0,0,0,0,216,0,0,0,0,2615,_history_tree_10_updates,2029,0,0,0,0,0,0,4937,2615,0,0,0,7552,0,0,0,0,0,2315,0,0,0,0,0,0,0
52,10018649925317144938,0,0,0,0,0,0,0,0,0,0,0,0,0,0,0,0,0,0,0,0,0,0,1028,0,7,9479,0,0,0,9466,0,0,0,19,2594,3,0,0,0,0,14,0,0,0,0,2601,_history_tree_9_removes,3041,0,0,0,0,0,0,2608,2601,0,0,0,5209,0,0,0,0,0,7,0,0,0,0,0,0,0
52,10018649925317144938,0,0,0,0,0,0,0,0,0,0,0,0,0,0,0,0,0,0,0,0,0,0,365,0,2343,67565,0,0,0,67362,0,0,0,18,365,809,0,0,0,0,204,0,0,0,0,2691,_history_tree_9_updates,2023,0,0,0,0,0,0,5052,2691,0,0,0,7743,0,0,0,0,0,2344,0,0,0,0,0,0,0
52,10018649925317144938,0,0,0,0,0,0,0,0,0,0,0,0,0,0,0,0,0,0,0,0,0,0,1001,0,4,9077,0,0,0,9065,0,0,0,17,2627,1,0,0,0,0,12,0,0,0,0,2631,_history_tree_8_removes,3094,0,0,0,0,0,0,2635,2631,0,0,0,5266,0,0,0,0,0,4,0,0,0,0,0,0,0
52,10018649925317144938,0,0,0,0,0,0,0,0,0,0,0,0,0,0,0,0,0,0,0,0,0,0,333,0,2333,66833,0,0,0,66621,0,0,0,16,333,772,0,0,0,0,213,0,0,0,0,2664,_history_tree_8_updates,2029,0,0,0,0,0,0,4997,2664,0,0,0,7661,0,0,0,0,0,2331,0,0,0,0,0,0,0
52,10018649925317144938,0,0,0,0,0,0,0,0,0,0,0,0,0,0,0,0,0,0,0,0,0,0,1028,0,6,9444,0,0,0,9433,0,0,0,15,2587,2,0,0,0,0,11,0,0,0,0,2593,_history_tree_7_removes,3047,0,0,0,0,0,0,2599,2593,0,0,0,5192,0,0,0,0,0,6,0,0,0,0,0,0,0
52,10018649925317144938,0,0,0,0,0,0,0,0,0,0,0,0,0,0,0,0,0,0,0,0,0,0,352,0,2378,68381,0,0,0,68184,0,0,0,14,352,824,0,0,0,0,197,0,0,0,0,2687,_history_tree_7_updates,2021,0,0,0,0,0,0,5107,2687,0,0,0,7794,0,0,0,0,0,2377,0,0,0,0,0,0,0
52,10018649925317144938,0,0,0,0,0,0,0,0,0,0,0,0,0,0,0,0,0,0,0,0,0,0,967,0,7,8886,0,0,0,8874,0,0,0,13,2597,5,0,0,0,0,12,0,0,0,0,2604,_history_tree_6_removes,3034,0,0,0,0,0,0,2611,2604,0,0,0,5215,0,0,0,0,0,7,0,0,0,0,0,0,0
52,10018649925317144938,0,0,0,0,0,0,0,0,0,0,0,0,0,21932823,22537589,0,0,0,0,0,0,0,312,0,2314,66118,0,0,0,65909,0,0,0,0,312,772,0,0,0,0,209,0,0,0,0,2606,_history_tree_0_updates,1982,0,1476957,0,0,0,0,4939,2606,0,0,0,7545,0,0,0,0,0,2314,0,0,0,0,693930,0,0
52,10018649925317144938,0,0,0,0,0,0,0,0,0,0,0,0,0,0,0,0,0,0,0,0,0,0,964,0,6,8838,0,0,0,8827,0,0,0,1,2565,2,0,0,0,0,11,0,0,0,0,2571,_history_tree_0_removes,3018,0,0,0,0,0,0,2577,2571,0,0,0,5148,0,0,0,0,0,6,0,0,0,0,0,0,0
52,10018649925317144938,0,0,0,0,0,0,0,0,0,0,0,0,0,0,0,0,0,0,0,0,0,0,324,0,2350,67520,0,0,0,67288,0,0,0,2,324,809,0,0,0,0,234,0,0,0,0,2662,_history_tree_1_updates,2002,0,0,0,0,0,0,5026,2662,0,0,0,7688,0,0,0,0,0,2351,0,0,0,0,0,0,0
52,10018649925317144938,0,0,0,0,0,0,0,0,0,0,0,0,0,0,0,0,0,0,0,0,0,0,986,0,7,9166,0,0,0,9160,0,0,0,3,2556,2,0,0,0,0,6,0,0,0,0,2563,_history_tree_1_removes,3021,0,0,0,0,0,0,2569,2562,0,0,0,5131,0,0,0,0,0,7,0,0,0,0,0,0,0
52,10018649925317144938,0,0,0,0,0,0,0,0,0,0,0,0,0,0,0,0,0,0,0,0,0,0,342,0,2337,66753,0,0,0,66553,0,0,0,4,342,774,0,0,0,0,200,0,0,0,0,2677,_history_tree_2_updates,2030,0,0,0,0,0,0,5017,2677,0,0,0,7694,0,0,0,0,0,2338,0,0,0,0,0,0,0
52,10018649925317144938,0,0,0,0,0,0,0,0,0,0,0,0,0,0,0,0,0,0,0,0,0,0,975,0,3,8940,0,0,0,8927,0,0,0,5,2640,0,0,0,0,0,13,0,0,0,0,2643,_history_tree_2_removes,3102,0,0,0,0,0,0,2646,2643,0,0,0,5289,0,0,0,0,0,3,0,0,0,0,0,0,0
52,10018649925317144938,0,0,0,0,0,0,0,0,0,0,0,0,0,0,0,0,0,0,0,0,0,0,331,0,2322,66362,0,0,0,66142,0,0,0,6,331,771,0,0,0,0,219,0,0,0,0,2614,_history_tree_3_updates,2011,0,0,0,0,0,0,4973,2614,0,0,0,7587,0,0,0,0,0,2320,0,0,0,0,0,0,0
52,10018649925317144938,0,0,0,0,0,0,0,0,0,0,0,0,0,0,0,0,0,0,0,0,0,0,970,0,6,8843,0,0,0,8834,0,0,0,7,2597,2,0,0,0,0,9,0,0,0,0,2603,_history_tree_3_removes,3087,0,0,0,0,0,0,2609,2603,0,0,0,5212,0,0,0,0,0,6,0,0,0,0,0,0,0
52,10018649925317144938,0,0,0,0,0,0,0,0,0,0,0,0,0,0,0,0,0,0,0,0,0,0,335,0,2392,68666,0,0,0,68452,0,0,0,8,335,850,0,0,0,0,214,0,0,0,0,2713,_history_tree_4_updates,1996,0,0,0,0,0,0,5119,2713,0,0,0,7832,0,0,0,0,0,2393,0,0,0,0,0,0,0
52,10018649925317144938,0,0,0,0,0,0,0,0,0,0,0,0,0,0,0,0,0,0,0,0,0,0,1016,0,7,9431,0,0,0,9417,0,0,0,9,2599,1,0,0,0,0,14,0,0,0,0,2606,_history_tree_4_removes,3058,0,0,0,0,0,0,2613,2606,0,0,0,5219,0,0,0,0,0,7,0,0,0,0,0,0,0
52,10018649925317144938,0,0,0,0,0,0,0,0,0,0,0,0,0,0,0,0,0,0,0,0,0,0,351,0,2358,67994,0,0,0,67785,0,0,0,10,351,844,0,0,0,0,211,0,0,0,0,2709,_history_tree_5_updates,1995,0,0,0,0,0,0,5068,2709,0,0,0,7777,0,0,0,0,0,2358,0,0,0,0,0,0,0
52,10018649925317144938,0,0,0,0,0,0,0,0,0,0,0,0,0,0,0,0,0,0,0,0,0,0,1097,0,7,9532,0,0,0,9516,0,0,0,11,2502,1,0,0,0,0,16,0,0,0,0,2509,_history_tree_5_removes,2971,0,0,0,0,0,0,2516,2509,0,0,0,5025,0,0,0,0,0,7,0,0,0,0,0,0,0
52,10018649925317144938,0,0,0,0,0,0,0,0,0,0,0,0,0,0,0,0,0,0,0,0,0,0,364,0,2290,65523,0,0,0,65309,0,0,0,12,364,789,0,0,0,0,217,0,0,0,0,2578,_history_tree_6_updates,1977,0,0,0,0,0,0,4944,2578,0,0,0,7522,0,0,0,0,0,2290,0,0,0,0,0,0,0
52,10018649925317144938,0,0,0,0,0,0,0,0,0,0,0,0,0,0,0,0,0,0,0,0,0,0,959,0,5,8985,0,0,0,8974,0,0,0,29,2591,2,0,0,0,0,11,0,0,0,0,2596,_history_tree_14_removes,3039,0,0,0,0,0,0,2601,2596,0,0,0,5199,0,0,0,0,0,5,0,0,0,0,0,0,0
52,10018649925317144938,0,0,0,0,0,0,0,0,0,0,0,0,0,0,0,0,0,0,0,0,0,0,327,0,2353,67720,0,0,0,67509,0,0,0,30,327,791,0,0,0,0,208,0,0,0,0,2670,_history_tree_15_updates,1990,0,0,0,0,0,0,5035,2670,0,0,0,7705,0,0,0,0,0,2354,0,0,0,0,0,0,0
52,10018649925317144938,0,0,0,0,0,0,0,0,0,0,0,0,0,0,0,0,0,0,0,0,0,0,984,0,6,9283,0,0,0,9267,0,0,0,31,2563,1,0,0,0,0,16,0,0,0,0,2569,_history_tree_15_removes,2992,0,0,0,0,0,0,2575,2569,0,0,0,5144,0,0,0,0,0,6,0,0,0,0,0,0,0
52,10018649925317144938,0,0,0,0,0,0,0,0,0,0,0,0,0,0,0,0,0,0,0,0,0,0,342,0,2372,68542,0,0,0,68351,0,0,0,32,342,847,0,0,0,0,192,0,0,0,0,2715,_history_tree_16_updates,1977,0,0,0,0,0,0,5087,2715,0,0,0,7802,0,0,0,0,0,2373,0,0,0,0,0,0,0
52,10018649925317144938,0,0,0,0,0,0,0,0,0,0,0,0,0,0,0,0,0,0,0,0,0,0,1092,0,6,9702,0,0,0,9684,0,0,0,33,2545,0,0,0,0,0,17,0,0,0,0,2551,_history_tree_16_removes,2993,0,0,0,0,0,0,2557,2551,0,0,0,5108,0,0,0,0,0,6,0,0,0,0,0,0,0
52,10018649925317144938,0,0,0,0,0,0,0,0,0,0,0,0,0,0,0,0,0,0,0,0,0,0,353,0,2351,143758,0,0,0,71694,0,0,0,34,10772,2708,0,0,0,0,184,0,0,0,0,6451,_history_tree_17_updates,4110,0,0,0,0,0,0,15479,12902,0,0,0,21930,0,0,0,0,0,2355,0,0,0,0,0,0,0
52,10018649925317144938,0,0,0,0,0,0,0,0,0,0,0,0,0,0,0,0,0,0,0,0,0,0,858,0,16,9009,0,0,0,8997,0,0,0,35,2530,9,0,0,0,0,12,0,0,0,0,2546,_history_tree_17_removes,2971,0,0,0,0,0,0,2561,2545,0,0,0,5106,0,0,0,0,0,16,0,0,0,0,0,0,0
52,10018649925317144938,0,0,0,0,0,0,0,0,0,0,0,0,0,0,0,0,0,0,0,0,0,0,340,0,2354,67434,0,0,0,67145,0,0,0,36,340,812,0,0,0,0,286,0,0,0,0,2668,_history_tree_18_updates,2005,0,0,0,0,0,0,5047,2668,0,0,0,7715,0,0,0,0,0,2354,0,0,0,0,0,0,0
52,10018649925317144938,0,0,0,0,0,0,0,0,0,0,0,0,0,0,0,0,0,0,0,0,0,0,1005,0,5,9056,0,0,0,9044,0,0,0,37,2607,2,0,0,0,0,12,0,0,0,0,2612,_history_tree_18_removes,3057,0,0,0,0,0,0,2618,2613,0,0,0,5231,0,0,0,0,0,5,0,0,0,0,0,0,0
52,10018649925317144938,0,0,0,0,0,0,0,0,0,0,0,0,0,0,0,0,0,0,0,0,0,0,371,0,2343,66765,0,0,0,66571,0,0,0,38,371,814,0,0,0,0,194,0,0,0,0,2661,_history_tree_19_updates,2027,0,0,0,0,0,0,5057,2661,0,0,0,7718,0,0,0,0,0,2343,0,0,0,0,0,0,0
52,10018649925317144938,0,0,0,0,0,0,0,0,0,0,0,0,0,0,0,0,0,0,0,0,0,0,916,0,8,8831,0,0,0,8813,0,0,0,39,2607,5,0,0,0,0,18,0,0,0,0,2615,_history_tree_19_removes,3047,0,0,0,0,0,0,2623,2615,0,0,0,5238,0,0,0,0,0,8,0,0,0,0,0,0,0
52,10018649925317144938,49168,0,0,0,0,0,44855,0,0,0,0,0,0,0,0,0,0,0,0,0,0,0,0,0,0,293353,0,0,0,96102,0,0,0,40,0,0,0,0,0,0,2123,0,0,94017,0,0,warehouse,0,0,0,0,0,0,0,0,0,0,0,0,0,194723,0,0,194720,0,0,0,0,0,94015,0,0,0
52,10018649925317144938,0,0,0,0,0,0,0,0,0,0,0,0,0,0,0,0,0,0,0,0,0,0,0,0,0,0,0,0,0,0,0,0,0,41,0,0,0,0,0,0,0,0,0,0,0,0,_warehouse_graveyard,0,0,0,0,0,0,0,0,0,0,0,0,0,0,0,0,0,0,0,0,0,0,0,0,0,0
52,10018649925317144938,96430,0,0,0,0,0,95112,0,0,0,0,0,0,0,0,0,0,0,0,0,0,0,0,0,0,297680,0,0,0,193747,0,0,0,42,0,0,0,0,0,0,1041,0,0,191542,0,0,district,0,0,0,0,0,0,0,0,0,0,0,0,0,102838,0,0,102837,0,0,0,0,0,191536,0,0,0
52,10018649925317144938,0,0,0,0,0,0,0,0,0,0,0,0,0,0,0,0,0,0,0,0,0,0,0,0,0,0,0,0,0,0,0,0,0,43,0,0,0,0,0,0,0,0,0,0,0,0,_district_graveyard,0,0,0,0,0,0,0,0,0,0,0,0,0,0,0,0,0,0,0,0,0,0,0,0,0,0
52,10018649925317144938,62419,0,0,0,0,0,59076,0,0,0,0,0,0,0,0,0,0,0,0,0,0,0,0,0,0,785652,0,0,0,121494,0,0,0,44,0,0,0,0,0,0,6,0,0,121486,0,0,customer,0,0,0,0,0,0,0,0,0,0,0,0,0,140386,0,0,140386,0,0,0,0,0,121482,0,0,0
52,10018649925317144938,0,0,0,0,0,0,0,0,0,0,0,0,0,0,0,0,0,0,0,0,0,0,0,0,0,0,0,0,0,0,0,0,0,45,0,0,0,0,0,0,0,0,0,0,0,0,_customer_graveyard,0,0,0,0,0,0,0,0,0,0,0,0,0,0,0,0,0,0,0,0,0,0,0,0,0,0
52,10018649925317144938,0,0,0,0,0,0,0,0,0,0,0,0,0,0,0,0,0,0,0,0,0,0,0,0,0,183483,0,0,0,0,0,0,0,46,0,0,0,0,0,0,61161,0,0,0,0,0,customerwdl,0,0,0,0,0,0,0,0,0,0,0,61161,0,61162,0,0,61163,0,0,0,0,0,0,0,0,0
52,10018649925317144938,0,0,0,0,0,0,0,0,0,0,0,0,0,0,0,0,0,0,0,0,0,0,0,0,0,0,0,0,0,0,0,0,0,47,0,0,0,0,0,0,0,0,0,0,0,0,_customerwdl_graveyard,0,0,0,0,0,0,0,0,0,0,0,0,0,0,0,0,0,0,0,0,0,0,0,0,0,0
52,10018649925317144938,0,0,0,0,0,0,0,0,0,0,0,0,0,0,0,0,0,0,0,0,0,0,0,0,2210,118104,0,0,0,39369,0,0,0,48,0,0,0,0,0,0,0,0,0,0,0,0,history,0,0,0,0,0,0,0,2237,0,0,0,0,2237,0,0,0,0,0,0,0,0,0,0,0,0,0
52,10018649925317144938,0,0,0,0,0,0,0,0,0,0,0,0,0,0,0,0,0,0,0,0,0,0,0,0,0,0,0,0,0,0,0,0,0,49,0,0,0,0,0,0,0,0,0,0,0,0,_history_graveyard,0,0,0,0,0,0,0,0,0,0,0,0,0,0,0,0,0,0,0,0,0,0,0,0,0,0
52,10018649925317144938,42197,84310,0,84308,0,0,42114,0,0,0,0,0,0,0,0,0,0,0,0,0,0,0,54436,0,2071,1137168,0,0,0,269612,0,10002,0,50,105,0,0,0,0,0,109433,0,0,0,0,0,neworder,89275,10002,0,0,0,0,0,3945,67,0,0,84590,3948,94592,0,0,94590,0,1767,0,0,0,0,0,0,0
52,10018649925317144938,0,0,0,0,0,0,0,0,0,0,0,0,0,0,0,0,0,0,0,0,0,0,0,0,0,0,0,0,0,0,0,0,0,51,0,0,0,0,0,0,0,0,0,0,0,0,_neworder_graveyard,0,0,0,0,0,0,0,0,0,0,0,0,0,0,0,0,0,0,0,0,0,0,0,0,0,0
52,10018649925317144938,42637,0,0,0,0,0,41683,0,0,0,0,0,0,0,0,0,0,0,0,0,0,0,0,0,4292,825703,0,0,0,187250,0,0,0,52,0,0,0,0,0,0,0,0,0,84324,0,0,order,0,0,0,0,0,0,0,4293,0,0,0,0,4293,87989,0,0,87989,0,0,0,0,0,84326,0,0,0
52,10018649925317144938,0,0,0,0,0,0,0,0,0,0,0,0,0,0,0,0,0,0,0,0,0,0,0,0,0,0,0,0,0,0,0,0,0,53,0,0,0,0,0,0,0,0,0,0,0,0,_order_graveyard,0,0,0,0,0,0,0,0,0,0,0,0,0,0,0,0,0,0,0,0,0,0,0,0,0,0
52,10018649925317144938,0,0,0,0,0,0,0,0,0,0,0,0,0,0,0,0,3662,0,0,0,0,0,0,0,1379,311007,0,0,0,100006,0,0,0,54,0,0,0,0,0,0,3662,0,0,0,0,0,order_wdc,0,0,0,0,0,0,0,1382,0,0,0,0,1382,3662,0,0,3662,0,0,0,0,0,0,0,0,0
52,10018649925317144938,0,0,0,0,0,0,0,0,0,0,0,0,0,0,0,0,0,0,0,0,0,0,0,0,0,0,0,0,0,0,0,0,0,55,0,0,0,0,0,0,0,0,0,0,0,0,_order_wdc_graveyard,0,0,0,0,0,0,0,0,0,0,0,0,0,0,0,0,0,0,0,0,0,0,0,0,0,0
52,10018649925317144938,426440,0,0,0,0,0,416675,0,0,0,0,0,0,0,0,0,0,0,0,0,0,0,99064,0,58599,7589497,0,0,0,1884827,0,966,0,56,0,0,0,0,0,0,12543,0,0,843139,0,0,orderline,1800016,966,0,0,0,0,0,59382,0,0,0,12481,59383,1812442,0,0,1812427,0,0,0,0,0,843151,0,0,0
52,10018649925317144938,0,0,0,0,0,0,0,0,0,0,0,0,0,0,0,0,0,0,0,0,0,0,0,0,0,0,0,0,0,0,0,0,0,57,0,0,0,0,0,0,0,0,0,0,0,0,_orderline_graveyard,0,0,0,0,0,0,0,0,0,0,0,0,0,0,0,0,0,0,0,0,0,0,0,0,0,0
52,10018649925317144938,0,0,0,0,0,0,0,0,0,0,0,0,0,0,0,0,0,0,0,0,0,0,0,0,0,1966108,0,0,0,0,0,0,0,58,0,0,0,0,0,0,0,0,0,0,0,0,item,0,0,0,0,0,0,0,0,0,0,0,0,0,983015,0,0,983019,0,0,0,0,0,0,0,0,0
53,10018649925317144938,0,0,0,0,0,0,0,0,0,0,0,0,0,0,0,0,0,0,0,0,0,0,0,0,0,0,0,0,0,0,0,0,0,61,0,0,0,0,0,0,0,0,0,0,0,0,_stock_graveyard,0,0,0,0,0,0,0,0,0,0,0,0,0,0,0,0,0,0,0,0,0,0,0,0,0,0
53,10018649925317144938,503215,0,0,0,0,0,491563,0,0,0,0,0,0,0,0,0,0,0,0,0,0,0,0,0,0,15214719,0,0,0,995814,0,0,0,60,0,0,0,0,0,0,1033,0,0,994790,0,0,stock,0,0,0,0,0,0,0,0,0,0,0,0,0,2806698,0,0,2806685,0,0,0,0,0,994795,0,0,0
53,10018649925317144938,0,0,0,0,0,0,0,0,0,0,0,0,0,0,0,0,0,0,0,0,0,0,0,0,0,0,0,0,0,0,0,0,0,59,0,0,0,0,0,0,0,0,0,0,0,0,_item_graveyard,0,0,0,0,0,0,0,0,0,0,0,0,0,0,0,0,0,0,0,0,0,0,0,0,0,0
53,10018649925317144938,0,0,0,0,0,0,0,0,0,0,0,0,0,0,0,0,0,0,0,0,0,0,359,0,2355,67718,0,0,0,67533,0,0,0,28,359,760,0,0,0,0,183,0,0,0,0,2713,_history_tree_14_updates,2074,0,0,0,0,0,0,5067,2713,0,0,0,7780,0,0,0,0,0,2354,0,0,0,0,0,0,0
53,10018649925317144938,0,0,0,0,0,0,0,0,0,0,0,0,0,0,0,0,0,0,0,0,0,0,1024,0,5,9323,0,0,0,9300,0,0,0,27,2686,0,0,0,0,0,23,0,0,0,0,2691,_history_tree_13_removes,3141,0,0,0,0,0,0,2696,2691,0,0,0,5387,0,0,0,0,0,5,0,0,0,0,0,0,0
53,10018649925317144938,0,0,0,0,0,0,0,0,0,0,0,0,0,0,0,0,0,0,0,0,0,0,306,0,2379,68152,0,0,0,67935,0,0,0,26,306,779,0,0,0,0,216,0,0,0,0,2682,_history_tree_13_updates,2039,0,0,0,0,0,0,5065,2682,0,0,0,7748,0,0,0,0,0,2380,0,0,0,0,0,0,0
53,10018649925317144938,0,0,0,0,0,0,0,0,0,0,0,0,0,0,0,0,0,0,0,0,0,0,994,0,4,8965,0,0,0,8959,0,0,0,25,2678,0,0,0,0,0,6,0,0,0,0,2682,_history_tree_12_removes,3107,0,0,0,0,0,0,2686,2682,0,0,0,5368,0,0,0,0,0,4,0,0,0,0,0,0,0
53,10018649925317144938,0,0,0,0,0,0,0,0,0,0,0,0,0,0,0,0,0,0,0,0,0,0,343,0,2363,67281,0,0,0,67055,0,0,0,24,343,787,0,0,0,0,224,0,0,0,0,2687,_history_tree_12_updates,2044,0,0,0,0,0,0,5069,2688,0,0,0,7757,0,0,0,0,0,2363,0,0,0,0,0,0,0
53,10018649925317144938,0,0,0,0,0,0,0,0,0,0,0,0,0,0,0,0,0,0,0,0,0,0,987,0,10,9516,0,0,0,9504,0,0,0,23,2534,3,0,0,0,0,12,0,0,0,0,2544,_history_tree_11_removes,2984,0,0,0,0,0,0,2554,2544,0,0,0,5098,0,0,0,0,0,10,0,0,0,0,0,0,0
53,10018649925317144938,0,0,0,0,0,0,0,0,0,0,0,0,0,0,0,0,0,0,0,0,0,0,353,0,2404,69158,0,0,0,68929,0,0,0,22,353,854,0,0,0,0,229,0,0,0,0,2752,_history_tree_11_updates,2030,0,0,0,0,0,0,5162,2752,0,0,0,7914,0,0,0,0,0,2405,0,0,0,0,0,0,0
53,10018649925317144938,0,0,0,0,0,0,0,0,0,0,0,0,0,0,0,0,0,0,0,0,0,0,1022,0,5,9264,0,0,0,9254,0,0,0,21,2687,1,0,0,0,0,10,0,0,0,0,2692,_history_tree_10_removes,3150,0,0,0,0,0,0,2697,2692,0,0,0,5389,0,0,0,0,0,5,0,0,0,0,0,0,0
53,10018649925317144938,0,0,0,0,0,0,0,0,0,0,0,0,0,0,0,0,0,0,0,0,0,0,329,0,2374,68035,0,0,0,67829,0,0,0,20,329,791,0,0,0,0,206,0,0,0,0,2686,_history_tree_10_updates,2043,0,0,0,0,0,0,5077,2686,0,0,0,7763,0,0,0,0,0,2374,0,0,0,0,0,0,0
53,10018649925317144938,0,0,0,0,0,0,0,0,0,0,0,0,0,0,0,0,0,0,0,0,0,0,1010,0,6,9008,0,0,0,8992,0,0,0,19,2685,0,0,0,0,0,15,0,0,0,0,2691,_history_tree_9_removes,3150,0,0,0,0,0,0,2697,2691,0,0,0,5388,0,0,0,0,0,6,0,0,0,0,0,0,0
53,10018649925317144938,0,0,0,0,0,0,0,0,0,0,0,0,0,0,0,0,0,0,0,0,0,0,350,0,2366,67501,0,0,0,67289,0,0,0,18,350,778,0,0,0,0,211,0,0,0,0,2704,_history_tree_9_updates,2064,0,0,0,0,0,0,5079,2704,0,0,0,7783,0,0,0,0,0,2363,0,0,0,0,0,0,0
53,10018649925317144938,0,0,0,0,0,0,0,0,0,0,0,0,0,0,0,0,0,0,0,0,0,0,1081,0,5,9663,0,0,0,9649,0,0,0,17,2636,1,0,0,0,0,14,0,0,0,0,2641,_history_tree_8_removes,3123,0,0,0,0,0,0,2646,2641,0,0,0,5287,0,0,0,0,0,5,0,0,0,0,0,0,0
53,10018649925317144938,0,0,0,0,0,0,0,0,0,0,0,0,0,0,0,0,0,0,0,0,0,0,333,0,2409,69393,0,0,0,69198,0,0,0,16,333,819,0,0,0,0,194,0,0,0,0,2733,_history_tree_8_updates,2055,0,0,0,0,0,0,5150,2733,0,0,0,7883,0,0,0,0,0,2408,0,0,0,0,0,0,0
53,10018649925317144938,0,0,0,0,0,0,0,0,0,0,0,0,0,0,0,0,0,0,0,0,0,0,1024,0,3,9243,0,0,0,9225,0,0,0,15,2658,1,0,0,0,0,18,0,0,0,0,2661,_history_tree_7_removes,3111,0,0,0,0,0,0,2664,2661,0,0,0,5325,0,0,0,0,0,3,0,0,0,0,0,0,0
53,10018649925317144938,0,0,0,0,0,0,0,0,0,0,0,0,0,0,0,0,0,0,0,0,0,0,344,0,2345,67300,0,0,0,67077,0,0,0,14,344,797,0,0,0,0,222,0,0,0,0,2661,_history_tree_7_updates,2014,0,0,0,0,0,0,5038,2661,0,0,0,7699,0,0,0,0,0,2348,0,0,0,0,0,0,0
53,10018649925317144938,0,0,0,0,0,0,0,0,0,0,0,0,0,0,0,0,0,0,0,0,0,0,1007,0,10,9651,0,0,0,9635,0,0,0,13,2548,4,0,0,0,0,16,0,0,0,0,2558,_history_tree_6_removes,2990,0,0,0,0,0,0,2568,2558,0,0,0,5126,0,0,0,0,0,10,0,0,0,0,0,0,0
53,10018649925317144938,0,0,0,0,0,0,0,0,0,0,0,0,0,22324067,22930198,0,0,0,0,0,0,0,325,0,2391,68542,0,0,0,68332,0,0,0,0,325,844,0,0,0,0,207,0,0,0,0,2670,_history_tree_0_updates,1976,0,1500360,0,0,0,0,5108,2670,0,0,0,7778,0,0,0,0,0,2392,0,0,0,0,719468,0,0
53,10018649925317144938,0,0,0,0,0,0,0,0,0,0,0,0,0,0,0,0,0,0,0,0,0,0,994,0,8,9342,0,0,0,9335,0,0,0,1,2608,4,0,0,0,0,7,0,0,0,0,2616,_history_tree_0_removes,3028,0,0,0,0,0,0,2624,2616,0,0,0,5240,0,0,0,0,0,8,0,0,0,0,0,0,0
53,10018649925317144938,0,0,0,0,0,0,0,0,0,0,0,0,0,0,0,0,0,0,0,0,0,0,319,0,2396,68921,0,0,0,68701,0,0,0,2,319,798,0,0,0,0,217,0,0,0,0,2710,_history_tree_1_updates,2050,0,0,0,0,0,0,5111,2710,0,0,0,7821,0,0,0,0,0,2396,0,0,0,0,0,0,0
53,10018649925317144938,0,0,0,0,0,0,0,0,0,0,0,0,0,0,0,0,0,0,0,0,0,0,1052,0,8,9548,0,0,0,9532,0,0,0,3,2675,2,0,0,0,0,16,0,0,0,0,2684,_history_tree_1_removes,3133,0,0,0,0,0,0,2692,2684,0,0,0,5376,0,0,0,0,0,8,0,0,0,0,0,0,0
53,10018649925317144938,0,0,0,0,0,0,0,0,0,0,0,0,0,0,0,0,0,0,0,0,0,0,352,0,2388,68414,0,0,0,68216,0,0,0,4,352,839,0,0,0,0,197,0,0,0,0,2707,_history_tree_2_updates,2021,0,0,0,0,0,0,5128,2707,0,0,0,7835,0,0,0,0,0,2388,0,0,0,0,0,0,0
53,10018649925317144938,0,0,0,0,0,0,0,0,0,0,0,0,0,0,0,0,0,0,0,0,0,0,994,0,9,9320,0,0,0,9304,0,0,0,5,2616,2,0,0,0,0,16,0,0,0,0,2625,_history_tree_2_removes,3073,0,0,0,0,0,0,2634,2625,0,0,0,5259,0,0,0,0,0,9,0,0,0,0,0,0,0
53,10018649925317144938,0,0,0,0,0,0,0,0,0,0,0,0,0,0,0,0,0,0,0,0,0,0,344,0,2401,68722,0,0,0,68538,0,0,0,6,344,862,0,0,0,0,184,0,0,0,0,2727,_history_tree_3_updates,2009,0,0,0,0,0,0,5147,2727,0,0,0,7874,0,0,0,0,0,2402,0,0,0,0,0,0,0
53,10018649925317144938,0,0,0,0,0,0,0,0,0,0,0,0,0,0,0,0,0,0,0,0,0,0,1020,0,7,9387,0,0,0,9376,0,0,0,7,2636,3,0,0,0,0,11,0,0,0,0,2643,_history_tree_3_removes,3097,0,0,0,0,0,0,2650,2643,0,0,0,5293,0,0,0,0,0,7,0,0,0,0,0,0,0
53,10018649925317144938,0,0,0,0,0,0,0,0,0,0,0,0,0,0,0,0,0,0,0,0,0,0,370,0,2334,66954,0,0,0,66714,0,0,0,8,370,811,0,0,0,0,239,0,0,0,0,2703,_history_tree_4_updates,2015,0,0,0,0,0,0,5038,2703,0,0,0,7741,0,0,0,0,0,2334,0,0,0,0,0,0,0
53,10018649925317144938,0,0,0,0,0,0,0,0,0,0,0,0,0,0,0,0,0,0,0,0,0,0,964,0,7,9105,0,0,0,9092,0,0,0,9,2560,2,0,0,0,0,13,0,0,0,0,2567,_history_tree_4_removes,3012,0,0,0,0,0,0,2574,2567,0,0,0,5141,0,0,0,0,0,7,0,0,0,0,0,0,0
53,10018649925317144938,0,0,0,0,0,0,0,0,0,0,0,0,0,0,0,0,0,0,0,0,0,0,367,0,2382,68544,0,0,0,68309,0,0,0,10,367,800,0,0,0,0,233,0,0,0,0,2731,_history_tree_5_updates,2085,0,0,0,0,0,0,5130,2731,0,0,0,7861,0,0,0,0,0,2382,0,0,0,0,0,0,0
53,10018649925317144938,0,0,0,0,0,0,0,0,0,0,0,0,0,0,0,0,0,0,0,0,0,0,1063,0,5,9429,0,0,0,9418,0,0,0,11,2669,1,0,0,0,0,11,0,0,0,0,2674,_history_tree_5_removes,3139,0,0,0,0,0,0,2679,2674,0,0,0,5353,0,0,0,0,0,5,0,0,0,0,0,0,0
53,10018649925317144938,0,0,0,0,0,0,0,0,0,0,0,0,0,0,0,0,0,0,0,0,0,0,367,0,2441,70030,0,0,0,69842,0,0,0,12,367,906,0,0,0,0,186,0,0,0,0,2684,_history_tree_6_updates,2017,0,0,0,0,0,0,5248,2684,0,0,0,7932,0,0,0,0,0,2440,0,0,0,0,0,0,0
53,10018649925317144938,0,0,0,0,0,0,0,0,0,0,0,0,0,0,0,0,0,0,0,0,0,0,1016,0,4,9343,0,0,0,9332,0,0,0,29,2679,0,0,0,0,0,11,0,0,0,0,2683,_history_tree_14_removes,3128,0,0,0,0,0,0,2687,2683,0,0,0,5368,0,0,0,0,0,4,0,0,0,0,0,0,0
53,10018649925317144938,0,0,0,0,0,0,0,0,0,0,0,0,0,0,0,0,0,0,0,0,0,0,356,0,2377,68031,0,0,0,67801,0,0,0,30,356,831,0,0,0,0,227,0,0,0,0,2709,_history_tree_15_updates,2024,0,0,0,0,0,0,5106,2709,0,0,0,7815,0,0,0,0,0,2374,0,0,0,0,0,0,0
53,10018649925317144938,0,0,0,0,0,0,0,0,0,0,0,0,0,0,0,0,0,0,0,0,0,0,982,0,7,9160,0,0,0,9146,0,0,0,31,2615,1,0,0,0,0,14,0,0,0,0,2622,_history_tree_15_removes,3073,0,0,0,0,0,0,2629,2622,0,0,0,5251,0,0,0,0,0,7,0,0,0,0,0,0,0
53,10018649925317144938,0,0,0,0,0,0,0,0,0,0,0,0,0,0,0,0,0,0,0,0,0,0,318,0,2389,68602,0,0,0,68403,0,0,0,32,318,818,0,0,0,0,196,0,0,0,0,2708,_history_tree_16_updates,2014,0,0,0,0,0,0,5096,2708,0,0,0,7804,0,0,0,0,0,2390,0,0,0,0,0,0,0
53,10018649925317144938,0,0,0,0,0,0,0,0,0,0,0,0,0,0,0,0,0,0,0,0,0,0,1028,0,6,9452,0,0,0,9437,0,0,0,33,2630,2,0,0,0,0,15,0,0,0,0,2636,_history_tree_16_removes,3091,0,0,0,0,0,0,2642,2636,0,0,0,5278,0,0,0,0,0,6,0,0,0,0,0,0,0
53,10018649925317144938,0,0,0,0,0,0,0,0,0,0,0,0,0,0,0,0,0,0,0,0,0,0,354,0,2368,145020,0,0,0,72303,0,0,0,34,10431,2722,0,0,0,0,206,0,0,0,0,6261,_history_tree_17_updates,3956,0,0,0,0,0,0,15166,12522,0,0,0,21427,0,0,0,0,0,2368,0,0,0,0,0,0,0
53,10018649925317144938,0,0,0,0,0,0,0,0,0,0,0,0,0,0,0,0,0,0,0,0,0,0,834,0,21,9301,0,0,0,9284,0,0,0,35,2416,15,0,0,0,0,17,0,0,0,0,2437,_history_tree_17_removes,2856,0,0,0,0,0,0,2458,2437,0,0,0,4895,0,0,0,0,0,21,0,0,0,0,0,0,0
53,10018649925317144938,0,0,0,0,0,0,0,0,0,0,0,0,0,0,0,0,0,0,0,0,0,0,317,0,2373,67991,0,0,0,67803,0,0,0,36,317,789,0,0,0,0,187,0,0,0,0,2688,_history_tree_18_updates,2011,0,0,0,0,0,0,5062,2688,0,0,0,7750,0,0,0,0,0,2371,0,0,0,0,0,0,0
53,10018649925317144938,0,0,0,0,0,0,0,0,0,0,0,0,0,0,0,0,0,0,0,0,0,0,1044,0,5,9356,0,0,0,9340,0,0,0,37,2688,1,0,0,0,0,19,0,0,0,0,2693,_history_tree_18_removes,3139,0,0,0,0,0,0,2697,2692,0,0,0,5391,0,0,0,0,0,5,0,0,0,0,0,0,0
53,10018649925317144938,0,0,0,0,0,0,0,0,0,0,0,0,0,0,0,0,0,0,0,0,0,0,390,0,2354,67563,0,0,0,67345,0,0,0,38,390,788,0,0,0,0,218,0,0,0,0,2734,_history_tree_19_updates,2113,0,0,0,0,0,0,5098,2734,0,0,0,7832,0,0,0,0,0,2354,0,0,0,0,0,0,0
53,10018649925317144938,0,0,0,0,0,0,0,0,0,0,0,0,0,0,0,0,0,0,0,0,0,0,1005,0,3,9206,0,0,0,9180,0,0,0,39,2682,0,0,0,0,0,26,0,0,0,0,2685,_history_tree_19_removes,3155,0,0,0,0,0,0,2688,2685,0,0,0,5373,0,0,0,0,0,3,0,0,0,0,0,0,0
53,10018649925317144938,49265,0,0,0,0,0,45639,0,0,0,0,0,0,0,0,0,0,0,0,0,0,0,0,0,0,296257,0,0,0,96955,0,0,0,40,0,0,0,0,0,0,2179,0,0,94903,0,0,warehouse,0,0,0,0,0,0,0,0,0,0,0,0,0,196715,0,0,196714,0,0,0,0,0,94899,0,0,0
53,10018649925317144938,0,0,0,0,0,0,0,0,0,0,0,0,0,0,0,0,0,0,0,0,0,0,0,0,0,0,0,0,0,0,0,0,0,41,0,0,0,0,0,0,0,0,0,0,0,0,_warehouse_graveyard,0,0,0,0,0,0,0,0,0,0,0,0,0,0,0,0,0,0,0,0,0,0,0,0,0,0
53,10018649925317144938,98087,0,0,0,0,0,95487,0,0,0,0,0,0,0,0,0,0,0,0,0,0,0,0,0,0,300702,0,0,0,195731,0,0,0,42,0,0,0,0,0,0,965,0,0,193574,0,0,district,0,0,0,0,0,0,0,0,0,0,0,0,0,103941,0,0,103940,0,0,0,0,0,193569,0,0,0
53,10018649925317144938,0,0,0,0,0,0,0,0,0,0,0,0,0,0,0,0,0,0,0,0,0,0,0,0,0,0,0,0,0,0,0,0,0,43,0,0,0,0,0,0,0,0,0,0,0,0,_district_graveyard,0,0,0,0,0,0,0,0,0,0,0,0,0,0,0,0,0,0,0,0,0,0,0,0,0,0
53,10018649925317144938,63542,0,0,0,0,0,60527,0,0,0,0,0,0,0,0,0,0,0,0,0,0,0,0,0,0,797955,0,0,0,124080,0,0,0,44,0,0,0,0,0,0,5,0,0,124073,0,0,customer,0,0,0,0,0,0,0,0,0,0,0,0,0,141899,0,0,141899,0,0,0,0,0,124075,0,0,0
53,10018649925317144938,0,0,0,0,0,0,0,0,0,0,0,0,0,0,0,0,0,0,0,0,0,0,0,0,0,0,0,0,0,0,0,0,0,45,0,0,0,0,0,0,0,0,0,0,0,0,_customer_graveyard,0,0,0,0,0,0,0,0,0,0,0,0,0,0,0,0,0,0,0,0,0,0,0,0,0,0
53,10018649925317144938,0,0,0,0,0,0,0,0,0,0,0,0,0,0,0,0,0,0,0,0,0,0,0,0,0,184672,0,0,0,0,0,0,0,46,0,0,0,0,0,0,61557,0,0,0,0,0,customerwdl,0,0,0,0,0,0,0,0,0,0,0,61556,0,61555,0,0,61555,0,0,0,0,0,0,0,0,0
53,10018649925317144938,0,0,0,0,0,0,0,0,0,0,0,0,0,0,0,0,0,0,0,0,0,0,0,0,0,0,0,0,0,0,0,0,0,47,0,0,0,0,0,0,0,0,0,0,0,0,_customerwdl_graveyard,0,0,0,0,0,0,0,0,0,0,0,0,0,0,0,0,0,0,0,0,0,0,0,0,0,0
53,10018649925317144938,0,0,0,0,0,0,0,0,0,0,0,0,0,0,0,0,0,0,0,0,0,0,0,0,2235,119625,0,0,0,39874,0,0,0,48,0,0,0,0,0,0,0,0,0,0,0,0,history,0,0,0,0,0,0,0,2260,0,0,0,0,2260,0,0,0,0,0,0,0,0,0,0,0,0,0
53,10018649925317144938,0,0,0,0,0,0,0,0,0,0,0,0,0,0,0,0,0,0,0,0,0,0,0,0,0,0,0,0,0,0,0,0,0,49,0,0,0,0,0,0,0,0,0,0,0,0,_history_graveyard,0,0,0,0,0,0,0,0,0,0,0,0,0,0,0,0,0,0,0,0,0,0,0,0,0,0
53,10018649925317144938,43267,86448,0,86450,0,0,43178,0,0,0,0,0,0,0,0,0,0,0,0,0,0,0,56493,0,2101,1162375,0,0,0,275004,0,10987,0,50,76,0,0,0,0,0,112423,0,0,0,0,0,neworder,93155,10987,0,0,0,0,0,4009,59,0,0,86726,4009,97714,0,0,97715,0,1831,0,0,0,0,0,0,0
53,10018649925317144938,0,0,0,0,0,0,0,0,0,0,0,0,0,0,0,0,0,0,0,0,0,0,0,0,0,0,0,0,0,0,0,0,0,51,0,0,0,0,0,0,0,0,0,0,0,0,_neworder_graveyard,0,0,0,0,0,0,0,0,0,0,0,0,0,0,0,0,0,0,0,0,0,0,0,0,0,0
53,10018649925317144938,43679,0,0,0,0,0,42749,0,0,0,0,0,0,0,0,0,0,0,0,0,0,0,0,0,4345,841556,0,0,0,190504,0,0,0,52,0,0,0,0,0,0,0,0,0,86425,0,0,order,0,0,0,0,0,0,0,4349,0,0,0,0,4349,90011,0,0,90011,0,0,0,0,0,86425,0,0,0
53,10018649925317144938,0,0,0,0,0,0,0,0,0,0,0,0,0,0,0,0,0,0,0,0,0,0,0,0,0,0,0,0,0,0,0,0,0,53,0,0,0,0,0,0,0,0,0,0,0,0,_order_graveyard,0,0,0,0,0,0,0,0,0,0,0,0,0,0,0,0,0,0,0,0,0,0,0,0,0,0
53,10018649925317144938,0,0,0,0,0,0,0,0,0,0,0,0,0,0,0,0,3587,0,0,0,0,0,0,0,1391,314116,0,0,0,101120,0,0,0,54,0,0,0,0,0,0,3588,0,0,0,0,0,order_wdc,0,0,0,0,0,0,0,1398,0,0,0,0,1398,3588,0,0,3589,0,0,0,0,0,0,0,0,0
53,10018649925317144938,0,0,0,0,0,0,0,0,0,0,0,0,0,0,0,0,0,0,0,0,0,0,0,0,0,0,0,0,0,0,0,0,0,55,0,0,0,0,0,0,0,0,0,0,0,0,_order_wdc_graveyard,0,0,0,0,0,0,0,0,0,0,0,0,0,0,0,0,0,0,0,0,0,0,0,0,0,0
53,10018649925317144938,436990,0,0,0,0,0,426980,0,0,0,0,0,0,0,0,0,0,0,0,0,0,0,101623,0,59285,7720612,0,0,0,1917458,0,766,0,56,0,0,0,0,0,0,12700,0,0,864015,0,0,orderline,1847115,766,0,0,0,0,0,60098,0,0,0,12633,60097,1859739,0,0,1859739,0,0,0,0,0,864020,0,0,0
53,10018649925317144938,0,0,0,0,0,0,0,0,0,0,0,0,0,0,0,0,0,0,0,0,0,0,0,0,0,0,0,0,0,0,0,0,0,57,0,0,0,0,0,0,0,0,0,0,0,0,_orderline_graveyard,0,0,0,0,0,0,0,0,0,0,0,0,0,0,0,0,0,0,0,0,0,0,0,0,0,0
53,10018649925317144938,0,0,0,0,0,0,0,0,0,0,0,0,0,0,0,0,0,0,0,0,0,0,0,0,0,1988151,0,0,0,0,0,0,0,58,0,0,0,0,0,0,0,0,0,0,0,0,item,0,0,0,0,0,0,0,0,0,0,0,0,0,994119,0,0,994124,0,0,0,0,0,0,0,0,0
54,10018649925317144938,0,0,0,0,0,0,0,0,0,0,0,0,0,0,0,0,0,0,0,0,0,0,0,0,0,0,0,0,0,0,0,0,0,61,0,0,0,0,0,0,0,0,0,0,0,0,_stock_graveyard,0,0,0,0,0,0,0,0,0,0,0,0,0,0,0,0,0,0,0,0,0,0,0,0,0,0
54,10018649925317144938,497647,0,0,0,0,0,485762,0,0,0,0,0,0,0,0,0,0,0,0,0,0,0,0,0,0,14970878,0,0,0,984394,0,0,0,60,0,0,0,0,0,0,1037,0,0,983367,0,0,stock,0,0,0,0,0,0,0,0,0,0,0,0,0,2757279,0,0,2757263,0,0,0,0,0,983358,0,0,0
54,10018649925317144938,0,0,0,0,0,0,0,0,0,0,0,0,0,0,0,0,0,0,0,0,0,0,0,0,0,0,0,0,0,0,0,0,0,59,0,0,0,0,0,0,0,0,0,0,0,0,_item_graveyard,0,0,0,0,0,0,0,0,0,0,0,0,0,0,0,0,0,0,0,0,0,0,0,0,0,0
54,10018649925317144938,0,0,0,0,0,0,0,0,0,0,0,0,0,0,0,0,0,0,0,0,0,0,364,0,2346,66860,0,0,0,66657,0,0,0,28,364,786,0,0,0,0,207,0,0,0,0,2692,_history_tree_14_updates,2051,0,0,0,0,0,0,5057,2692,0,0,0,7749,0,0,0,0,0,2347,0,0,0,0,0,0,0
54,10018649925317144938,0,0,0,0,0,0,0,0,0,0,0,0,0,0,0,0,0,0,0,0,0,0,980,0,6,9141,0,0,0,9127,0,0,0,27,2568,2,0,0,0,0,14,0,0,0,0,2574,_history_tree_13_removes,3012,0,0,0,0,0,0,2580,2574,0,0,0,5154,0,0,0,0,0,6,0,0,0,0,0,0,0
54,10018649925317144938,0,0,0,0,0,0,0,0,0,0,0,0,0,0,0,0,0,0,0,0,0,0,352,0,2326,66803,0,0,0,66600,0,0,0,26,352,810,0,0,0,0,203,0,0,0,0,2668,_history_tree_13_updates,1987,0,0,0,0,0,0,5000,2668,0,0,0,7667,0,0,0,0,0,2322,0,0,0,0,0,0,0
54,10018649925317144938,0,0,0,0,0,0,0,0,0,0,0,0,0,0,0,0,0,0,0,0,0,0,1077,0,4,9415,0,0,0,9401,0,0,0,25,2633,0,0,0,0,0,14,0,0,0,0,2637,_history_tree_12_removes,3087,0,0,0,0,0,0,2641,2637,0,0,0,5278,0,0,0,0,0,4,0,0,0,0,0,0,0
54,10018649925317144938,0,0,0,0,0,0,0,0,0,0,0,0,0,0,0,0,0,0,0,0,0,0,306,0,2355,67806,0,0,0,67598,0,0,0,24,306,773,0,0,0,0,209,0,0,0,0,2662,_history_tree_12_updates,2000,0,0,0,0,0,0,5016,2661,0,0,0,7677,0,0,0,0,0,2355,0,0,0,0,0,0,0
54,10018649925317144938,0,0,0,0,0,0,0,0,0,0,0,0,0,0,0,0,0,0,0,0,0,0,933,0,6,8712,0,0,0,8700,0,0,0,23,2582,2,0,0,0,0,12,0,0,0,0,2588,_history_tree_11_removes,3034,0,0,0,0,0,0,2594,2588,0,0,0,5182,0,0,0,0,0,6,0,0,0,0,0,0,0
54,10018649925317144938,0,0,0,0,0,0,0,0,0,0,0,0,0,0,0,0,0,0,0,0,0,0,336,0,2311,65888,0,0,0,65649,0,0,0,22,336,781,0,0,0,0,238,0,0,0,0,2631,_history_tree_11_updates,1999,0,0,0,0,0,0,4956,2631,0,0,0,7587,0,0,0,0,0,2309,0,0,0,0,0,0,0
54,10018649925317144938,0,0,0,0,0,0,0,0,0,0,0,0,0,0,0,0,0,0,0,0,0,0,970,0,4,9000,0,0,0,8983,0,0,0,21,2663,0,0,0,0,0,17,0,0,0,0,2667,_history_tree_10_removes,3132,0,0,0,0,0,0,2671,2667,0,0,0,5338,0,0,0,0,0,4,0,0,0,0,0,0,0
54,10018649925317144938,0,0,0,0,0,0,0,0,0,0,0,0,0,0,0,0,0,0,0,0,0,0,335,0,2333,66756,0,0,0,66535,0,0,0,20,335,775,0,0,0,0,219,0,0,0,0,2669,_history_tree_10_updates,2039,0,0,0,0,0,0,5002,2669,0,0,0,7671,0,0,0,0,0,2334,0,0,0,0,0,0,0
54,10018649925317144938,0,0,0,0,0,0,0,0,0,0,0,0,0,0,0,0,0,0,0,0,0,0,1069,0,2,9444,0,0,0,9433,0,0,0,19,2557,0,0,0,0,0,11,0,0,0,0,2559,_history_tree_9_removes,3040,0,0,0,0,0,0,2561,2559,0,0,0,5120,0,0,0,0,0,2,0,0,0,0,0,0,0
54,10018649925317144938,0,0,0,0,0,0,0,0,0,0,0,0,0,0,0,0,0,0,0,0,0,0,299,0,2359,68043,0,0,0,67859,0,0,0,18,299,801,0,0,0,0,184,0,0,0,0,2656,_history_tree_9_updates,1994,0,0,0,0,0,0,5020,2656,0,0,0,7677,0,0,0,0,0,2362,0,0,0,0,0,0,0
54,10018649925317144938,0,0,0,0,0,0,0,0,0,0,0,0,0,0,0,0,0,0,0,0,0,0,1024,0,7,9184,0,0,0,9172,0,0,0,17,2548,2,0,0,0,0,12,0,0,0,0,2555,_history_tree_8_removes,2986,0,0,0,0,0,0,2562,2555,0,0,0,5117,0,0,0,0,0,7,0,0,0,0,0,0,0
54,10018649925317144938,0,0,0,0,0,0,0,0,0,0,0,0,0,0,0,0,0,0,0,0,0,0,368,0,2353,67396,0,0,0,67203,0,0,0,16,368,819,0,0,0,0,192,0,0,0,0,2705,_history_tree_8_updates,2012,0,0,0,0,0,0,5077,2705,0,0,0,7782,0,0,0,0,0,2356,0,0,0,0,0,0,0
54,10018649925317144938,0,0,0,0,0,0,0,0,0,0,0,0,0,0,0,0,0,0,0,0,0,0,1059,0,5,9497,0,0,0,9489,0,0,0,15,2597,1,0,0,0,0,8,0,0,0,0,2602,_history_tree_7_removes,3053,0,0,0,0,0,0,2607,2602,0,0,0,5209,0,0,0,0,0,5,0,0,0,0,0,0,0
54,10018649925317144938,0,0,0,0,0,0,0,0,0,0,0,0,0,0,0,0,0,0,0,0,0,0,322,0,2388,68607,0,0,0,68399,0,0,0,14,322,819,0,0,0,0,205,0,0,0,0,2700,_history_tree_7_updates,2011,0,0,0,0,0,0,5097,2700,0,0,0,7797,0,0,0,0,0,2388,0,0,0,0,0,0,0
54,10018649925317144938,0,0,0,0,0,0,0,0,0,0,0,0,0,0,0,0,0,0,0,0,0,0,939,0,4,8770,0,0,0,8755,0,0,0,13,2612,2,0,0,0,0,15,0,0,0,0,2616,_history_tree_6_removes,3066,0,0,0,0,0,0,2620,2616,0,0,0,5236,0,0,0,0,0,4,0,0,0,0,0,0,0
54,10018649925317144938,0,0,0,0,0,0,0,0,0,0,0,0,0,21955141,22584886,0,0,0,0,0,0,0,377,0,2331,66741,0,0,0,66519,0,0,0,0,377,826,0,0,0,0,224,0,0,0,0,2685,_history_tree_0_updates,1992,0,1478668,0,0,0,0,5037,2685,0,0,0,7723,0,0,0,0,0,2329,0,0,0,0,690279,0,0
54,10018649925317144938,0,0,0,0,0,0,0,0,0,0,0,0,0,0,0,0,0,0,0,0,0,0,931,0,8,8969,0,0,0,8950,0,0,0,1,2538,3,0,0,0,0,19,0,0,0,0,2546,_history_tree_0_removes,2983,0,0,0,0,0,0,2554,2546,0,0,0,5100,0,0,0,0,0,8,0,0,0,0,0,0,0
54,10018649925317144938,0,0,0,0,0,0,0,0,0,0,0,0,0,0,0,0,0,0,0,0,0,0,334,0,2336,66736,0,0,0,66563,0,0,0,2,334,795,0,0,0,0,173,0,0,0,0,2655,_history_tree_1_updates,2000,0,0,0,0,0,0,5006,2655,0,0,0,7661,0,0,0,0,0,2337,0,0,0,0,0,0,0
54,10018649925317144938,0,0,0,0,0,0,0,0,0,0,0,0,0,0,0,0,0,0,0,0,0,0,930,0,8,8947,0,0,0,8934,0,0,0,3,2592,1,0,0,0,0,13,0,0,0,0,2599,_history_tree_1_removes,3031,0,0,0,0,0,0,2607,2599,0,0,0,5206,0,0,0,0,0,8,0,0,0,0,0,0,0
54,10018649925317144938,0,0,0,0,0,0,0,0,0,0,0,0,0,0,0,0,0,0,0,0,0,0,361,0,2314,66110,0,0,0,65905,0,0,0,4,361,777,0,0,0,0,205,0,0,0,0,2668,_history_tree_2_updates,2023,0,0,0,0,0,0,4987,2668,0,0,0,7655,0,0,0,0,0,2312,0,0,0,0,0,0,0
54,10018649925317144938,0,0,0,0,0,0,0,0,0,0,0,0,0,0,0,0,0,0,0,0,0,0,926,0,7,8830,0,0,0,8817,0,0,0,5,2580,2,0,0,0,0,13,0,0,0,0,2587,_history_tree_2_removes,3009,0,0,0,0,0,0,2594,2587,0,0,0,5181,0,0,0,0,0,7,0,0,0,0,0,0,0
54,10018649925317144938,0,0,0,0,0,0,0,0,0,0,0,0,0,0,0,0,0,0,0,0,0,0,304,0,2338,67317,0,0,0,67097,0,0,0,6,304,790,0,0,0,0,219,0,0,0,0,2629,_history_tree_3_updates,1964,0,0,0,0,0,0,4979,2629,0,0,0,7608,0,0,0,0,0,2337,0,0,0,0,0,0,0
54,10018649925317144938,0,0,0,0,0,0,0,0,0,0,0,0,0,0,0,0,0,0,0,0,0,0,1052,0,4,9320,0,0,0,9304,0,0,0,7,2584,2,0,0,0,0,16,0,0,0,0,2588,_history_tree_3_removes,3028,0,0,0,0,0,0,2592,2588,0,0,0,5180,0,0,0,0,0,4,0,0,0,0,0,0,0
54,10018649925317144938,0,0,0,0,0,0,0,0,0,0,0,0,0,0,0,0,0,0,0,0,0,0,336,0,2367,67667,0,0,0,67461,0,0,0,8,336,818,0,0,0,0,207,0,0,0,0,2700,_history_tree_4_updates,2018,0,0,0,0,0,0,5070,2700,0,0,0,7770,0,0,0,0,0,2367,0,0,0,0,0,0,0
54,10018649925317144938,0,0,0,0,0,0,0,0,0,0,0,0,0,0,0,0,0,0,0,0,0,0,963,0,5,9084,0,0,0,9075,0,0,0,9,2590,1,0,0,0,0,9,0,0,0,0,2595,_history_tree_4_removes,3054,0,0,0,0,0,0,2600,2595,0,0,0,5195,0,0,0,0,0,5,0,0,0,0,0,0,0
54,10018649925317144938,0,0,0,0,0,0,0,0,0,0,0,0,0,0,0,0,0,0,0,0,0,0,350,0,2374,68446,0,0,0,68247,0,0,0,10,350,880,0,0,0,0,200,0,0,0,0,2723,_history_tree_5_updates,1947,0,0,0,0,0,0,5099,2723,0,0,0,7822,0,0,0,0,0,2375,0,0,0,0,0,0,0
54,10018649925317144938,0,0,0,0,0,0,0,0,0,0,0,0,0,0,0,0,0,0,0,0,0,0,1046,0,7,9524,0,0,0,9510,0,0,0,11,2501,1,0,0,0,0,14,0,0,0,0,2508,_history_tree_5_removes,2936,0,0,0,0,0,0,2515,2508,0,0,0,5025,0,0,0,0,0,7,0,0,0,0,0,0,0
54,10018649925317144938,0,0,0,0,0,0,0,0,0,0,0,0,0,0,0,0,0,0,0,0,0,0,342,0,2281,65159,0,0,0,64928,0,0,0,12,342,761,0,0,0,0,229,0,0,0,0,2581,_history_tree_6_updates,2006,0,0,0,0,0,0,4906,2581,0,0,0,7487,0,0,0,0,0,2283,0,0,0,0,0,0,0
54,10018649925317144938,0,0,0,0,0,0,0,0,0,0,0,0,0,0,0,0,0,0,0,0,0,0,963,0,6,8876,0,0,0,8867,0,0,0,29,2578,2,0,0,0,0,9,0,0,0,0,2584,_history_tree_14_removes,3047,0,0,0,0,0,0,2590,2584,0,0,0,5174,0,0,0,0,0,6,0,0,0,0,0,0,0
54,10018649925317144938,0,0,0,0,0,0,0,0,0,0,0,0,0,0,0,0,0,0,0,0,0,0,343,0,2355,67562,0,0,0,67330,0,0,0,30,343,827,0,0,0,0,232,0,0,0,0,2701,_history_tree_15_updates,1994,0,0,0,0,0,0,5056,2701,0,0,0,7757,0,0,0,0,0,2358,0,0,0,0,0,0,0
54,10018649925317144938,0,0,0,0,0,0,0,0,0,0,0,0,0,0,0,0,0,0,0,0,0,0,952,0,7,9173,0,0,0,9157,0,0,0,31,2555,2,0,0,0,0,16,0,0,0,0,2562,_history_tree_15_removes,2985,0,0,0,0,0,0,2569,2563,0,0,0,5133,0,0,0,0,0,7,0,0,0,0,0,0,0
54,10018649925317144938,0,0,0,0,0,0,0,0,0,0,0,0,0,0,0,0,0,0,0,0,0,0,318,0,2334,66695,0,0,0,66495,0,0,0,32,318,779,0,0,0,0,200,0,0,0,0,2651,_history_tree_16_updates,1995,0,0,0,0,0,0,4985,2651,0,0,0,7636,0,0,0,0,0,2334,0,0,0,0,0,0,0
54,10018649925317144938,0,0,0,0,0,0,0,0,0,0,0,0,0,0,0,0,0,0,0,0,0,0,1003,0,2,9079,0,0,0,9061,0,0,0,33,2594,0,0,0,0,0,18,0,0,0,0,2596,_history_tree_16_removes,3045,0,0,0,0,0,0,2598,2596,0,0,0,5194,0,0,0,0,0,2,0,0,0,0,0,0,0
54,10018649925317144938,0,0,0,0,0,0,0,0,0,0,0,0,0,0,0,0,0,0,0,0,0,0,348,0,2358,143484,0,0,0,71536,0,0,0,34,10684,2705,0,0,0,0,206,0,0,0,0,6385,_history_tree_17_updates,4069,0,0,0,0,0,0,15399,12770,0,0,0,21784,0,0,0,0,0,2357,0,0,0,0,0,0,0
54,10018649925317144938,0,0,0,0,0,0,0,0,0,0,0,0,0,0,0,0,0,0,0,0,0,0,815,0,20,8841,0,0,0,8829,0,0,0,35,2522,14,0,0,0,0,12,0,0,0,0,2542,_history_tree_17_removes,2933,0,0,0,0,0,0,2562,2542,0,0,0,5104,0,0,0,0,0,20,0,0,0,0,0,0,0
54,10018649925317144938,0,0,0,0,0,0,0,0,0,0,0,0,0,0,0,0,0,0,0,0,0,0,312,0,2355,67559,0,0,0,67326,0,0,0,36,312,817,0,0,0,0,233,0,0,0,0,2660,_history_tree_18_updates,1966,0,0,0,0,0,0,5023,2660,0,0,0,7683,0,0,0,0,0,2356,0,0,0,0,0,0,0
54,10018649925317144938,0,0,0,0,0,0,0,0,0,0,0,0,0,0,0,0,0,0,0,0,0,0,1024,0,5,9176,0,0,0,9161,0,0,0,37,2566,1,0,0,0,0,12,0,0,0,0,2571,_history_tree_18_removes,3006,0,0,0,0,0,0,2576,2571,0,0,0,5145,0,0,0,0,0,5,0,0,0,0,0,0,0
54,10018649925317144938,0,0,0,0,0,0,0,0,0,0,0,0,0,0,0,0,0,0,0,0,0,0,360,0,2395,69198,0,0,0,68986,0,0,0,38,360,874,0,0,0,0,211,0,0,0,0,2692,_history_tree_19_updates,2003,0,0,0,0,0,0,5149,2692,0,0,0,7841,0,0,0,0,0,2394,0,0,0,0,0,0,0
54,10018649925317144938,0,0,0,0,0,0,0,0,0,0,0,0,0,0,0,0,0,0,0,0,0,0,1022,0,7,9585,0,0,0,9567,0,0,0,39,2522,3,0,0,0,0,18,0,0,0,0,2529,_history_tree_19_removes,2982,0,0,0,0,0,0,2536,2529,0,0,0,5065,0,0,0,0,0,7,0,0,0,0,0,0,0
54,10018649925317144938,49004,0,0,0,0,0,45411,0,0,0,0,0,0,0,0,0,0,0,0,0,0,0,0,0,0,293939,0,0,0,96429,0,0,0,40,0,0,0,0,0,0,2137,0,0,94416,0,0,warehouse,0,0,0,0,0,0,0,0,0,0,0,0,0,194980,0,0,194982,0,0,0,0,0,94418,0,0,0
54,10018649925317144938,0,0,0,0,0,0,0,0,0,0,0,0,0,0,0,0,0,0,0,0,0,0,0,0,0,0,0,0,0,0,0,0,0,41,0,0,0,0,0,0,0,0,0,0,0,0,_warehouse_graveyard,0,0,0,0,0,0,0,0,0,0,0,0,0,0,0,0,0,0,0,0,0,0,0,0,0,0
54,10018649925317144938,96921,0,0,0,0,0,94984,0,0,0,0,0,0,0,0,0,0,0,0,0,0,0,0,0,3,298429,0,0,0,194051,0,0,0,42,0,0,0,0,0,0,1007,0,0,191914,0,0,district,0,0,0,0,0,0,0,3,0,0,0,0,3,103322,0,0,103322,3,0,0,0,0,191916,0,0,0
54,10018649925317144938,0,0,0,0,0,0,0,0,0,0,0,0,0,0,0,0,0,0,0,0,0,0,0,0,0,0,0,0,0,0,0,0,0,43,0,0,0,0,0,0,0,0,0,0,0,0,_district_graveyard,0,0,0,0,0,0,0,0,0,0,0,0,0,0,0,0,0,0,0,0,0,0,0,0,0,0
54,10018649925317144938,62882,0,0,0,0,0,59017,0,0,0,0,0,0,0,0,0,0,0,0,0,0,0,0,0,0,786852,0,0,0,121900,0,0,0,44,0,0,0,0,0,0,8,0,0,121897,0,0,customer,0,0,0,0,0,0,0,0,0,0,0,0,0,140375,0,0,140377,0,0,0,0,0,121895,0,0,0
54,10018649925317144938,0,0,0,0,0,0,0,0,0,0,0,0,0,0,0,0,0,0,0,0,0,0,0,0,0,0,0,0,0,0,0,0,0,45,0,0,0,0,0,0,0,0,0,0,0,0,_customer_graveyard,0,0,0,0,0,0,0,0,0,0,0,0,0,0,0,0,0,0,0,0,0,0,0,0,0,0
54,10018649925317144938,0,0,0,0,0,0,0,0,0,0,0,0,0,0,0,0,0,0,0,0,0,0,0,0,0,184739,0,0,0,0,0,0,0,46,0,0,0,0,0,0,61579,0,0,0,0,0,customerwdl,0,0,0,0,0,0,0,0,0,0,0,61579,0,61579,0,0,61578,0,0,0,0,0,0,0,0,0
54,10018649925317144938,0,0,0,0,0,0,0,0,0,0,0,0,0,0,0,0,0,0,0,0,0,0,0,0,0,0,0,0,0,0,0,0,0,47,0,0,0,0,0,0,0,0,0,0,0,0,_customerwdl_graveyard,0,0,0,0,0,0,0,0,0,0,0,0,0,0,0,0,0,0,0,0,0,0,0,0,0,0
54,10018649925317144938,0,0,0,0,0,0,0,0,0,0,0,0,0,0,0,0,0,0,0,0,0,0,0,0,2229,118776,0,0,0,39593,0,0,0,48,0,0,0,0,0,0,0,0,0,0,0,0,history,0,0,0,0,0,0,0,2256,0,0,0,0,2256,0,0,0,0,0,0,0,0,0,0,0,0,0
54,10018649925317144938,0,0,0,0,0,0,0,0,0,0,0,0,0,0,0,0,0,0,0,0,0,0,0,0,0,0,0,0,0,0,0,0,0,49,0,0,0,0,0,0,0,0,0,0,0,0,_history_graveyard,0,0,0,0,0,0,0,0,0,0,0,0,0,0,0,0,0,0,0,0,0,0,0,0,0,0
54,10018649925317144938,42296,84542,0,84540,0,0,42217,0,0,0,0,0,0,0,0,0,0,0,0,0,0,0,54727,0,2065,1139810,0,0,0,269949,0,9694,0,50,97,0,0,0,0,0,109970,0,0,0,0,0,neworder,89590,9694,0,0,0,0,0,3938,68,0,0,84792,3939,94486,0,0,94486,0,1774,0,0,0,0,0,0,0
54,10018649925317144938,0,0,0,0,0,0,0,0,0,0,0,0,0,0,0,0,0,0,0,0,0,0,0,0,0,0,0,0,0,0,0,0,0,51,0,0,0,0,0,0,0,0,0,0,0,0,_neworder_graveyard,0,0,0,0,0,0,0,0,0,0,0,0,0,0,0,0,0,0,0,0,0,0,0,0,0,0
54,10018649925317144938,42352,0,0,0,0,0,42149,0,0,0,0,0,0,0,0,0,0,0,0,0,0,0,0,0,4304,826169,0,0,0,187354,0,0,0,52,0,0,0,0,0,0,0,0,0,84498,0,0,order,0,0,0,0,0,0,0,4309,0,0,0,0,4309,88035,0,0,88035,0,0,0,0,0,84497,0,0,0
54,10018649925317144938,0,0,0,0,0,0,0,0,0,0,0,0,0,0,0,0,0,0,0,0,0,0,0,0,0,0,0,0,0,0,0,0,0,53,0,0,0,0,0,0,0,0,0,0,0,0,_order_graveyard,0,0,0,0,0,0,0,0,0,0,0,0,0,0,0,0,0,0,0,0,0,0,0,0,0,0
54,10018649925317144938,0,0,0,0,0,0,0,0,0,0,0,0,0,0,0,0,3537,0,0,0,0,0,0,0,1435,310559,0,0,0,99984,0,0,0,54,0,0,0,0,0,0,3536,0,0,0,0,0,order_wdc,0,0,0,0,0,0,0,1437,0,0,0,0,1437,3536,0,0,3535,0,0,0,0,0,0,0,0,0
54,10018649925317144938,0,0,0,0,0,0,0,0,0,0,0,0,0,0,0,0,0,0,0,0,0,0,0,0,0,0,0,0,0,0,0,0,0,55,0,0,0,0,0,0,0,0,0,0,0,0,_order_wdc_graveyard,0,0,0,0,0,0,0,0,0,0,0,0,0,0,0,0,0,0,0,0,0,0,0,0,0,0
54,10018649925317144938,427180,0,0,0,0,0,417303,0,0,0,0,0,0,0,0,0,0,0,0,0,0,0,99790,0,58662,7593454,0,0,0,1885837,0,1111,0,56,0,0,0,0,0,0,12527,0,0,844433,0,0,orderline,1813117,1111,0,0,0,0,0,59573,0,0,0,12429,59573,1825665,0,0,1825713,0,0,0,0,0,844430,0,0,0
54,10018649925317144938,0,0,0,0,0,0,0,0,0,0,0,0,0,0,0,0,0,0,0,0,0,0,0,0,0,0,0,0,0,0,0,0,0,57,0,0,0,0,0,0,0,0,0,0,0,0,_orderline_graveyard,0,0,0,0,0,0,0,0,0,0,0,0,0,0,0,0,0,0,0,0,0,0,0,0,0,0
54,10018649925317144938,0,0,0,0,0,0,0,0,0,0,0,0,0,0,0,0,0,0,0,0,0,0,0,0,0,1965273,0,0,0,0,0,0,0,58,0,0,0,0,0,0,0,0,0,0,0,0,item,0,0,0,0,0,0,0,0,0,0,0,0,0,982563,0,0,982559,0,0,0,0,0,0,0,0,0
55,10018649925317144938,0,0,0,0,0,0,0,0,0,0,0,0,0,0,0,0,0,0,0,0,0,0,0,0,0,0,0,0,0,0,0,0,0,61,0,0,0,0,0,0,0,0,0,0,0,0,_stock_graveyard,0,0,0,0,0,0,0,0,0,0,0,0,0,0,0,0,0,0,0,0,0,0,0,0,0,0
55,10018649925317144938,502334,0,0,0,0,0,490224,0,0,0,0,0,0,0,0,0,0,0,0,0,0,0,0,0,0,15112523,0,0,0,993626,0,0,0,60,0,0,0,0,0,0,1104,0,0,992556,0,0,stock,0,0,0,0,0,0,0,0,0,0,0,0,0,2783422,0,0,2783425,0,0,0,0,0,992562,0,0,0
55,10018649925317144938,0,0,0,0,0,0,0,0,0,0,0,0,0,0,0,0,0,0,0,0,0,0,0,0,0,0,0,0,0,0,0,0,0,59,0,0,0,0,0,0,0,0,0,0,0,0,_item_graveyard,0,0,0,0,0,0,0,0,0,0,0,0,0,0,0,0,0,0,0,0,0,0,0,0,0,0
55,10018649925317144938,0,0,0,0,0,0,0,0,0,0,0,0,0,0,0,0,0,0,0,0,0,0,324,0,2346,67202,0,0,0,67018,0,0,0,28,324,752,0,0,0,0,183,0,0,0,0,2668,_history_tree_14_updates,2050,0,0,0,0,0,0,5014,2668,0,0,0,7682,0,0,0,0,0,2344,0,0,0,0,0,0,0
55,10018649925317144938,0,0,0,0,0,0,0,0,0,0,0,0,0,0,0,0,0,0,0,0,0,0,1012,0,7,9436,0,0,0,9425,0,0,0,27,2753,2,0,0,0,0,11,0,0,0,0,2760,_history_tree_13_removes,3207,0,0,0,0,0,0,2767,2760,0,0,0,5527,0,0,0,0,0,7,0,0,0,0,0,0,0
55,10018649925317144938,0,0,0,0,0,0,0,0,0,0,0,0,0,0,0,0,0,0,0,0,0,0,338,0,2386,68412,0,0,0,68204,0,0,0,26,338,799,0,0,0,0,206,0,0,0,0,2717,_history_tree_13_updates,2047,0,0,0,0,0,0,5113,2717,0,0,0,7830,0,0,0,0,0,2389,0,0,0,0,0,0,0
55,10018649925317144938,0,0,0,0,0,0,0,0,0,0,0,0,0,0,0,0,0,0,0,0,0,0,1010,0,10,9535,0,0,0,9519,0,0,0,25,2580,4,0,0,0,0,17,0,0,0,0,2590,_history_tree_12_removes,3053,0,0,0,0,0,0,2600,2590,0,0,0,5190,0,0,0,0,0,10,0,0,0,0,0,0,0
55,10018649925317144938,0,0,0,0,0,0,0,0,0,0,0,0,0,0,0,0,0,0,0,0,0,0,334,0,2389,68674,0,0,0,68468,0,0,0,24,334,869,0,0,0,0,205,0,0,0,0,2701,_history_tree_12_updates,1986,0,0,0,0,0,0,5112,2701,0,0,0,7813,0,0,0,0,0,2389,0,0,0,0,0,0,0
55,10018649925317144938,0,0,0,0,0,0,0,0,0,0,0,0,0,0,0,0,0,0,0,0,0,0,982,0,6,9146,0,0,0,9131,0,0,0,23,2579,1,0,0,0,0,16,0,0,0,0,2585,_history_tree_11_removes,3045,0,0,0,0,0,0,2591,2585,0,0,0,5176,0,0,0,0,0,6,0,0,0,0,0,0,0
55,10018649925317144938,0,0,0,0,0,0,0,0,0,0,0,0,0,0,0,0,0,0,0,0,0,0,359,0,2381,68096,0,0,0,67877,0,0,0,22,359,845,0,0,0,0,220,0,0,0,0,2704,_history_tree_11_updates,2026,0,0,0,0,0,0,5121,2704,0,0,0,7825,0,0,0,0,0,2381,0,0,0,0,0,0,0
55,10018649925317144938,0,0,0,0,0,0,0,0,0,0,0,0,0,0,0,0,0,0,0,0,0,0,1014,0,4,9352,0,0,0,9328,0,0,0,21,2727,0,0,0,0,0,24,0,0,0,0,2731,_history_tree_10_removes,3179,0,0,0,0,0,0,2735,2731,0,0,0,5466,0,0,0,0,0,4,0,0,0,0,0,0,0
55,10018649925317144938,0,0,0,0,0,0,0,0,0,0,0,0,0,0,0,0,0,0,0,0,0,0,318,0,2379,68252,0,0,0,68024,0,0,0,20,318,783,0,0,0,0,224,0,0,0,0,2696,_history_tree_10_updates,2042,0,0,0,0,0,0,5075,2696,0,0,0,7771,0,0,0,0,0,2378,0,0,0,0,0,0,0
55,10018649925317144938,0,0,0,0,0,0,0,0,0,0,0,0,0,0,0,0,0,0,0,0,0,0,1020,0,8,9447,0,0,0,9431,0,0,0,19,2620,3,0,0,0,0,16,0,0,0,0,2629,_history_tree_9_removes,3084,0,0,0,0,0,0,2637,2629,0,0,0,5266,0,0,0,0,0,8,0,0,0,0,0,0,0
55,10018649925317144938,0,0,0,0,0,0,0,0,0,0,0,0,0,0,0,0,0,0,0,0,0,0,334,0,2397,68868,0,0,0,68654,0,0,0,18,334,809,0,0,0,0,214,0,0,0,0,2730,_history_tree_9_updates,2048,0,0,0,0,0,0,5129,2730,0,0,0,7858,0,0,0,0,0,2398,0,0,0,0,0,0,0
55,10018649925317144938,0,0,0,0,0,0,0,0,0,0,0,0,0,0,0,0,0,0,0,0,0,0,1078,0,7,9685,0,0,0,9669,0,0,0,17,2622,2,0,0,0,0,16,0,0,0,0,2629,_history_tree_8_removes,3062,0,0,0,0,0,0,2636,2629,0,0,0,5265,0,0,0,0,0,7,0,0,0,0,0,0,0
55,10018649925317144938,0,0,0,0,0,0,0,0,0,0,0,0,0,0,0,0,0,0,0,0,0,0,309,0,2397,69193,0,0,0,68967,0,0,0,16,309,828,0,0,0,0,227,0,0,0,0,2700,_history_tree_8_updates,1982,0,0,0,0,0,0,5102,2700,0,0,0,7802,0,0,0,0,0,2396,0,0,0,0,0,0,0
55,10018649925317144938,0,0,0,0,0,0,0,0,0,0,0,0,0,0,0,0,0,0,0,0,0,0,956,0,8,9181,0,0,0,9166,0,0,0,15,2704,4,0,0,0,0,15,0,0,0,0,2712,_history_tree_7_removes,3151,0,0,0,0,0,0,2720,2712,0,0,0,5432,0,0,0,0,0,8,0,0,0,0,0,0,0
55,10018649925317144938,0,0,0,0,0,0,0,0,0,0,0,0,0,0,0,0,0,0,0,0,0,0,345,0,2357,67525,0,0,0,67315,0,0,0,14,345,780,0,0,0,0,206,0,0,0,0,2662,_history_tree_7_updates,2053,0,0,0,0,0,0,5059,2663,0,0,0,7722,0,0,0,0,0,2357,0,0,0,0,0,0,0
55,10018649925317144938,0,0,0,0,0,0,0,0,0,0,0,0,0,0,0,0,0,0,0,0,0,0,987,0,6,9388,0,0,0,9373,0,0,0,13,2636,1,0,0,0,0,15,0,0,0,0,2642,_history_tree_6_removes,3078,0,0,0,0,0,0,2648,2642,0,0,0,5290,0,0,0,0,0,6,0,0,0,0,0,0,0
55,10018649925317144938,0,0,0,0,0,0,0,0,0,0,0,0,0,22172009,22861283,0,0,0,0,0,0,0,311,0,2411,69320,0,0,0,69100,0,0,0,0,311,826,0,0,0,0,215,0,0,0,0,2712,_history_tree_0_updates,2027,0,1502814,0,0,0,0,5134,2712,0,0,0,7845,0,0,0,0,0,2412,0,0,0,0,717730,0,0
55,10018649925317144938,0,0,0,0,0,0,0,0,0,0,0,0,0,0,0,0,0,0,0,0,0,0,1041,0,6,9615,0,0,0,9597,0,0,0,1,2673,2,0,0,0,0,18,0,0,0,0,2679,_history_tree_0_removes,3131,0,0,0,0,0,0,2685,2679,0,0,0,5364,0,0,0,0,0,6,0,0,0,0,0,0,0
55,10018649925317144938,0,0,0,0,0,0,0,0,0,0,0,0,0,0,0,0,0,0,0,0,0,0,339,0,2367,67913,0,0,0,67705,0,0,0,2,339,830,0,0,0,0,206,0,0,0,0,2704,_history_tree_1_updates,1990,0,0,0,0,0,0,5071,2704,0,0,0,7775,0,0,0,0,0,2365,0,0,0,0,0,0,0
55,10018649925317144938,0,0,0,0,0,0,0,0,0,0,0,0,0,0,0,0,0,0,0,0,0,0,1014,0,6,9330,0,0,0,9310,0,0,0,3,2652,2,0,0,0,0,20,0,0,0,0,2658,_history_tree_1_removes,3095,0,0,0,0,0,0,2664,2658,0,0,0,5324,0,0,0,0,0,6,0,0,0,0,0,0,0
55,10018649925317144938,0,0,0,0,0,0,0,0,0,0,0,0,0,0,0,0,0,0,0,0,0,0,326,0,2401,69070,0,0,0,68875,0,0,0,4,326,821,0,0,0,0,194,0,0,0,0,2723,_history_tree_2_updates,2035,0,0,0,0,0,0,5130,2723,0,0,0,7853,0,0,0,0,0,2403,0,0,0,0,0,0,0
55,10018649925317144938,0,0,0,0,0,0,0,0,0,0,0,0,0,0,0,0,0,0,0,0,0,0,1050,0,8,9569,0,0,0,9554,0,0,0,5,2666,3,0,0,0,0,15,0,0,0,0,2674,_history_tree_2_removes,3125,0,0,0,0,0,0,2682,2674,0,0,0,5356,0,0,0,0,0,8,0,0,0,0,0,0,0
55,10018649925317144938,0,0,0,0,0,0,0,0,0,0,0,0,0,0,0,0,0,0,0,0,0,0,331,0,2391,68404,0,0,0,68229,0,0,0,6,331,817,0,0,0,0,176,0,0,0,0,2701,_history_tree_3_updates,2021,0,0,0,0,0,0,5115,2701,0,0,0,7816,0,0,0,0,0,2393,0,0,0,0,0,0,0
55,10018649925317144938,0,0,0,0,0,0,0,0,0,0,0,0,0,0,0,0,0,0,0,0,0,0,991,0,7,9367,0,0,0,9354,0,0,0,7,2722,3,0,0,0,0,13,0,0,0,0,2729,_history_tree_3_removes,3167,0,0,0,0,0,0,2736,2729,0,0,0,5465,0,0,0,0,0,7,0,0,0,0,0,0,0
55,10018649925317144938,0,0,0,0,0,0,0,0,0,0,0,0,0,0,0,0,0,0,0,0,0,0,360,0,2359,67404,0,0,0,67195,0,0,0,8,361,781,0,0,0,0,208,0,0,0,0,2682,_history_tree_4_updates,2049,0,0,0,0,0,0,5078,2682,0,0,0,7760,0,0,0,0,0,2358,0,0,0,0,0,0,0
55,10018649925317144938,0,0,0,0,0,0,0,0,0,0,0,0,0,0,0,0,0,0,0,0,0,0,990,0,5,9056,0,0,0,9038,0,0,0,9,2677,1,0,0,0,0,18,0,0,0,0,2682,_history_tree_4_removes,3123,0,0,0,0,0,0,2687,2682,0,0,0,5369,0,0,0,0,0,5,0,0,0,0,0,0,0
55,10018649925317144938,0,0,0,0,0,0,0,0,0,0,0,0,0,0,0,0,0,0,0,0,0,0,385,0,2360,67548,0,0,0,67328,0,0,0,10,385,806,0,0,0,0,219,0,0,0,0,2745,_history_tree_5_updates,2047,0,0,0,0,0,0,5104,2745,0,0,0,7849,0,0,0,0,0,2359,0,0,0,0,0,0,0
55,10018649925317144938,0,0,0,0,0,0,0,0,0,0,0,0,0,0,0,0,0,0,0,0,0,0,975,0,8,9041,0,0,0,9027,0,0,0,11,2631,3,0,0,0,0,15,0,0,0,0,2639,_history_tree_5_removes,3098,0,0,0,0,0,0,2647,2639,0,0,0,5284,0,0,0,0,0,8,0,0,0,0,0,0,0
55,10018649925317144938,0,0,0,0,0,0,0,0,0,0,0,0,0,0,0,0,0,0,0,0,0,0,344,0,2428,69395,0,0,0,69170,0,0,0,12,344,898,0,0,0,0,225,0,0,0,0,2667,_history_tree_6_updates,1987,0,0,0,0,0,0,5200,2667,0,0,0,7867,0,0,0,0,0,2428,0,0,0,0,0,0,0
55,10018649925317144938,0,0,0,0,0,0,0,0,0,0,0,0,0,0,0,0,0,0,0,0,0,0,1028,0,5,9197,0,0,0,9184,0,0,0,29,2678,1,0,0,0,0,13,0,0,0,0,2684,_history_tree_14_removes,3145,0,0,0,0,0,0,2689,2684,0,0,0,5373,0,0,0,0,0,5,0,0,0,0,0,0,0
55,10018649925317144938,0,0,0,0,0,0,0,0,0,0,0,0,0,0,0,0,0,0,0,0,0,0,339,0,2384,68360,0,0,0,68150,0,0,0,30,339,862,0,0,0,0,210,0,0,0,0,2719,_history_tree_15_updates,1982,0,0,0,0,0,0,5107,2719,0,0,0,7826,0,0,0,0,0,2384,0,0,0,0,0,0,0
55,10018649925317144938,0,0,0,0,0,0,0,0,0,0,0,0,0,0,0,0,0,0,0,0,0,0,1005,0,7,9363,0,0,0,9353,0,0,0,31,2631,2,0,0,0,0,10,0,0,0,0,2639,_history_tree_15_removes,3083,0,0,0,0,0,0,2646,2638,0,0,0,5283,0,0,0,0,0,7,0,0,0,0,0,0,0
55,10018649925317144938,0,0,0,0,0,0,0,0,0,0,0,0,0,0,0,0,0,0,0,0,0,0,368,0,2367,67877,0,0,0,67667,0,0,0,32,369,835,0,0,0,0,211,0,0,0,0,2727,_history_tree_16_updates,2035,0,0,0,0,0,0,5102,2727,0,0,0,7829,0,0,0,0,0,2365,0,0,0,0,0,0,0
55,10018649925317144938,0,0,0,0,0,0,0,0,0,0,0,0,0,0,0,0,0,0,0,0,0,0,1014,0,8,9319,0,0,0,9308,0,0,0,33,2643,3,0,0,0,0,11,0,0,0,0,2651,_history_tree_16_removes,3082,0,0,0,0,0,0,2659,2651,0,0,0,5310,0,0,0,0,0,8,0,0,0,0,0,0,0
55,10018649925317144938,0,0,0,0,0,0,0,0,0,0,0,0,0,0,0,0,0,0,0,0,0,0,369,0,2363,144262,0,0,0,71940,0,0,0,34,10712,2733,0,0,0,0,191,0,0,0,0,6403,_history_tree_17_updates,4072,0,0,0,0,0,0,15441,12808,0,0,0,21845,0,0,0,0,0,2364,0,0,0,0,0,0,0
55,10018649925317144938,0,0,0,0,0,0,0,0,0,0,0,0,0,0,0,0,0,0,0,0,0,0,847,0,21,9078,0,0,0,9070,0,0,0,35,2521,13,0,0,0,0,8,0,0,0,0,2542,_history_tree_17_removes,2966,0,0,0,0,0,0,2563,2542,0,0,0,5105,0,0,0,0,0,21,0,0,0,0,0,0,0
55,10018649925317144938,0,0,0,0,0,0,0,0,0,0,0,0,0,0,0,0,0,0,0,0,0,0,353,0,2404,69876,0,0,0,69664,0,0,0,36,353,853,0,0,0,0,211,0,0,0,0,2758,_history_tree_18_updates,2010,0,0,0,0,0,0,5161,2758,0,0,0,7919,0,0,0,0,0,2405,0,0,0,0,0,0,0
55,10018649925317144938,0,0,0,0,0,0,0,0,0,0,0,0,0,0,0,0,0,0,0,0,0,0,1111,0,3,10031,0,0,0,10015,0,0,0,37,2601,0,0,0,0,0,16,0,0,0,0,2604,_history_tree_18_removes,3051,0,0,0,0,0,0,2607,2604,0,0,0,5211,0,0,0,0,0,3,0,0,0,0,0,0,0
55,10018649925317144938,0,0,0,0,0,0,0,0,0,0,0,0,0,0,0,0,0,0,0,0,0,0,364,0,2341,67203,0,0,0,66977,0,0,0,38,364,785,0,0,0,0,224,0,0,0,0,2664,_history_tree_19_updates,2052,0,0,0,0,0,0,5046,2664,0,0,0,7710,0,0,0,0,0,2341,0,0,0,0,0,0,0
55,10018649925317144938,0,0,0,0,0,0,0,0,0,0,0,0,0,0,0,0,0,0,0,0,0,0,1034,0,4,9216,0,0,0,9197,0,0,0,39,2634,2,0,0,0,0,19,0,0,0,0,2638,_history_tree_19_removes,3102,0,0,0,0,0,0,2642,2638,0,0,0,5280,0,0,0,0,0,4,0,0,0,0,0,0,0
55,10018649925317144938,49272,0,0,0,0,0,45999,0,0,0,0,0,0,0,0,0,0,0,0,0,0,0,0,0,0,296628,0,0,0,97257,0,0,0,40,0,0,0,0,0,0,2044,0,0,95271,0,0,warehouse,0,0,0,0,0,0,0,0,0,0,0,0,0,196915,0,0,196915,0,0,0,0,0,95273,0,0,0
55,10018649925317144938,0,0,0,0,0,0,0,0,0,0,0,0,0,0,0,0,0,0,0,0,0,0,0,0,0,0,0,0,0,0,0,0,0,41,0,0,0,0,0,0,0,0,0,0,0,0,_warehouse_graveyard,0,0,0,0,0,0,0,0,0,0,0,0,0,0,0,0,0,0,0,0,0,0,0,0,0,0
55,10018649925317144938,98120,0,0,0,0,0,95726,0,0,0,0,0,0,0,0,0,0,0,0,0,0,0,0,0,1,301329,0,0,0,196017,0,0,0,42,0,0,0,0,0,0,1025,0,0,193839,0,0,district,0,0,0,0,0,0,0,1,0,0,0,0,1,104225,0,0,104224,1,0,0,0,0,193842,0,0,0
55,10018649925317144938,0,0,0,0,0,0,0,0,0,0,0,0,0,0,0,0,0,0,0,0,0,0,0,0,0,0,0,0,0,0,0,0,0,43,0,0,0,0,0,0,0,0,0,0,0,0,_district_graveyard,0,0,0,0,0,0,0,0,0,0,0,0,0,0,0,0,0,0,0,0,0,0,0,0,0,0
55,10018649925317144938,63598,0,0,0,0,0,60783,0,0,0,0,0,0,0,0,0,0,0,0,0,0,0,0,0,0,798918,0,0,0,124393,0,0,0,44,0,0,0,0,0,0,5,0,0,124386,0,0,customer,0,0,0,0,0,0,0,0,0,0,0,0,0,141906,0,0,141903,0,0,0,0,0,124391,0,0,0
55,10018649925317144938,0,0,0,0,0,0,0,0,0,0,0,0,0,0,0,0,0,0,0,0,0,0,0,0,0,0,0,0,0,0,0,0,0,45,0,0,0,0,0,0,0,0,0,0,0,0,_customer_graveyard,0,0,0,0,0,0,0,0,0,0,0,0,0,0,0,0,0,0,0,0,0,0,0,0,0,0
55,10018649925317144938,0,0,0,0,0,0,0,0,0,0,0,0,0,0,0,0,0,0,0,0,0,0,0,0,0,185958,0,0,0,0,0,0,0,46,0,0,0,0,0,0,61988,0,0,0,0,0,customerwdl,0,0,0,0,0,0,0,0,0,0,0,61989,0,61989,0,0,61989,0,0,0,0,0,0,0,0,0
55,10018649925317144938,0,0,0,0,0,0,0,0,0,0,0,0,0,0,0,0,0,0,0,0,0,0,0,0,0,0,0,0,0,0,0,0,0,47,0,0,0,0,0,0,0,0,0,0,0,0,_customerwdl_graveyard,0,0,0,0,0,0,0,0,0,0,0,0,0,0,0,0,0,0,0,0,0,0,0,0,0,0
55,10018649925317144938,0,0,0,0,0,0,0,0,0,0,0,0,0,0,0,0,0,0,0,0,0,0,0,0,2237,119712,0,0,0,39904,0,0,0,48,0,0,0,0,0,0,0,0,0,0,0,0,history,0,0,0,0,0,0,0,2263,0,0,0,0,2263,0,0,0,0,0,0,0,0,0,0,0,0,0
55,10018649925317144938,0,0,0,0,0,0,0,0,0,0,0,0,0,0,0,0,0,0,0,0,0,0,0,0,0,0,0,0,0,0,0,0,0,49,0,0,0,0,0,0,0,0,0,0,0,0,_history_graveyard,0,0,0,0,0,0,0,0,0,0,0,0,0,0,0,0,0,0,0,0,0,0,0,0,0,0
55,10018649925317144938,43442,86700,0,86700,0,0,43332,0,0,0,0,0,0,0,0,0,0,0,0,0,0,0,55551,0,2124,1165993,0,0,0,275595,0,10912,0,50,71,0,0,0,0,0,113055,0,0,0,0,0,neworder,92418,10912,0,0,0,0,0,4035,57,0,0,87085,4035,97996,0,0,97995,0,1841,0,0,0,0,0,0,0
55,10018649925317144938,0,0,0,0,0,0,0,0,0,0,0,0,0,0,0,0,0,0,0,0,0,0,0,0,0,0,0,0,0,0,0,0,0,51,0,0,0,0,0,0,0,0,0,0,0,0,_neworder_graveyard,0,0,0,0,0,0,0,0,0,0,0,0,0,0,0,0,0,0,0,0,0,0,0,0,0,0
55,10018649925317144938,43993,0,0,0,0,0,42787,0,0,0,0,0,0,0,0,0,0,0,0,0,0,0,0,0,4331,843742,0,0,0,190814,0,0,0,52,0,0,0,0,0,0,0,0,0,86785,0,0,order,0,0,0,0,0,0,0,4335,0,0,0,0,4335,90439,0,0,90440,0,0,0,0,0,86787,0,0,0
55,10018649925317144938,0,0,0,0,0,0,0,0,0,0,0,0,0,0,0,0,0,0,0,0,0,0,0,0,0,0,0,0,0,0,0,0,0,53,0,0,0,0,0,0,0,0,0,0,0,0,_order_graveyard,0,0,0,0,0,0,0,0,0,0,0,0,0,0,0,0,0,0,0,0,0,0,0,0,0,0
55,10018649925317144938,0,0,0,0,0,0,0,0,0,0,0,0,0,0,0,0,3657,0,0,0,0,0,0,0,1449,314415,0,0,0,101146,0,0,0,54,0,0,0,0,0,0,3657,0,0,0,0,0,order_wdc,0,0,0,0,0,0,0,1454,0,0,0,0,1454,3657,0,0,3657,0,0,0,0,0,0,0,0,0
55,10018649925317144938,0,0,0,0,0,0,0,0,0,0,0,0,0,0,0,0,0,0,0,0,0,0,0,0,0,0,0,0,0,0,0,0,0,55,0,0,0,0,0,0,0,0,0,0,0,0,_order_wdc_graveyard,0,0,0,0,0,0,0,0,0,0,0,0,0,0,0,0,0,0,0,0,0,0,0,0,0,0
55,10018649925317144938,438837,0,0,0,0,0,428754,0,0,0,0,0,0,0,0,0,0,0,0,0,0,0,100528,0,59201,7725212,0,0,0,1918602,0,1102,0,56,0,0,0,0,0,0,12686,0,0,867584,0,0,orderline,1827603,1102,0,0,0,0,0,60126,0,0,0,12616,60126,1840085,0,0,1840037,0,0,0,0,0,867550,0,0,0
55,10018649925317144938,0,0,0,0,0,0,0,0,0,0,0,0,0,0,0,0,0,0,0,0,0,0,0,0,0,0,0,0,0,0,0,0,0,57,0,0,0,0,0,0,0,0,0,0,0,0,_orderline_graveyard,0,0,0,0,0,0,0,0,0,0,0,0,0,0,0,0,0,0,0,0,0,0,0,0,0,0
55,10018649925317144938,0,0,0,0,0,0,0,0,0,0,0,0,0,0,0,0,0,0,0,0,0,0,0,0,0,1983548,0,0,0,0,0,0,0,58,0,0,0,0,0,0,0,0,0,0,0,0,item,0,0,0,0,0,0,0,0,0,0,0,0,0,991806,0,0,991803,0,0,0,0,0,0,0,0,0
56,10018649925317144938,0,0,0,0,0,0,0,0,0,0,0,0,0,0,0,0,0,0,0,0,0,0,0,0,0,0,0,0,0,0,0,0,0,61,0,0,0,0,0,0,0,0,0,0,0,0,_stock_graveyard,0,0,0,0,0,0,0,0,0,0,0,0,0,0,0,0,0,0,0,0,0,0,0,0,0,0
56,10018649925317144938,499792,0,0,0,0,0,487889,0,0,0,0,0,0,0,0,0,0,0,0,0,0,0,0,0,0,15063331,0,0,0,988648,0,0,0,60,0,0,0,0,0,0,1111,0,0,987608,0,0,stock,0,0,0,0,0,0,0,0,0,0,0,0,0,2775899,0,0,2775878,0,0,0,0,0,987560,0,0,0
56,10018649925317144938,0,0,0,0,0,0,0,0,0,0,0,0,0,0,0,0,0,0,0,0,0,0,0,0,0,0,0,0,0,0,0,0,0,59,0,0,0,0,0,0,0,0,0,0,0,0,_item_graveyard,0,0,0,0,0,0,0,0,0,0,0,0,0,0,0,0,0,0,0,0,0,0,0,0,0,0
56,10018649925317144938,0,0,0,0,0,0,0,0,0,0,0,0,0,0,0,0,0,0,0,0,0,0,340,0,2380,67974,0,0,0,67764,0,0,0,28,340,780,0,0,0,0,206,0,0,0,0,2662,_history_tree_14_updates,2026,0,0,0,0,0,0,5056,2662,0,0,0,7718,0,0,0,0,0,2336,0,0,0,0,0,0,0
56,10018649925317144938,0,0,0,0,0,0,0,0,0,0,0,0,0,0,0,0,0,0,0,0,0,0,987,0,7,8998,0,0,0,8981,0,0,0,27,2640,1,0,0,0,0,17,0,0,0,0,2646,_history_tree_13_removes,3072,0,0,0,0,0,0,2653,2646,0,0,0,5299,0,0,0,0,0,6,0,0,0,0,0,0,0
56,10018649925317144938,0,0,0,0,0,0,0,0,0,0,0,0,0,0,0,0,0,0,0,0,0,0,330,0,2347,67115,0,0,0,66915,0,0,0,26,330,748,0,0,0,0,199,0,0,0,0,2628,_history_tree_13_updates,2010,0,0,0,0,0,0,4988,2628,0,0,0,7616,0,0,0,0,0,2311,0,0,0,0,0,0,0
56,10018649925317144938,0,0,0,0,0,0,0,0,0,0,0,0,0,0,0,0,0,0,0,0,0,0,942,0,8,8881,0,0,0,8872,0,0,0,25,2626,2,0,0,0,0,8,0,0,0,0,2633,_history_tree_12_removes,3061,0,0,0,0,0,0,2641,2633,0,0,0,5274,0,0,0,0,0,7,0,0,0,0,0,0,0
56,10018649925317144938,0,0,0,0,0,0,0,0,0,0,0,0,0,0,0,0,0,0,0,0,0,0,351,0,2337,66635,0,0,0,66416,0,0,0,24,351,751,0,0,0,0,217,0,0,0,0,2643,_history_tree_12_updates,2028,0,0,0,0,0,0,4999,2643,0,0,0,7642,0,0,0,0,0,2311,0,0,0,0,0,0,0
56,10018649925317144938,0,0,0,0,0,0,0,0,0,0,0,0,0,0,0,0,0,0,0,0,0,0,982,0,7,9146,0,0,0,9129,0,0,0,23,2590,4,0,0,0,0,16,0,0,0,0,2597,_history_tree_11_removes,3045,0,0,0,0,0,0,2604,2597,0,0,0,5201,0,0,0,0,0,7,0,0,0,0,0,0,0
56,10018649925317144938,0,0,0,0,0,0,0,0,0,0,0,0,0,0,0,0,0,0,0,0,0,0,362,0,2351,67415,0,0,0,67216,0,0,0,22,362,789,0,0,0,0,196,0,0,0,0,2672,_history_tree_11_updates,2045,0,0,0,0,0,0,5051,2672,0,0,0,7723,0,0,0,0,0,2338,0,0,0,0,0,0,0
56,10018649925317144938,0,0,0,0,0,0,0,0,0,0,0,0,0,0,0,0,0,0,0,0,0,0,1017,0,5,9348,0,0,0,9335,0,0,0,21,2564,0,0,0,0,0,13,0,0,0,0,2568,_history_tree_10_removes,3049,0,0,0,0,0,0,2573,2568,0,0,0,5141,0,0,0,0,0,4,0,0,0,0,0,0,0
56,10018649925317144938,0,0,0,0,0,0,0,0,0,0,0,0,0,0,0,0,0,0,0,0,0,0,338,0,2362,67924,0,0,0,67729,0,0,0,20,338,780,0,0,0,0,195,0,0,0,0,2648,_history_tree_10_updates,2028,0,0,0,0,0,0,5021,2648,0,0,0,7669,0,0,0,0,0,2321,0,0,0,0,0,0,0
56,10018649925317144938,0,0,0,0,0,0,0,0,0,0,0,0,0,0,0,0,0,0,0,0,0,0,974,0,5,8819,0,0,0,8807,0,0,0,19,2649,0,0,0,0,0,12,0,0,0,0,2652,_history_tree_9_removes,3067,0,0,0,0,0,0,2657,2652,0,0,0,5309,0,0,0,0,0,4,0,0,0,0,0,0,0
56,10018649925317144938,0,0,0,0,0,0,0,0,0,0,0,0,0,0,0,0,0,0,0,0,0,0,311,0,2328,66339,0,0,0,66124,0,0,0,18,311,724,0,0,0,0,214,0,0,0,0,2584,_history_tree_9_updates,1986,0,0,0,0,0,0,4935,2584,0,0,0,7519,0,0,0,0,0,2296,0,0,0,0,0,0,0
56,10018649925317144938,0,0,0,0,0,0,0,0,0,0,0,0,0,0,0,0,0,0,0,0,0,0,978,0,6,8960,0,0,0,8947,0,0,0,17,2563,1,0,0,0,0,13,0,0,0,0,2568,_history_tree_8_removes,3005,0,0,0,0,0,0,2574,2568,0,0,0,5142,0,0,0,0,0,5,0,0,0,0,0,0,0
56,10018649925317144938,0,0,0,0,0,0,0,0,0,0,0,0,0,0,0,0,0,0,0,0,0,0,333,0,2339,66987,0,0,0,66748,0,0,0,16,333,774,0,0,0,0,237,0,0,0,0,2631,_history_tree_8_updates,1994,0,0,0,0,0,0,4984,2631,0,0,0,7615,0,0,0,0,0,2312,0,0,0,0,0,0,0
56,10018649925317144938,0,0,0,0,0,0,0,0,0,0,0,0,0,0,0,0,0,0,0,0,0,0,999,0,7,9065,0,0,0,9056,0,0,0,15,2566,2,0,0,0,0,9,0,0,0,0,2572,_history_tree_7_removes,3039,0,0,0,0,0,0,2579,2572,0,0,0,5151,0,0,0,0,0,6,0,0,0,0,0,0,0
56,10018649925317144938,0,0,0,0,0,0,0,0,0,0,0,0,0,0,0,0,0,0,0,0,0,0,356,0,2365,67654,0,0,0,67448,0,0,0,14,356,805,0,0,0,0,205,0,0,0,0,2660,_history_tree_7_updates,2000,0,0,0,0,0,0,5033,2659,0,0,0,7692,0,0,0,0,0,2312,0,0,0,0,0,0,0
56,10018649925317144938,0,0,0,0,0,0,0,0,0,0,0,0,0,0,0,0,0,0,0,0,0,0,969,0,7,9098,0,0,0,9084,0,0,0,13,2582,5,0,0,0,0,14,0,0,0,0,2589,_history_tree_6_removes,3001,0,0,0,0,0,0,2596,2589,0,0,0,5185,0,0,0,0,0,7,0,0,0,0,0,0,0
56,10018649925317144938,0,0,0,0,0,0,0,0,0,0,0,0,0,22028569,22674958,0,0,0,0,0,0,0,332,0,2343,67110,0,0,0,66909,0,0,0,0,332,766,0,0,0,0,198,0,0,0,0,2642,_history_tree_0_updates,1990,0,1484232,0,0,0,0,4986,2642,0,0,0,7628,0,0,0,0,0,2311,0,0,0,0,703813,0,0
56,10018649925317144938,0,0,0,0,0,0,0,0,0,0,0,0,0,0,0,0,0,0,0,0,0,0,1017,0,3,9082,0,0,0,9067,0,0,0,1,2554,1,0,0,0,0,15,0,0,0,0,2557,_history_tree_0_removes,3005,0,0,0,0,0,0,2560,2557,0,0,0,5117,0,0,0,0,0,3,0,0,0,0,0,0,0
56,10018649925317144938,0,0,0,0,0,0,0,0,0,0,0,0,0,0,0,0,0,0,0,0,0,0,354,0,2367,67757,0,0,0,67544,0,0,0,2,354,797,0,0,0,0,212,0,0,0,0,2667,_history_tree_1_updates,2004,0,0,0,0,0,0,5038,2667,0,0,0,7705,0,0,0,0,0,2317,0,0,0,0,0,0,0
56,10018649925317144938,0,0,0,0,0,0,0,0,0,0,0,0,0,0,0,0,0,0,0,0,0,0,956,0,10,9173,0,0,0,9155,0,0,0,3,2594,3,0,0,0,0,18,0,0,0,0,2602,_history_tree_1_removes,3038,0,0,0,0,0,0,2612,2602,0,0,0,5212,0,0,0,0,0,8,0,0,0,0,0,0,0
56,10018649925317144938,0,0,0,0,0,0,0,0,0,0,0,0,0,0,0,0,0,0,0,0,0,0,344,0,2352,67477,0,0,0,67263,0,0,0,4,344,792,0,0,0,0,214,0,0,0,0,2639,_history_tree_2_updates,1983,0,0,0,0,0,0,5006,2639,0,0,0,7645,0,0,0,0,0,2310,0,0,0,0,0,0,0
56,10018649925317144938,0,0,0,0,0,0,0,0,0,0,0,0,0,0,0,0,0,0,0,0,0,0,953,0,9,9189,0,0,0,9176,0,0,0,5,2560,2,0,0,0,0,13,0,0,0,0,2568,_history_tree_2_removes,3028,0,0,0,0,0,0,2577,2568,0,0,0,5145,0,0,0,0,0,8,0,0,0,0,0,0,0
56,10018649925317144938,0,0,0,0,0,0,0,0,0,0,0,0,0,0,0,0,0,0,0,0,0,0,321,0,2359,68138,0,0,0,67942,0,0,0,6,321,789,0,0,0,0,194,0,0,0,0,2632,_history_tree_3_updates,1981,0,0,0,0,0,0,5015,2632,0,0,0,7647,0,0,0,0,0,2335,0,0,0,0,0,0,0
56,10018649925317144938,0,0,0,0,0,0,0,0,0,0,0,0,0,0,0,0,0,0,0,0,0,0,1045,0,5,9589,0,0,0,9571,0,0,0,7,2586,2,0,0,0,0,18,0,0,0,0,2591,_history_tree_3_removes,3016,0,0,0,0,0,0,2596,2591,0,0,0,5187,0,0,0,0,0,5,0,0,0,0,0,0,0
56,10018649925317144938,0,0,0,0,0,0,0,0,0,0,0,0,0,0,0,0,0,0,0,0,0,0,306,0,2370,68207,0,0,0,68017,0,0,0,8,306,783,0,0,0,0,190,0,0,0,0,2643,_history_tree_4_updates,1999,0,0,0,0,0,0,5013,2643,0,0,0,7656,0,0,0,0,0,2337,0,0,0,0,0,0,0
56,10018649925317144938,0,0,0,0,0,0,0,0,0,0,0,0,0,0,0,0,0,0,0,0,0,0,1036,0,6,9456,0,0,0,9436,0,0,0,9,2587,1,0,0,0,0,20,0,0,0,0,2592,_history_tree_4_removes,3058,0,0,0,0,0,0,2598,2592,0,0,0,5190,0,0,0,0,0,5,0,0,0,0,0,0,0
56,10018649925317144938,0,0,0,0,0,0,0,0,0,0,0,0,0,0,0,0,0,0,0,0,0,0,319,0,2361,67963,0,0,0,67752,0,0,0,10,319,764,0,0,0,0,210,0,0,0,0,2669,_history_tree_5_updates,2048,0,0,0,0,0,0,5030,2669,0,0,0,7699,0,0,0,0,0,2350,0,0,0,0,0,0,0
56,10018649925317144938,0,0,0,0,0,0,0,0,0,0,0,0,0,0,0,0,0,0,0,0,0,0,1083,0,3,9436,0,0,0,9416,0,0,0,11,2644,0,0,0,0,0,18,0,0,0,0,2647,_history_tree_5_removes,3130,0,0,0,0,0,0,2650,2647,0,0,0,5297,0,0,0,0,0,3,0,0,0,0,0,0,0
56,10018649925317144938,0,0,0,0,0,0,0,0,0,0,0,0,0,0,0,0,0,0,0,0,0,0,313,0,2312,66311,0,0,0,66119,0,0,0,12,313,772,0,0,0,0,192,0,0,0,0,2548,_history_tree_6_updates,1961,0,0,0,0,0,0,4937,2548,0,0,0,7485,0,0,0,0,0,2312,0,0,0,0,0,0,0
56,10018649925317144938,0,0,0,0,0,0,0,0,0,0,0,0,0,0,0,0,0,0,0,0,0,0,1024,0,6,9038,0,0,0,9025,0,0,0,29,2572,2,0,0,0,0,13,0,0,0,0,2576,_history_tree_14_removes,3036,0,0,0,0,0,0,2582,2576,0,0,0,5158,0,0,0,0,0,5,0,0,0,0,0,0,0
56,10018649925317144938,0,0,0,0,0,0,0,0,0,0,0,0,0,0,0,0,0,0,0,0,0,0,327,0,2352,67581,0,0,0,67359,0,0,0,30,327,784,0,0,0,0,221,0,0,0,0,2652,_history_tree_15_updates,1994,0,0,0,0,0,0,5004,2652,0,0,0,7656,0,0,0,0,0,2325,0,0,0,0,0,0,0
56,10018649925317144938,0,0,0,0,0,0,0,0,0,0,0,0,0,0,0,0,0,0,0,0,0,0,1034,0,5,9342,0,0,0,9328,0,0,0,31,2593,1,0,0,0,0,14,0,0,0,0,2597,_history_tree_15_removes,3049,0,0,0,0,0,0,2602,2597,0,0,0,5199,0,0,0,0,0,5,0,0,0,0,0,0,0
56,10018649925317144938,0,0,0,0,0,0,0,0,0,0,0,0,0,0,0,0,0,0,0,0,0,0,353,0,2364,67529,0,0,0,67311,0,0,0,32,353,796,0,0,0,0,215,0,0,0,0,2645,_history_tree_16_updates,1970,0,0,0,0,0,0,5026,2645,0,0,0,7671,0,0,0,0,0,2309,0,0,0,0,0,0,0
56,10018649925317144938,0,0,0,0,0,0,0,0,0,0,0,0,0,0,0,0,0,0,0,0,0,0,937,0,7,9054,0,0,0,9028,0,0,0,33,2544,0,0,0,0,0,26,0,0,0,0,2550,_history_tree_16_removes,2955,0,0,0,0,0,0,2557,2550,0,0,0,5107,0,0,0,0,0,6,0,0,0,0,0,0,0
56,10018649925317144938,0,0,0,0,0,0,0,0,0,0,0,0,0,0,0,0,0,0,0,0,0,0,345,0,2361,142854,0,0,0,71203,0,0,0,34,10256,2588,0,0,0,0,220,0,0,0,0,6132,_history_tree_17_updates,3909,0,0,0,0,0,0,14862,12261,1,0,0,20993,0,0,0,0,0,2246,0,0,0,0,0,0,0
56,10018649925317144938,0,0,0,0,0,0,0,0,0,0,0,0,0,0,0,0,0,0,0,0,0,0,782,0,21,8565,0,0,0,8545,0,0,0,35,2407,10,0,0,0,0,20,0,0,0,0,2423,_history_tree_17_removes,2820,0,0,0,0,0,0,2444,2423,0,0,0,4867,0,0,0,0,0,16,0,0,0,0,0,0,0
56,10018649925317144938,0,0,0,0,0,0,0,0,0,0,0,0,0,0,0,0,0,0,0,0,0,0,325,0,2348,67147,0,0,0,66941,0,0,0,36,325,741,0,0,0,0,206,0,0,0,0,2620,_history_tree_18_updates,1993,0,0,0,0,0,0,4968,2620,0,0,0,7588,0,0,0,0,0,2295,0,0,0,0,0,0,0
56,10018649925317144938,0,0,0,0,0,0,0,0,0,0,0,0,0,0,0,0,0,0,0,0,0,0,970,0,5,8975,0,0,0,8955,0,0,0,37,2590,0,0,0,0,0,20,0,0,0,0,2594,_history_tree_18_removes,3040,0,0,0,0,0,0,2599,2594,0,0,0,5193,0,0,0,0,0,4,0,0,0,0,0,0,0
56,10018649925317144938,0,0,0,0,0,0,0,0,0,0,0,0,0,0,0,0,0,0,0,0,0,0,337,0,2400,69134,0,0,0,68907,0,0,0,38,337,781,0,0,0,0,227,0,0,0,0,2629,_history_tree_19_updates,2025,0,0,0,0,0,0,5075,2629,0,0,0,7704,0,0,0,0,0,2338,0,0,0,0,0,0,0
56,10018649925317144938,0,0,0,0,0,0,0,0,0,0,0,0,0,0,0,0,0,0,0,0,0,0,1051,0,8,9549,0,0,0,9530,0,0,0,39,2554,4,0,0,0,0,19,0,0,0,0,2560,_history_tree_19_removes,3020,0,0,0,0,0,0,2568,2560,0,0,0,5128,0,0,0,0,0,6,0,0,0,0,0,0,0
56,10018649925317144938,48763,0,0,0,0,0,44919,0,0,0,0,0,0,0,0,0,0,0,0,0,0,0,0,0,0,292356,0,0,0,95651,0,0,0,40,0,0,0,0,0,0,2087,0,0,93675,0,0,warehouse,0,0,0,0,0,0,0,0,0,0,0,0,0,194212,0,0,194209,0,0,0,0,0,93670,0,0,0
56,10018649925317144938,0,0,0,0,0,0,0,0,0,0,0,0,0,0,0,0,0,0,0,0,0,0,0,0,0,0,0,0,0,0,0,0,0,41,0,0,0,0,0,0,0,0,0,0,0,0,_warehouse_graveyard,0,0,0,0,0,0,0,0,0,0,0,0,0,0,0,0,0,0,0,0,0,0,0,0,0,0
56,10018649925317144938,96484,0,0,0,0,0,94685,0,0,0,0,0,0,0,0,0,0,0,0,0,0,0,0,0,0,296803,0,0,0,193226,0,0,0,42,0,0,0,0,0,0,951,0,0,191144,0,0,district,0,0,0,0,0,0,0,0,0,0,0,0,0,102539,0,0,102539,0,0,0,0,0,191124,0,0,0
56,10018649925317144938,0,0,0,0,0,0,0,0,0,0,0,0,0,0,0,0,0,0,0,0,0,0,0,0,0,0,0,0,0,0,0,0,0,43,0,0,0,0,0,0,0,0,0,0,0,0,_district_graveyard,0,0,0,0,0,0,0,0,0,0,0,0,0,0,0,0,0,0,0,0,0,0,0,0,0,0
56,10018649925317144938,62631,0,0,0,0,0,59913,0,0,0,0,0,0,0,0,0,0,0,0,0,0,0,0,0,0,788262,0,0,0,122563,0,0,0,44,0,0,0,0,0,0,7,0,0,122536,0,0,customer,0,0,0,0,0,0,0,0,0,0,0,0,0,140180,0,0,140180,0,0,0,0,0,122528,0,0,0
56,10018649925317144938,0,0,0,0,0,0,0,0,0,0,0,0,0,0,0,0,0,0,0,0,0,0,0,0,0,0,0,0,0,0,0,0,0,45,0,0,0,0,0,0,0,0,0,0,0,0,_customer_graveyard,0,0,0,0,0,0,0,0,0,0,0,0,0,0,0,0,0,0,0,0,0,0,0,0,0,0
56,10018649925317144938,0,0,0,0,0,0,0,0,0,0,0,0,0,0,0,0,0,0,0,0,0,0,0,0,0,182214,0,0,0,0,0,0,0,46,0,0,0,0,0,0,60735,0,0,0,0,0,customerwdl,0,0,0,0,0,0,0,0,0,0,0,60733,0,60735,0,0,60735,0,0,0,0,0,0,0,0,0
56,10018649925317144938,0,0,0,0,0,0,0,0,0,0,0,0,0,0,0,0,0,0,0,0,0,0,0,0,0,0,0,0,0,0,0,0,0,47,0,0,0,0,0,0,0,0,0,0,0,0,_customerwdl_graveyard,0,0,0,0,0,0,0,0,0,0,0,0,0,0,0,0,0,0,0,0,0,0,0,0,0,0
56,10018649925317144938,0,0,0,0,0,0,0,0,0,0,0,0,0,0,0,0,0,0,0,0,0,0,0,0,2221,118683,0,0,0,39560,0,0,0,48,0,0,0,0,0,0,0,0,0,0,0,0,history,0,0,0,0,0,0,0,2246,0,0,0,0,2246,0,0,0,0,0,0,0,0,0,0,0,0,0
56,10018649925317144938,0,0,0,0,0,0,0,0,0,0,0,0,0,0,0,0,0,0,0,0,0,0,0,0,0,0,0,0,0,0,0,0,0,49,0,0,0,0,0,0,0,0,0,0,0,0,_history_graveyard,0,0,0,0,0,0,0,0,0,0,0,0,0,0,0,0,0,0,0,0,0,0,0,0,0,0
56,10018649925317144938,42621,84259,0,84270,0,0,42526,0,0,0,0,0,0,0,0,0,0,0,0,0,0,0,54571,0,2034,1144592,0,0,0,270379,0,11379,0,50,32,0,0,0,0,0,111151,0,0,0,0,0,neworder,91615,11381,0,0,0,0,0,3810,32,0,0,85461,3810,96842,0,0,96842,0,1744,0,0,0,0,0,0,0
56,10018649925317144938,0,0,0,0,0,0,0,0,0,0,0,0,0,0,0,0,0,0,0,0,0,0,0,0,0,0,0,0,0,0,0,0,0,51,0,0,0,0,0,0,0,0,0,0,0,0,_neworder_graveyard,0,0,0,0,0,0,0,0,0,0,0,0,0,0,0,0,0,0,0,0,0,0,0,0,0,0
56,10018649925317144938,43261,0,0,0,0,0,41877,0,0,0,0,0,0,0,0,0,0,0,0,0,0,0,0,0,4287,829455,0,0,0,187892,0,0,0,52,0,0,0,0,0,0,0,0,0,85135,0,0,order,0,0,0,0,0,0,0,4290,0,0,0,0,4290,88586,0,0,88586,0,0,0,0,0,85132,0,0,0
56,10018649925317144938,0,0,0,0,0,0,0,0,0,0,0,0,0,0,0,0,0,0,0,0,0,0,0,0,0,0,0,0,0,0,0,0,0,53,0,0,0,0,0,0,0,0,0,0,0,0,_order_graveyard,0,0,0,0,0,0,0,0,0,0,0,0,0,0,0,0,0,0,0,0,0,0,0,0,0,0
56,10018649925317144938,0,0,0,0,0,0,0,0,0,0,0,0,0,0,0,0,3449,0,0,0,0,0,0,0,1415,309903,0,0,0,99851,0,0,0,54,0,0,0,0,0,0,3449,0,0,0,0,0,order_wdc,0,0,0,0,0,0,0,1418,0,0,0,0,1418,3449,0,0,3449,0,0,0,0,0,0,0,0,0
56,10018649925317144938,0,0,0,0,0,0,0,0,0,0,0,0,0,0,0,0,0,0,0,0,0,0,0,0,0,0,0,0,0,0,0,0,0,55,0,0,0,0,0,0,0,0,0,0,0,0,_order_wdc_graveyard,0,0,0,0,0,0,0,0,0,0,0,0,0,0,0,0,0,0,0,0,0,0,0,0,0,0
56,10018649925317144938,429863,0,0,0,0,0,420094,0,0,0,0,0,0,0,0,0,0,0,0,0,0,0,99712,0,58406,7601527,0,0,0,1887975,0,836,0,56,0,0,0,0,0,0,12413,0,0,849961,0,0,orderline,1810831,836,0,0,0,0,0,59231,0,0,0,12348,59232,1823231,0,0,1823260,0,0,0,0,0,849975,0,0,0
56,10018649925317144938,0,0,0,0,0,0,0,0,0,0,0,0,0,0,0,0,0,0,0,0,0,0,0,0,0,0,0,0,0,0,0,0,0,57,0,0,0,0,0,0,0,0,0,0,0,0,_orderline_graveyard,0,0,0,0,0,0,0,0,0,0,0,0,0,0,0,0,0,0,0,0,0,0,0,0,0,0
56,10018649925317144938,0,0,0,0,0,0,0,0,0,0,0,0,0,0,0,0,0,0,0,0,0,0,0,0,0,1958522,0,0,0,0,0,0,0,58,0,0,0,0,0,0,0,0,0,0,0,0,item,0,0,0,0,0,0,0,0,0,0,0,0,0,979230,0,0,979228,0,0,0,0,0,0,0,0,0
57,10018649925317144938,0,0,0,0,0,0,0,0,0,0,0,0,0,0,0,0,0,0,0,0,0,0,0,0,0,0,0,0,0,0,0,0,0,61,0,0,0,0,0,0,0,0,0,0,0,0,_stock_graveyard,0,0,0,0,0,0,0,0,0,0,0,0,0,0,0,0,0,0,0,0,0,0,0,0,0,0
57,10018649925317144938,513078,0,0,0,0,0,500500,0,0,0,0,0,0,0,0,0,0,0,0,0,0,0,0,0,0,15414221,0,0,0,1014695,0,0,0,60,0,0,0,0,0,0,1122,0,0,1013613,0,0,stock,0,0,0,0,0,0,0,0,0,0,0,0,0,2837794,0,0,2837791,0,0,0,0,0,1013646,0,0,0
57,10018649925317144938,0,0,0,0,0,0,0,0,0,0,0,0,0,0,0,0,0,0,0,0,0,0,0,0,0,0,0,0,0,0,0,0,0,59,0,0,0,0,0,0,0,0,0,0,0,0,_item_graveyard,0,0,0,0,0,0,0,0,0,0,0,0,0,0,0,0,0,0,0,0,0,0,0,0,0,0
57,10018649925317144938,0,0,0,0,0,0,0,0,0,0,0,0,0,0,0,0,0,0,0,0,0,0,365,0,2401,68644,0,0,0,68422,0,0,0,28,365,837,0,0,0,0,221,0,0,0,0,2769,_history_tree_14_updates,2058,0,0,0,0,0,0,5175,2769,0,0,0,7944,0,0,0,0,0,2409,0,0,0,0,0,0,0
57,10018649925317144938,0,0,0,0,0,0,0,0,0,0,0,0,0,0,0,0,0,0,0,0,0,0,1036,0,6,9399,0,0,0,9388,0,0,0,27,2780,0,0,0,0,0,11,0,0,0,0,2784,_history_tree_13_removes,3247,0,0,0,0,0,0,2790,2784,0,0,0,5574,0,0,0,0,0,4,0,0,0,0,0,0,0
57,10018649925317144938,0,0,0,0,0,0,0,0,0,0,0,0,0,0,0,0,0,0,0,0,0,0,358,0,2434,69688,0,0,0,69472,0,0,0,26,358,748,0,0,0,0,217,0,0,0,0,2769,_history_tree_13_updates,2147,0,0,0,0,0,0,5203,2769,0,0,0,7972,0,0,0,0,0,2411,0,0,0,0,0,0,0
57,10018649925317144938,0,0,0,0,0,0,0,0,0,0,0,0,0,0,0,0,0,0,0,0,0,0,1065,0,4,9525,0,0,0,9509,0,0,0,25,2712,0,0,0,0,0,16,0,0,0,0,2715,_history_tree_12_removes,3177,0,0,0,0,0,0,2719,2715,0,0,0,5434,0,0,0,0,0,3,0,0,0,0,0,0,0
57,10018649925317144938,0,0,0,0,0,0,0,0,0,0,0,0,0,0,0,0,0,0,0,0,0,0,335,0,2446,70251,0,0,0,70043,0,0,0,24,335,796,0,0,0,0,209,0,0,0,0,2744,_history_tree_12_updates,2071,0,0,0,0,0,0,5190,2744,0,0,0,7934,0,0,0,0,0,2409,0,0,0,0,0,0,0
57,10018649925317144938,0,0,0,0,0,0,0,0,0,0,0,0,0,0,0,0,0,0,0,0,0,0,1012,0,5,9100,0,0,0,9090,0,0,0,23,2767,1,0,0,0,0,10,0,0,0,0,2771,_history_tree_11_removes,3242,0,0,0,0,0,0,2776,2771,0,0,0,5547,0,0,0,0,0,4,0,0,0,0,0,0,0
57,10018649925317144938,0,0,0,0,0,0,0,0,0,0,0,0,0,0,0,0,0,0,0,0,0,0,385,0,2426,69064,0,0,0,68859,0,0,0,22,385,761,0,0,0,0,205,0,0,0,0,2772,_history_tree_11_updates,2151,0,0,0,0,0,0,5198,2772,0,0,0,7970,0,0,0,0,0,2387,0,0,0,0,0,0,0
57,10018649925317144938,0,0,0,0,0,0,0,0,0,0,0,0,0,0,0,0,0,0,0,0,0,0,1034,0,9,9584,0,0,0,9571,0,0,0,21,2696,3,0,0,0,0,13,0,0,0,0,2704,_history_tree_10_removes,3170,0,0,0,0,0,0,2713,2704,0,0,0,5417,0,0,0,0,0,8,0,0,0,0,0,0,0
57,10018649925317144938,0,0,0,0,0,0,0,0,0,0,0,0,0,0,0,0,0,0,0,0,0,0,375,0,2444,70026,0,0,0,69815,0,0,0,20,375,839,0,0,0,0,211,0,0,0,0,2810,_history_tree_10_updates,2098,0,0,0,0,0,0,5254,2810,0,0,0,8064,0,0,0,0,0,2435,0,0,0,0,0,0,0
57,10018649925317144938,0,0,0,0,0,0,0,0,0,0,0,0,0,0,0,0,0,0,0,0,0,0,1060,0,5,9540,0,0,0,9531,0,0,0,19,2660,1,0,0,0,0,9,0,0,0,0,2664,_history_tree_9_removes,3141,0,0,0,0,0,0,2669,2664,0,0,0,5333,0,0,0,0,0,4,0,0,0,0,0,0,0
57,10018649925317144938,0,0,0,0,0,0,0,0,0,0,0,0,0,0,0,0,0,0,0,0,0,0,368,0,2454,70361,0,0,0,70130,0,0,0,18,368,826,0,0,0,0,230,0,0,0,0,2797,_history_tree_9_updates,2101,0,0,0,0,0,0,5252,2797,0,0,0,8049,0,0,0,0,0,2430,0,0,0,0,0,0,0
57,10018649925317144938,0,0,0,0,0,0,0,0,0,0,0,0,0,0,0,0,0,0,0,0,0,0,1012,0,6,9262,0,0,0,9245,0,0,0,17,2715,1,0,0,0,0,17,0,0,0,0,2720,_history_tree_8_removes,3208,0,0,0,0,0,0,2726,2720,0,0,0,5446,0,0,0,0,0,5,0,0,0,0,0,0,0
57,10018649925317144938,0,0,0,0,0,0,0,0,0,0,0,0,0,0,0,0,0,0,0,0,0,0,388,0,2412,69027,0,0,0,68813,0,0,0,16,388,780,0,0,0,0,214,0,0,0,0,2769,_history_tree_8_updates,2147,0,0,0,0,0,0,5181,2769,0,0,0,7950,0,0,0,0,0,2381,0,0,0,0,0,0,0
57,10018649925317144938,0,0,0,0,0,0,0,0,0,0,0,0,0,0,0,0,0,0,0,0,0,0,1096,0,4,9849,0,0,0,9837,0,0,0,15,2779,1,0,0,0,0,12,0,0,0,0,2784,_history_tree_7_removes,3262,0,0,0,0,0,0,2788,2784,0,0,0,5572,0,0,0,0,0,5,0,0,0,0,0,0,0
57,10018649925317144938,0,0,0,0,0,0,0,0,0,0,0,0,0,0,0,0,0,0,0,0,0,0,351,0,2424,69998,0,0,0,69782,0,0,0,14,351,819,0,0,0,0,215,0,0,0,0,2813,_history_tree_7_updates,2126,0,0,0,0,0,0,5248,2813,0,0,0,8061,0,0,0,0,0,2473,0,0,0,0,0,0,0
57,10018649925317144938,0,0,0,0,0,0,0,0,0,0,0,0,0,0,0,0,0,0,0,0,0,0,1093,0,8,9807,0,0,0,9783,0,0,0,13,2733,3,0,0,0,0,24,0,0,0,0,2739,_history_tree_6_removes,3217,0,0,0,0,0,0,2747,2739,0,0,0,5486,0,0,0,0,0,6,0,0,0,0,0,0,0
57,10018649925317144938,0,0,0,0,0,0,0,0,0,0,0,0,0,22661767,23345464,0,0,0,0,0,0,0,366,0,2460,70621,0,0,0,70419,0,0,0,0,366,813,0,0,0,0,202,0,0,0,0,2791,_history_tree_0_updates,2095,0,1535173,0,0,0,0,5255,2791,0,0,0,8046,0,0,0,0,0,2429,0,0,0,0,719377,0,0
57,10018649925317144938,0,0,0,0,0,0,0,0,0,0,0,0,0,0,0,0,0,0,0,0,0,0,1066,0,7,9630,0,0,0,9619,0,0,0,1,2694,1,0,0,0,0,11,0,0,0,0,2698,_history_tree_0_removes,3135,0,0,0,0,0,0,2705,2698,0,0,0,5403,0,0,0,0,0,4,0,0,0,0,0,0,0
57,10018649925317144938,0,0,0,0,0,0,0,0,0,0,0,0,0,0,0,0,0,0,0,0,0,0,402,0,2425,69605,0,0,0,69342,0,0,0,2,402,824,0,0,0,0,263,0,0,0,0,2813,_history_tree_1_updates,2128,0,0,0,0,0,0,5243,2813,0,0,0,8056,0,0,0,0,0,2416,0,0,0,0,0,0,0
57,10018649925317144938,0,0,0,0,0,0,0,0,0,0,0,0,0,0,0,0,0,0,0,0,0,0,949,0,11,9371,0,0,0,9351,0,0,0,3,2713,4,0,0,0,0,20,0,0,0,0,2722,_history_tree_1_removes,3167,0,0,0,0,0,0,2733,2722,0,0,0,5455,0,0,0,0,0,9,0,0,0,0,0,0,0
57,10018649925317144938,0,0,0,0,0,0,0,0,0,0,0,0,0,0,0,0,0,0,0,0,0,0,358,0,2437,69974,0,0,0,69769,0,0,0,4,358,794,0,0,0,0,205,0,0,0,0,2776,_history_tree_2_updates,2100,0,0,0,0,0,0,5213,2776,0,0,0,7989,0,0,0,0,0,2418,0,0,0,0,0,0,0
57,10018649925317144938,0,0,0,0,0,0,0,0,0,0,0,0,0,0,0,0,0,0,0,0,0,0,1013,0,7,9488,0,0,0,9465,0,0,0,5,2697,1,0,0,0,0,23,0,0,0,0,2703,_history_tree_2_removes,3138,0,0,0,0,0,0,2710,2703,0,0,0,5413,0,0,0,0,0,6,0,0,0,0,0,0,0
57,10018649925317144938,0,0,0,0,0,0,0,0,0,0,0,0,0,0,0,0,0,0,0,0,0,0,326,0,2481,71755,0,0,0,71559,0,0,0,6,326,813,0,0,0,0,196,0,0,0,0,2772,_history_tree_3_updates,2096,0,0,0,0,0,0,5259,2772,0,0,0,8031,0,0,0,0,0,2452,0,0,0,0,0,0,0
57,10018649925317144938,0,0,0,0,0,0,0,0,0,0,0,0,0,0,0,0,0,0,0,0,0,0,1129,0,5,10096,0,0,0,10078,0,0,0,7,2730,1,0,0,0,0,18,0,0,0,0,2733,_history_tree_3_removes,3212,0,0,0,0,0,0,2738,2733,0,0,0,5471,0,0,0,0,0,3,0,0,0,0,0,0,0
57,10018649925317144938,0,0,0,0,0,0,0,0,0,0,0,0,0,0,0,0,0,0,0,0,0,0,395,0,2432,69708,0,0,0,69517,0,0,0,8,395,843,0,0,0,0,191,0,0,0,0,2816,_history_tree_4_updates,2103,0,0,0,0,0,0,5254,2816,0,0,0,8070,0,0,0,0,0,2427,0,0,0,0,0,0,0
57,10018649925317144938,0,0,0,0,0,0,0,0,0,0,0,0,0,0,0,0,0,0,0,0,0,0,1040,0,4,9468,0,0,0,9455,0,0,0,9,2697,1,0,0,0,0,13,0,0,0,0,2701,_history_tree_4_removes,3153,0,0,0,0,0,0,2705,2701,0,0,0,5406,0,0,0,0,0,4,0,0,0,0,0,0,0
57,10018649925317144938,0,0,0,0,0,0,0,0,0,0,0,0,0,0,0,0,0,0,0,0,0,0,319,0,2454,70841,0,0,0,70633,0,0,0,10,319,804,0,0,0,0,207,0,0,0,0,2765,_history_tree_5_updates,2085,0,0,0,0,0,0,5219,2765,0,0,0,7984,0,0,0,0,0,2446,0,0,0,0,0,0,0
57,10018649925317144938,0,0,0,0,0,0,0,0,0,0,0,0,0,0,0,0,0,0,0,0,0,0,1125,0,3,9945,0,0,0,9918,0,0,0,11,2717,1,0,0,0,0,27,0,0,0,0,2719,_history_tree_5_removes,3185,0,0,0,0,0,0,2722,2719,0,0,0,5441,0,0,0,0,0,2,0,0,0,0,0,0,0
57,10018649925317144938,0,0,0,0,0,0,0,0,0,0,0,0,0,0,0,0,0,0,0,0,0,0,366,0,2471,71068,0,0,0,70854,0,0,0,12,366,802,0,0,0,0,209,0,0,0,0,2747,_history_tree_6_updates,2113,0,0,0,0,0,0,5248,2747,0,0,0,7995,0,0,0,0,0,2411,0,0,0,0,0,0,0
57,10018649925317144938,0,0,0,0,0,0,0,0,0,0,0,0,0,0,0,0,0,0,0,0,0,0,995,0,5,9205,0,0,0,9184,0,0,0,29,2662,0,0,0,0,0,21,0,0,0,0,2667,_history_tree_14_removes,3117,0,0,0,0,0,0,2672,2667,0,0,0,5339,0,0,0,0,0,5,0,0,0,0,0,0,0
57,10018649925317144938,0,0,0,0,0,0,0,0,0,0,0,0,0,0,0,0,0,0,0,0,0,0,299,0,2447,70179,0,0,0,69969,0,0,0,30,299,798,0,0,0,0,209,0,0,0,0,2734,_history_tree_15_updates,2079,0,0,0,0,0,0,5181,2734,0,0,0,7915,0,0,0,0,0,2435,0,0,0,0,0,0,0
57,10018649925317144938,0,0,0,0,0,0,0,0,0,0,0,0,0,0,0,0,0,0,0,0,0,0,1082,0,3,9603,0,0,0,9591,0,0,0,31,2757,0,0,0,0,0,12,0,0,0,0,2759,_history_tree_15_removes,3238,0,0,0,0,0,0,2762,2759,0,0,0,5521,0,0,0,0,0,2,0,0,0,0,0,0,0
57,10018649925317144938,0,0,0,0,0,0,0,0,0,0,0,0,0,0,0,0,0,0,0,0,0,0,384,0,2421,69290,0,0,0,69080,0,0,0,32,384,818,0,0,0,0,210,0,0,0,0,2803,_history_tree_16_updates,2143,0,0,0,0,0,0,5231,2803,0,0,0,8034,0,0,0,0,0,2426,0,0,0,0,0,0,0
57,10018649925317144938,0,0,0,0,0,0,0,0,0,0,0,0,0,0,0,0,0,0,0,0,0,0,1033,0,5,9327,0,0,0,9313,0,0,0,33,2741,0,0,0,0,0,14,0,0,0,0,2745,_history_tree_16_removes,3224,0,0,0,0,0,0,2750,2745,0,0,0,5495,0,0,0,0,0,4,0,0,0,0,0,0,0
57,10018649925317144938,0,0,0,0,0,0,0,0,0,0,0,0,0,0,0,0,0,0,0,0,0,0,403,0,2376,145582,0,0,0,72556,0,0,0,34,11003,2834,0,0,0,0,235,0,0,0,0,6585,_history_tree_17_updates,4152,0,0,0,0,0,0,15810,13170,0,0,0,22395,0,0,0,0,0,2431,0,0,0,0,0,0,0
57,10018649925317144938,0,0,0,0,0,0,0,0,0,0,0,0,0,0,0,0,0,0,0,0,0,0,885,0,16,9279,0,0,0,9268,0,0,0,35,2548,10,0,0,0,0,11,0,0,0,0,2567,_history_tree_17_removes,3005,0,0,0,0,0,0,2583,2567,0,0,0,5150,0,0,0,0,0,19,0,0,0,0,0,0,0
57,10018649925317144938,0,0,0,0,0,0,0,0,0,0,0,0,0,0,0,0,0,0,0,0,0,0,317,0,2445,70494,0,0,0,70256,0,0,0,36,317,857,0,0,0,0,238,0,0,0,0,2763,_history_tree_18_updates,2034,0,0,0,0,0,0,5222,2763,0,0,0,7985,0,0,0,0,0,2460,0,0,0,0,0,0,0
57,10018649925317144938,0,0,0,0,0,0,0,0,0,0,0,0,0,0,0,0,0,0,0,0,0,0,1111,0,4,9849,0,0,0,9836,0,0,0,37,2663,2,0,0,0,0,13,0,0,0,0,2668,_history_tree_18_removes,3131,0,0,0,0,0,0,2672,2668,0,0,0,5340,0,0,0,0,0,5,0,0,0,0,0,0,0
57,10018649925317144938,0,0,0,0,0,0,0,0,0,0,0,0,0,0,0,0,0,0,0,0,0,0,340,0,2398,68889,0,0,0,68705,0,0,0,38,340,881,0,0,0,0,181,0,0,0,0,2755,_history_tree_19_updates,2022,0,0,0,0,0,0,5197,2755,0,0,0,7952,0,0,0,0,0,2459,0,0,0,0,0,0,0
57,10018649925317144938,0,0,0,0,0,0,0,0,0,0,0,0,0,0,0,0,0,0,0,0,0,0,1069,0,5,9524,0,0,0,9506,0,0,0,39,2666,3,0,0,0,0,18,0,0,0,0,2673,_history_tree_19_removes,3101,0,0,0,0,0,0,2678,2673,0,0,0,5351,0,0,0,0,0,7,0,0,0,0,0,0,0
57,10018649925317144938,50836,0,0,0,0,0,46396,0,0,0,0,0,0,0,0,0,0,0,0,0,0,0,0,0,0,303027,0,0,0,99301,0,0,0,40,0,0,0,0,0,0,2126,0,0,97232,0,0,warehouse,0,0,0,0,0,0,0,0,0,0,0,0,0,201186,0,0,201186,0,0,0,0,0,97235,0,0,0
57,10018649925317144938,0,0,0,0,0,0,0,0,0,0,0,0,0,0,0,0,0,0,0,0,0,0,0,0,0,0,0,0,0,0,0,0,0,41,0,0,0,0,0,0,0,0,0,0,0,0,_warehouse_graveyard,0,0,0,0,0,0,0,0,0,0,0,0,0,0,0,0,0,0,0,0,0,0,0,0,0,0
57,10018649925317144938,99472,0,0,0,0,0,98536,0,0,0,0,0,0,0,0,0,0,0,0,0,0,0,0,0,1,307679,0,0,0,200220,0,0,0,42,0,0,0,0,0,0,1009,0,0,198012,0,0,district,0,0,0,0,0,0,0,1,0,0,0,0,1,106397,0,0,106397,1,0,0,0,0,198016,0,0,0
57,10018649925317144938,0,0,0,0,0,0,0,0,0,0,0,0,0,0,0,0,0,0,0,0,0,0,0,0,0,0,0,0,0,0,0,0,0,43,0,0,0,0,0,0,0,0,0,0,0,0,_district_graveyard,0,0,0,0,0,0,0,0,0,0,0,0,0,0,0,0,0,0,0,0,0,0,0,0,0,0
57,10018649925317144938,65353,0,0,0,0,0,61713,0,0,0,0,0,0,0,0,0,0,0,0,0,0,0,0,0,0,815919,0,0,0,127078,0,0,0,44,0,0,0,0,0,0,5,0,0,127068,0,0,customer,0,0,0,0,0,0,0,0,0,0,0,0,0,144892,0,0,144892,0,0,0,0,0,127068,0,0,0
57,10018649925317144938,0,0,0,0,0,0,0,0,0,0,0,0,0,0,0,0,0,0,0,0,0,0,0,0,0,0,0,0,0,0,0,0,0,45,0,0,0,0,0,0,0,0,0,0,0,0,_customer_graveyard,0,0,0,0,0,0,0,0,0,0,0,0,0,0,0,0,0,0,0,0,0,0,0,0,0,0
57,10018649925317144938,0,0,0,0,0,0,0,0,0,0,0,0,0,0,0,0,0,0,0,0,0,0,0,0,0,190425,0,0,0,0,0,0,0,46,0,0,0,0,0,0,63475,0,0,0,0,0,customerwdl,0,0,0,0,0,0,0,0,0,0,0,63475,0,63473,0,0,63473,0,0,0,0,0,0,0,0,0
57,10018649925317144938,0,0,0,0,0,0,0,0,0,0,0,0,0,0,0,0,0,0,0,0,0,0,0,0,0,0,0,0,0,0,0,0,0,47,0,0,0,0,0,0,0,0,0,0,0,0,_customerwdl_graveyard,0,0,0,0,0,0,0,0,0,0,0,0,0,0,0,0,0,0,0,0,0,0,0,0,0,0
57,10018649925317144938,0,0,0,0,0,0,0,0,0,0,0,0,0,0,0,0,0,0,0,0,0,0,0,0,2283,121956,0,0,0,40652,0,0,0,48,0,0,0,0,0,0,0,0,0,0,0,0,history,0,0,0,0,0,0,0,2310,0,0,0,0,2310,0,0,0,0,0,0,0,0,0,0,0,0,0
57,10018649925317144938,0,0,0,0,0,0,0,0,0,0,0,0,0,0,0,0,0,0,0,0,0,0,0,0,0,0,0,0,0,0,0,0,0,49,0,0,0,0,0,0,0,0,0,0,0,0,_history_graveyard,0,0,0,0,0,0,0,0,0,0,0,0,0,0,0,0,0,0,0,0,0,0,0,0,0,0
57,10018649925317144938,44362,87671,0,87660,0,0,44277,0,0,0,0,0,0,0,0,0,0,0,0,0,0,0,56952,0,2166,1188761,0,0,0,280501,0,9822,0,50,73,0,0,0,0,0,115721,0,0,0,0,0,neworder,93530,9828,0,0,0,0,0,4128,37,0,0,88955,4128,98791,0,0,98791,0,1888,0,0,0,0,0,0,0
57,10018649925317144938,0,0,0,0,0,0,0,0,0,0,0,0,0,0,0,0,0,0,0,0,0,0,0,0,0,0,0,0,0,0,0,0,0,51,0,0,0,0,0,0,0,0,0,0,0,0,_neworder_graveyard,0,0,0,0,0,0,0,0,0,0,0,0,0,0,0,0,0,0,0,0,0,0,0,0,0,0
57,10018649925317144938,44736,0,0,0,0,0,43905,0,0,0,0,0,0,0,0,0,0,0,0,0,0,0,0,0,4424,861666,0,0,0,194891,0,0,0,52,0,0,0,0,0,0,0,0,0,88637,0,0,order,0,0,0,0,0,0,0,4427,0,0,0,0,4427,92326,0,0,92326,0,0,0,0,0,88634,0,0,0
57,10018649925317144938,0,0,0,0,0,0,0,0,0,0,0,0,0,0,0,0,0,0,0,0,0,0,0,0,0,0,0,0,0,0,0,0,0,53,0,0,0,0,0,0,0,0,0,0,0,0,_order_graveyard,0,0,0,0,0,0,0,0,0,0,0,0,0,0,0,0,0,0,0,0,0,0,0,0,0,0
57,10018649925317144938,0,0,0,0,0,0,0,0,0,0,0,0,0,0,0,0,3691,0,0,0,0,0,0,0,1438,320802,0,0,0,103242,0,0,0,54,0,0,0,0,0,0,3691,0,0,0,0,0,order_wdc,0,0,0,0,0,0,0,1441,0,0,0,0,1442,3691,0,0,3691,0,0,0,0,0,0,0,0,0
57,10018649925317144938,0,0,0,0,0,0,0,0,0,0,0,0,0,0,0,0,0,0,0,0,0,0,0,0,0,0,0,0,0,0,0,0,0,55,0,0,0,0,0,0,0,0,0,0,0,0,_order_wdc_graveyard,0,0,0,0,0,0,0,0,0,0,0,0,0,0,0,0,0,0,0,0,0,0,0,0,0,0
57,10018649925317144938,449039,0,0,0,0,0,438747,0,0,0,0,0,0,0,0,0,0,0,0,0,0,0,102537,0,60469,7899508,0,0,0,1961954,0,1015,0,56,0,0,0,0,0,0,12908,0,0,887750,0,0,orderline,1863808,1015,0,0,0,0,0,61314,0,0,0,12832,61314,1876566,0,0,1876537,0,0,0,0,0,887744,0,0,0
57,10018649925317144938,0,0,0,0,0,0,0,0,0,0,0,0,0,0,0,0,0,0,0,0,0,0,0,0,0,0,0,0,0,0,0,0,0,57,0,0,0,0,0,0,0,0,0,0,0,0,_orderline_graveyard,0,0,0,0,0,0,0,0,0,0,0,0,0,0,0,0,0,0,0,0,0,0,0,0,0,0
57,10018649925317144938,0,0,0,0,0,0,0,0,0,0,0,0,0,0,0,0,0,0,0,0,0,0,0,0,0,2026910,0,0,0,0,0,0,0,58,0,0,0,0,0,0,0,0,0,0,0,0,item,0,0,0,0,0,0,0,0,0,0,0,0,0,1013389,0,0,1013383,0,0,0,0,0,0,0,0,0
58,10018649925317144938,0,0,0,0,0,0,0,0,0,0,0,0,0,0,0,0,0,0,0,0,0,0,0,0,0,0,0,0,0,0,0,0,0,61,0,0,0,0,0,0,0,0,0,0,0,0,_stock_graveyard,0,0,0,0,0,0,0,0,0,0,0,0,0,0,0,0,0,0,0,0,0,0,0,0,0,0
58,10018649925317144938,504038,0,0,0,0,0,491810,0,0,0,0,0,0,0,0,0,0,0,0,0,0,0,0,0,0,15177803,0,0,0,996918,0,0,0,60,0,0,0,0,0,0,1118,0,0,995887,0,0,stock,0,0,0,0,0,0,0,0,0,0,0,0,0,2796602,0,0,2796616,0,0,0,0,0,995888,0,0,0
58,10018649925317144938,0,0,0,0,0,0,0,0,0,0,0,0,0,0,0,0,0,0,0,0,0,0,0,0,0,0,0,0,0,0,0,0,0,59,0,0,0,0,0,0,0,0,0,0,0,0,_item_graveyard,0,0,0,0,0,0,0,0,0,0,0,0,0,0,0,0,0,0,0,0,0,0,0,0,0,0
58,10018649925317144938,0,0,0,0,0,0,0,0,0,0,0,0,0,0,0,0,0,0,0,0,0,0,332,0,2369,68065,0,0,0,67848,0,0,0,28,332,837,0,0,0,0,219,0,0,0,0,2736,_history_tree_14_updates,2015,0,0,0,0,0,0,5108,2736,0,0,0,7844,0,0,0,0,0,2406,0,0,0,0,0,0,0
58,10018649925317144938,0,0,0,0,0,0,0,0,0,0,0,0,0,0,0,0,0,0,0,0,0,0,1048,0,6,9667,0,0,0,9649,0,0,0,27,2597,3,0,0,0,0,18,0,0,0,0,2606,_history_tree_13_removes,3077,0,0,0,0,0,0,2612,2606,0,0,0,5218,0,0,0,0,0,9,0,0,0,0,0,0,0
58,10018649925317144938,0,0,0,0,0,0,0,0,0,0,0,0,0,0,0,0,0,0,0,0,0,0,354,0,2387,68713,0,0,0,68517,0,0,0,26,354,891,0,0,0,0,197,0,0,0,0,2753,_history_tree_13_updates,2053,0,0,0,0,0,0,5185,2753,0,0,0,7938,0,0,0,0,0,2444,0,0,0,0,0,0,0
58,10018649925317144938,0,0,0,0,0,0,0,0,0,0,0,0,0,0,0,0,0,0,0,0,0,0,1035,0,4,9343,0,0,0,9335,0,0,0,25,2653,1,0,0,0,0,8,0,0,0,0,2659,_history_tree_12_removes,3104,0,0,0,0,0,0,2663,2659,0,0,0,5322,0,0,0,0,0,6,0,0,0,0,0,0,0
58,10018649925317144938,0,0,0,0,0,0,0,0,0,0,0,0,0,0,0,0,0,0,0,0,0,0,354,0,2385,68305,0,0,0,68101,0,0,0,24,354,859,0,0,0,0,205,0,0,0,0,2757,_history_tree_12_updates,2065,0,0,0,0,0,0,5188,2757,0,0,0,7945,0,0,0,0,0,2449,0,0,0,0,0,0,0
58,10018649925317144938,0,0,0,0,0,0,0,0,0,0,0,0,0,0,0,0,0,0,0,0,0,0,1055,0,6,9615,0,0,0,9603,0,0,0,23,2652,3,0,0,0,0,12,0,0,0,0,2659,_history_tree_11_removes,3110,0,0,0,0,0,0,2665,2659,0,0,0,5324,0,0,0,0,0,7,0,0,0,0,0,0,0
58,10018649925317144938,0,0,0,0,0,0,0,0,0,0,0,0,0,0,0,0,0,0,0,0,0,0,311,0,2407,69269,0,0,0,69054,0,0,0,22,311,849,0,0,0,0,216,0,0,0,0,2727,_history_tree_11_updates,2038,0,0,0,0,0,0,5178,2727,0,0,0,7905,0,0,0,0,0,2460,0,0,0,0,0,0,0
58,10018649925317144938,0,0,0,0,0,0,0,0,0,0,0,0,0,0,0,0,0,0,0,0,0,0,1042,0,2,9409,0,0,0,9388,0,0,0,21,2653,0,0,0,0,0,21,0,0,0,0,2657,_history_tree_10_removes,3107,0,0,0,0,0,0,2659,2657,0,0,0,5316,0,0,0,0,0,4,0,0,0,0,0,0,0
58,10018649925317144938,0,0,0,0,0,0,0,0,0,0,0,0,0,0,0,0,0,0,0,0,0,0,383,0,2384,68412,0,0,0,68197,0,0,0,20,383,871,0,0,0,0,217,0,0,0,0,2796,_history_tree_10_updates,2057,0,0,0,0,0,0,5200,2796,0,0,0,7996,0,0,0,0,0,2432,0,0,0,0,0,0,0
58,10018649925317144938,0,0,0,0,0,0,0,0,0,0,0,0,0,0,0,0,0,0,0,0,0,0,1042,0,5,9492,0,0,0,9480,0,0,0,19,2652,2,0,0,0,0,12,0,0,0,0,2659,_history_tree_9_removes,3113,0,0,0,0,0,0,2664,2659,0,0,0,5323,0,0,0,0,0,7,0,0,0,0,0,0,0
58,10018649925317144938,0,0,0,0,0,0,0,0,0,0,0,0,0,0,0,0,0,0,0,0,0,0,298,0,2392,68825,0,0,0,68598,0,0,0,18,298,845,0,0,0,0,226,0,0,0,0,2710,_history_tree_9_updates,2018,0,0,0,0,0,0,5137,2710,0,0,0,7847,0,0,0,0,0,2447,0,0,0,0,0,0,0
58,10018649925317144938,0,0,0,0,0,0,0,0,0,0,0,0,0,0,0,0,0,0,0,0,0,0,1052,0,6,9688,0,0,0,9669,0,0,0,17,2663,3,0,0,0,0,19,0,0,0,0,2672,_history_tree_8_removes,3123,0,0,0,0,0,0,2678,2672,0,0,0,5350,0,0,0,0,0,8,0,0,0,0,0,0,0
58,10018649925317144938,0,0,0,0,0,0,0,0,0,0,0,0,0,0,0,0,0,0,0,0,0,0,343,0,2415,69624,0,0,0,69400,0,0,0,16,343,900,0,0,0,0,224,0,0,0,0,2764,_history_tree_8_updates,2062,0,0,0,0,0,0,5231,2764,0,0,0,7995,0,0,0,0,0,2473,0,0,0,0,0,0,0
58,10018649925317144938,0,0,0,0,0,0,0,0,0,0,0,0,0,0,0,0,0,0,0,0,0,0,1003,0,5,9300,0,0,0,9283,0,0,0,15,2697,0,0,0,0,0,17,0,0,0,0,2702,_history_tree_7_removes,3150,0,0,0,0,0,0,2707,2702,0,0,0,5409,0,0,0,0,0,5,0,0,0,0,0,0,0
58,10018649925317144938,0,0,0,0,0,0,0,0,0,0,0,0,0,0,0,0,0,0,0,0,0,0,347,0,2408,68812,0,0,0,68630,0,0,0,14,347,793,0,0,0,0,181,0,0,0,0,2748,_history_tree_7_updates,2087,0,0,0,0,0,0,5166,2748,0,0,0,7914,0,0,0,0,0,2411,0,0,0,0,0,0,0
58,10018649925317144938,0,0,0,0,0,0,0,0,0,0,0,0,0,0,0,0,0,0,0,0,0,0,1045,0,7,9731,0,0,0,9715,0,0,0,13,2650,5,0,0,0,0,16,0,0,0,0,2659,_history_tree_6_removes,3126,0,0,0,0,0,0,2666,2659,0,0,0,5325,0,0,0,0,0,9,0,0,0,0,0,0,0
58,10018649925317144938,0,0,0,0,0,0,0,0,0,0,0,0,0,22322799,23000231,0,0,0,0,0,0,0,313,0,2398,69003,0,0,0,68784,0,0,0,0,313,863,0,0,0,0,218,0,0,0,0,2711,_history_tree_0_updates,2032,0,1511945,0,0,0,0,5172,2711,0,0,0,7883,0,0,0,0,0,2461,0,0,0,0,725634,0,0
58,10018649925317144938,0,0,0,0,0,0,0,0,0,0,0,0,0,0,0,0,0,0,0,0,0,0,1069,0,6,9618,0,0,0,9607,0,0,0,1,2663,5,0,0,0,0,11,0,0,0,0,2672,_history_tree_0_removes,3135,0,0,0,0,0,0,2679,2673,0,0,0,5352,0,0,0,0,0,9,0,0,0,0,0,0,0
58,10018649925317144938,0,0,0,0,0,0,0,0,0,0,0,0,0,0,0,0,0,0,0,0,0,0,369,0,2396,68880,0,0,0,68670,0,0,0,2,369,878,0,0,0,0,210,0,0,0,0,2808,_history_tree_1_updates,2066,0,0,0,0,0,0,5222,2809,0,0,0,8031,0,0,0,0,0,2457,0,0,0,0,0,0,0
58,10018649925317144938,0,0,0,0,0,0,0,0,0,0,0,0,0,0,0,0,0,0,0,0,0,0,1000,0,8,9625,0,0,0,9612,0,0,0,3,2670,6,0,0,0,0,13,0,0,0,0,2682,_history_tree_1_removes,3129,0,0,0,0,0,0,2690,2682,0,0,0,5372,0,0,0,0,0,12,0,0,0,0,0,0,0
58,10018649925317144938,0,0,0,0,0,0,0,0,0,0,0,0,0,0,0,0,0,0,0,0,0,0,357,0,2367,67581,0,0,0,67323,0,0,0,4,357,841,0,0,0,0,257,0,0,0,0,2740,_history_tree_2_updates,2089,0,0,0,0,0,0,5151,2740,0,0,0,7891,0,0,0,0,0,2427,0,0,0,0,0,0,0
58,10018649925317144938,0,0,0,0,0,0,0,0,0,0,0,0,0,0,0,0,0,0,0,0,0,0,982,0,6,9148,0,0,0,9139,0,0,0,5,2709,2,0,0,0,0,9,0,0,0,0,2717,_history_tree_2_removes,3182,0,0,0,0,0,0,2723,2717,0,0,0,5440,0,0,0,0,0,8,0,0,0,0,0,0,0
58,10018649925317144938,0,0,0,0,0,0,0,0,0,0,0,0,0,0,0,0,0,0,0,0,0,0,327,0,2397,68969,0,0,0,68763,0,0,0,6,327,883,0,0,0,0,206,0,0,0,0,2706,_history_tree_3_updates,2018,0,0,0,0,0,0,5173,2706,0,0,0,7879,0,0,0,0,0,2449,0,0,0,0,0,0,0
58,10018649925317144938,0,0,0,0,0,0,0,0,0,0,0,0,0,0,0,0,0,0,0,0,0,0,1031,0,9,9653,0,0,0,9637,0,0,0,7,2583,6,0,0,0,0,16,0,0,0,0,2594,_history_tree_3_removes,3045,0,0,0,0,0,0,2603,2594,0,0,0,5197,0,0,0,0,0,11,0,0,0,0,0,0,0
58,10018649925317144938,0,0,0,0,0,0,0,0,0,0,0,0,0,0,0,0,0,0,0,0,0,0,346,0,2385,68087,0,0,0,67856,0,0,0,8,346,845,0,0,0,0,231,0,0,0,0,2762,_history_tree_4_updates,2034,0,0,0,0,0,0,5157,2762,0,0,0,7919,0,0,0,0,0,2425,0,0,0,0,0,0,0
58,10018649925317144938,0,0,0,0,0,0,0,0,0,0,0,0,0,0,0,0,0,0,0,0,0,0,1005,0,6,9183,0,0,0,9164,0,0,0,9,2665,1,0,0,0,0,20,0,0,0,0,2672,_history_tree_4_removes,3103,0,0,0,0,0,0,2678,2672,0,0,0,5350,0,0,0,0,0,7,0,0,0,0,0,0,0
58,10018649925317144938,0,0,0,0,0,0,0,0,0,0,0,0,0,0,0,0,0,0,0,0,0,0,363,0,2401,69056,0,0,0,68800,0,0,0,10,363,830,0,0,0,0,253,0,0,0,0,2776,_history_tree_5_updates,2092,0,0,0,0,0,0,5184,2777,0,0,0,7961,0,0,0,0,0,2420,0,0,0,0,0,0,0
58,10018649925317144938,0,0,0,0,0,0,0,0,0,0,0,0,0,0,0,0,0,0,0,0,0,0,1060,0,6,9575,0,0,0,9557,0,0,0,11,2688,2,0,0,0,0,18,0,0,0,0,2695,_history_tree_5_removes,3181,0,0,0,0,0,0,2701,2695,0,0,0,5396,0,0,0,0,0,7,0,0,0,0,0,0,0
58,10018649925317144938,0,0,0,0,0,0,0,0,0,0,0,0,0,0,0,0,0,0,0,0,0,0,297,0,2416,69571,0,0,0,69379,0,0,0,12,297,876,0,0,0,0,189,0,0,0,0,2659,_history_tree_6_updates,2033,0,0,0,0,0,0,5189,2659,0,0,0,7848,0,0,0,0,0,2476,0,0,0,0,0,0,0
58,10018649925317144938,0,0,0,0,0,0,0,0,0,0,0,0,0,0,0,0,0,0,0,0,0,0,1014,0,5,9403,0,0,0,9377,0,0,0,29,2647,0,0,0,0,0,26,0,0,0,0,2653,_history_tree_14_removes,3101,0,0,0,0,0,0,2658,2653,0,0,0,5311,0,0,0,0,0,6,0,0,0,0,0,0,0
58,10018649925317144938,0,0,0,0,0,0,0,0,0,0,0,0,0,0,0,0,0,0,0,0,0,0,351,0,2383,68404,0,0,0,68205,0,0,0,30,351,887,0,0,0,0,198,0,0,0,0,2742,_history_tree_15_updates,2007,0,0,0,0,0,0,5154,2742,0,0,0,7896,0,0,0,0,0,2420,0,0,0,0,0,0,0
58,10018649925317144938,0,0,0,0,0,0,0,0,0,0,0,0,0,0,0,0,0,0,0,0,0,0,1076,0,6,9527,0,0,0,9509,0,0,0,31,2634,0,0,0,0,0,18,0,0,0,0,2641,_history_tree_15_removes,3121,0,0,0,0,0,0,2647,2641,0,0,0,5288,0,0,0,0,0,7,0,0,0,0,0,0,0
58,10018649925317144938,0,0,0,0,0,0,0,0,0,0,0,0,0,0,0,0,0,0,0,0,0,0,329,0,2376,67968,0,0,0,67765,0,0,0,32,329,851,0,0,0,0,204,0,0,0,0,2738,_history_tree_16_updates,2031,0,0,0,0,0,0,5132,2738,0,0,0,7870,0,0,0,0,0,2427,0,0,0,0,0,0,0
58,10018649925317144938,0,0,0,0,0,0,0,0,0,0,0,0,0,0,0,0,0,0,0,0,0,0,988,0,5,9169,0,0,0,9163,0,0,0,33,2624,1,0,0,0,0,6,0,0,0,0,2631,_history_tree_16_removes,3056,0,0,0,0,0,0,2636,2631,0,0,0,5267,0,0,0,0,0,7,0,0,0,0,0,0,0
58,10018649925317144938,0,0,0,0,0,0,0,0,0,0,0,0,0,0,0,0,0,0,0,0,0,0,378,0,2367,145488,0,0,0,72525,0,0,0,34,10691,2803,0,0,0,0,219,0,0,0,0,6407,_history_tree_17_updates,4064,0,0,0,0,0,0,15483,12814,0,0,0,21890,0,0,0,0,0,2425,0,0,0,0,0,0,0
58,10018649925317144938,0,0,0,0,0,0,0,0,0,0,0,0,0,0,0,0,0,0,0,0,0,0,853,0,21,9449,0,0,0,9431,0,0,0,35,2484,12,0,0,0,0,18,0,0,0,0,2507,_history_tree_17_removes,2957,0,0,0,0,0,0,2528,2507,0,0,0,5035,0,0,0,0,0,23,0,0,0,0,0,0,0
58,10018649925317144938,0,0,0,0,0,0,0,0,0,0,0,0,0,0,0,0,0,0,0,0,0,0,353,0,2404,69527,0,0,0,69297,0,0,0,36,353,878,0,0,0,0,230,0,0,0,0,2788,_history_tree_18_updates,2027,0,0,0,0,0,0,5196,2788,0,0,0,7984,0,0,0,0,0,2439,0,0,0,0,0,0,0
58,10018649925317144938,0,0,0,0,0,0,0,0,0,0,0,0,0,0,0,0,0,0,0,0,0,0,1060,0,7,9729,0,0,0,9718,0,0,0,37,2622,3,0,0,0,0,11,0,0,0,0,2629,_history_tree_18_removes,3079,0,0,0,0,0,0,2636,2629,0,0,0,5265,0,0,0,0,0,7,0,0,0,0,0,0,0
58,10018649925317144938,0,0,0,0,0,0,0,0,0,0,0,0,0,0,0,0,0,0,0,0,0,0,321,0,2402,69300,0,0,0,69074,0,0,0,38,322,803,0,0,0,0,226,0,0,0,0,2689,_history_tree_19_updates,2049,0,0,0,0,0,0,5124,2689,0,0,0,7813,0,0,0,0,0,2400,0,0,0,0,0,0,0
58,10018649925317144938,0,0,0,0,0,0,0,0,0,0,0,0,0,0,0,0,0,0,0,0,0,0,1099,0,5,9667,0,0,0,9658,0,0,0,39,2687,3,0,0,0,0,9,0,0,0,0,2692,_history_tree_19_removes,3155,0,0,0,0,0,0,2697,2692,0,0,0,5389,0,0,0,0,0,5,0,0,0,0,0,0,0
58,10018649925317144938,49615,0,0,0,0,0,45713,0,0,0,0,0,0,0,0,0,0,0,0,0,0,0,0,0,0,297635,0,0,0,97388,0,0,0,40,0,0,0,0,0,0,2188,0,0,95336,0,0,warehouse,0,0,0,0,0,0,0,0,0,0,0,0,0,197664,0,0,197665,0,0,0,0,0,95336,0,0,0
58,10018649925317144938,0,0,0,0,0,0,0,0,0,0,0,0,0,0,0,0,0,0,0,0,0,0,0,0,0,0,0,0,0,0,0,0,0,41,0,0,0,0,0,0,0,0,0,0,0,0,_warehouse_graveyard,0,0,0,0,0,0,0,0,0,0,0,0,0,0,0,0,0,0,0,0,0,0,0,0,0,0
58,10018649925317144938,98080,0,0,0,0,0,96456,0,0,0,0,0,0,0,0,0,0,0,0,0,0,0,0,0,0,302189,0,0,0,196730,0,0,0,42,0,0,0,0,0,0,1008,0,0,194551,0,0,district,0,0,0,0,0,0,0,0,0,0,0,0,0,104410,0,0,104411,0,0,0,0,0,194568,0,0,0
58,10018649925317144938,0,0,0,0,0,0,0,0,0,0,0,0,0,0,0,0,0,0,0,0,0,0,0,0,0,0,0,0,0,0,0,0,0,43,0,0,0,0,0,0,0,0,0,0,0,0,_district_graveyard,0,0,0,0,0,0,0,0,0,0,0,0,0,0,0,0,0,0,0,0,0,0,0,0,0,0
58,10018649925317144938,64433,0,0,0,0,0,60851,0,0,0,0,0,0,0,0,0,0,0,0,0,0,0,0,0,0,804000,0,0,0,125309,0,0,0,44,0,0,0,0,0,0,8,0,0,125287,0,0,customer,0,0,0,0,0,0,0,0,0,0,0,0,0,142688,0,0,142688,0,0,0,0,0,125294,0,0,0
58,10018649925317144938,0,0,0,0,0,0,0,0,0,0,0,0,0,0,0,0,0,0,0,0,0,0,0,0,0,0,0,0,0,0,0,0,0,45,0,0,0,0,0,0,0,0,0,0,0,0,_customer_graveyard,0,0,0,0,0,0,0,0,0,0,0,0,0,0,0,0,0,0,0,0,0,0,0,0,0,0
58,10018649925317144938,0,0,0,0,0,0,0,0,0,0,0,0,0,0,0,0,0,0,0,0,0,0,0,0,0,185895,0,0,0,0,0,0,0,46,0,0,0,0,0,0,61965,0,0,0,0,0,customerwdl,0,0,0,0,0,0,0,0,0,0,0,61965,0,61966,0,0,61967,0,0,0,0,0,0,0,0,0
58,10018649925317144938,0,0,0,0,0,0,0,0,0,0,0,0,0,0,0,0,0,0,0,0,0,0,0,0,0,0,0,0,0,0,0,0,0,47,0,0,0,0,0,0,0,0,0,0,0,0,_customerwdl_graveyard,0,0,0,0,0,0,0,0,0,0,0,0,0,0,0,0,0,0,0,0,0,0,0,0,0,0
58,10018649925317144938,0,0,0,0,0,0,0,0,0,0,0,0,0,0,0,0,0,0,0,0,0,0,0,0,2248,120165,0,0,0,40055,0,0,0,48,0,0,0,0,0,0,0,0,0,0,0,0,history,0,0,0,0,0,0,0,2274,0,0,0,0,2274,0,0,0,0,0,0,0,0,0,0,0,0,0
58,10018649925317144938,0,0,0,0,0,0,0,0,0,0,0,0,0,0,0,0,0,0,0,0,0,0,0,0,0,0,0,0,0,0,0,0,0,49,0,0,0,0,0,0,0,0,0,0,0,0,_history_graveyard,0,0,0,0,0,0,0,0,0,0,0,0,0,0,0,0,0,0,0,0,0,0,0,0,0,0
58,10018649925317144938,43814,89210,0,89210,0,0,43717,0,0,0,0,0,0,0,0,0,0,0,0,0,0,0,55383,0,2099,1181796,0,0,0,279566,0,11540,0,50,70,0,0,0,0,0,114348,0,0,0,0,0,neworder,93413,11532,0,0,0,0,0,4054,32,0,0,87837,4056,99361,0,0,99362,0,1882,0,0,0,0,0,0,0
58,10018649925317144938,0,0,0,0,0,0,0,0,0,0,0,0,0,0,0,0,0,0,0,0,0,0,0,0,0,0,0,0,0,0,0,0,0,51,0,0,0,0,0,0,0,0,0,0,0,0,_neworder_graveyard,0,0,0,0,0,0,0,0,0,0,0,0,0,0,0,0,0,0,0,0,0,0,0,0,0,0
58,10018649925317144938,43998,0,0,0,0,0,43539,0,0,0,0,0,0,0,0,0,0,0,0,0,0,0,0,0,4391,850665,0,0,0,192376,0,0,0,52,0,0,0,0,0,0,0,0,0,87539,0,0,order,0,0,0,0,0,0,0,4400,0,0,0,0,4400,91181,0,0,91181,0,0,0,0,0,87540,0,0,0
58,10018649925317144938,0,0,0,0,0,0,0,0,0,0,0,0,0,0,0,0,0,0,0,0,0,0,0,0,0,0,0,0,0,0,0,0,0,53,0,0,0,0,0,0,0,0,0,0,0,0,_order_graveyard,0,0,0,0,0,0,0,0,0,0,0,0,0,0,0,0,0,0,0,0,0,0,0,0,0,0
58,10018649925317144938,0,0,0,0,0,0,0,0,0,0,0,0,0,0,0,0,3643,0,0,0,0,0,0,0,1340,316286,0,0,0,101785,0,0,0,54,0,0,0,0,0,0,3643,0,0,0,0,0,order_wdc,0,0,0,0,0,0,0,1345,0,0,0,0,1344,3643,0,0,3643,0,0,0,0,0,0,0,0,0
58,10018649925317144938,0,0,0,0,0,0,0,0,0,0,0,0,0,0,0,0,0,0,0,0,0,0,0,0,0,0,0,0,0,0,0,0,0,55,0,0,0,0,0,0,0,0,0,0,0,0,_order_wdc_graveyard,0,0,0,0,0,0,0,0,0,0,0,0,0,0,0,0,0,0,0,0,0,0,0,0,0,0
58,10018649925317144938,442837,0,0,0,0,0,432632,0,0,0,0,0,0,0,0,0,0,0,0,0,0,0,101933,0,59694,7798688,0,0,0,1936892,0,1144,0,56,0,0,0,0,0,0,12792,0,0,875494,0,0,orderline,1851977,1144,0,0,0,0,0,60500,0,0,0,12721,60499,1864740,0,0,1864752,0,0,0,0,0,875502,0,0,0
58,10018649925317144938,0,0,0,0,0,0,0,0,0,0,0,0,0,0,0,0,0,0,0,0,0,0,0,0,0,0,0,0,0,0,0,0,0,57,0,0,0,0,0,0,0,0,0,0,0,0,_orderline_graveyard,0,0,0,0,0,0,0,0,0,0,0,0,0,0,0,0,0,0,0,0,0,0,0,0,0,0
58,10018649925317144938,0,0,0,0,0,0,0,0,0,0,0,0,0,0,0,0,0,0,0,0,0,0,0,0,0,2003426,0,0,0,0,0,0,0,58,0,0,0,0,0,0,0,0,0,0,0,0,item,0,0,0,0,0,0,0,0,0,0,0,0,0,1001796,0,0,1001805,0,0,0,0,0,0,0,0,0
59,10018649925317144938,0,0,0,0,0,0,0,0,0,0,0,0,0,0,0,0,0,0,0,0,0,0,0,0,0,0,0,0,0,0,0,0,0,61,0,0,0,0,0,0,0,0,0,0,0,0,_stock_graveyard,0,0,0,0,0,0,0,0,0,0,0,0,0,0,0,0,0,0,0,0,0,0,0,0,0,0
59,10018649925317144938,496715,0,0,0,0,0,484017,0,0,0,0,0,0,0,0,0,0,0,0,0,0,0,0,0,0,14940285,0,0,0,981655,0,0,0,60,0,0,0,0,0,0,1081,0,0,980720,0,0,stock,0,0,0,0,0,0,0,0,0,0,0,0,0,2752351,0,0,2752350,0,0,0,0,0,980728,0,0,0
59,10018649925317144938,0,0,0,0,0,0,0,0,0,0,0,0,0,0,0,0,0,0,0,0,0,0,0,0,0,0,0,0,0,0,0,0,0,59,0,0,0,0,0,0,0,0,0,0,0,0,_item_graveyard,0,0,0,0,0,0,0,0,0,0,0,0,0,0,0,0,0,0,0,0,0,0,0,0,0,0
59,10018649925317144938,0,0,0,0,0,0,0,0,0,0,0,0,0,0,0,0,0,0,0,0,0,0,363,0,2381,68062,0,0,0,67848,0,0,0,28,363,874,0,0,0,0,213,0,0,0,0,2707,_history_tree_14_updates,2008,0,0,0,0,0,0,5125,2707,0,0,0,7832,0,0,0,0,0,2382,0,0,0,0,0,0,0
59,10018649925317144938,0,0,0,0,0,0,0,0,0,0,0,0,0,0,0,0,0,0,0,0,0,0,1098,0,3,9707,0,0,0,9691,0,0,0,27,2621,2,0,0,0,0,16,0,0,0,0,2624,_history_tree_13_removes,3084,0,0,0,0,0,0,2627,2624,0,0,0,5252,0,0,0,0,0,3,0,0,0,0,0,0,0
59,10018649925317144938,0,0,0,0,0,0,0,0,0,0,0,0,0,0,0,0,0,0,0,0,0,0,314,0,2375,68658,0,0,0,68472,0,0,0,26,314,801,0,0,0,0,184,0,0,0,0,2679,_history_tree_13_updates,2008,0,0,0,0,0,0,5066,2679,0,0,0,7745,0,0,0,0,0,2377,0,0,0,0,0,0,0
59,10018649925317144938,0,0,0,0,0,0,0,0,0,0,0,0,0,0,0,0,0,0,0,0,0,0,1061,0,5,9305,0,0,0,9290,0,0,0,25,2524,0,0,0,0,0,15,0,0,0,0,2529,_history_tree_12_removes,2974,0,0,0,0,0,0,2534,2529,0,0,0,5063,0,0,0,0,0,5,0,0,0,0,0,0,0
59,10018649925317144938,0,0,0,0,0,0,0,0,0,0,0,0,0,0,0,0,0,0,0,0,0,0,345,0,2351,67644,0,0,0,67430,0,0,0,24,345,814,0,0,0,0,212,0,0,0,0,2688,_history_tree_12_updates,1995,0,0,0,0,0,0,5046,2688,0,0,0,7734,0,0,0,0,0,2350,0,0,0,0,0,0,0
59,10018649925317144938,0,0,0,0,0,0,0,0,0,0,0,0,0,0,0,0,0,0,0,0,0,0,1031,0,2,9008,0,0,0,8991,0,0,0,23,2625,0,0,0,0,0,17,0,0,0,0,2627,_history_tree_11_removes,3069,0,0,0,0,0,0,2629,2627,0,0,0,5256,0,0,0,0,0,2,0,0,0,0,0,0,0
59,10018649925317144938,0,0,0,0,0,0,0,0,0,0,0,0,0,0,0,0,0,0,0,0,0,0,318,0,2329,66678,0,0,0,66490,0,0,0,22,318,745,0,0,0,0,188,0,0,0,0,2647,_history_tree_11_updates,2003,0,0,0,0,0,0,4976,2647,0,0,0,7623,0,0,0,0,0,2329,0,0,0,0,0,0,0
59,10018649925317144938,0,0,0,0,0,0,0,0,0,0,0,0,0,0,0,0,0,0,0,0,0,0,1057,0,4,9260,0,0,0,9244,0,0,0,21,2554,2,0,0,0,0,16,0,0,0,0,2558,_history_tree_10_removes,3023,0,0,0,0,0,0,2562,2558,0,0,0,5120,0,0,0,0,0,4,0,0,0,0,0,0,0
59,10018649925317144938,0,0,0,0,0,0,0,0,0,0,0,0,0,0,0,0,0,0,0,0,0,0,307,0,2344,67432,0,0,0,67223,0,0,0,20,307,797,0,0,0,0,207,0,0,0,0,2645,_history_tree_10_updates,1989,0,0,0,0,0,0,4996,2645,0,0,0,7641,0,0,0,0,0,2346,0,0,0,0,0,0,0
59,10018649925317144938,0,0,0,0,0,0,0,0,0,0,0,0,0,0,0,0,0,0,0,0,0,0,982,0,9,9238,0,0,0,9220,0,0,0,19,2563,3,0,0,0,0,18,0,0,0,0,2572,_history_tree_9_removes,3038,0,0,0,0,0,0,2581,2572,0,0,0,5153,0,0,0,0,0,9,0,0,0,0,0,0,0
59,10018649925317144938,0,0,0,0,0,0,0,0,0,0,0,0,0,0,0,0,0,0,0,0,0,0,342,0,2327,66995,0,0,0,66774,0,0,0,18,342,803,0,0,0,0,222,0,0,0,0,2651,_history_tree_9_updates,2016,0,0,0,0,0,0,4995,2651,0,0,0,7646,0,0,0,0,0,2327,0,0,0,0,0,0,0
59,10018649925317144938,0,0,0,0,0,0,0,0,0,0,0,0,0,0,0,0,0,0,0,0,0,0,1051,0,6,9257,0,0,0,9241,0,0,0,17,2602,2,0,0,0,0,16,0,0,0,0,2607,_history_tree_8_removes,3045,0,0,0,0,0,0,2613,2607,0,0,0,5220,0,0,0,0,0,6,0,0,0,0,0,0,0
59,10018649925317144938,0,0,0,0,0,0,0,0,0,0,0,0,0,0,0,0,0,0,0,0,0,0,304,0,2355,67568,0,0,0,67315,0,0,0,16,304,793,0,0,0,0,253,0,0,0,0,2649,_history_tree_8_updates,2004,0,0,0,0,0,0,5013,2649,0,0,0,7662,0,0,0,0,0,2354,0,0,0,0,0,0,0
59,10018649925317144938,0,0,0,0,0,0,0,0,0,0,0,0,0,0,0,0,0,0,0,0,0,0,990,0,4,9024,0,0,0,9010,0,0,0,15,2673,1,0,0,0,0,14,0,0,0,0,2678,_history_tree_7_removes,3133,0,0,0,0,0,0,2682,2678,0,0,0,5360,0,0,0,0,0,4,0,0,0,0,0,0,0
59,10018649925317144938,0,0,0,0,0,0,0,0,0,0,0,0,0,0,0,0,0,0,0,0,0,0,338,0,2341,66927,0,0,0,66692,0,0,0,14,338,785,0,0,0,0,232,0,0,0,0,2659,_history_tree_7_updates,2024,0,0,0,0,0,0,5024,2659,0,0,0,7683,0,0,0,0,0,2342,0,0,0,0,0,0,0
59,10018649925317144938,0,0,0,0,0,0,0,0,0,0,0,0,0,0,0,0,0,0,0,0,0,0,1042,0,5,9219,0,0,0,9202,0,0,0,13,2544,2,0,0,0,0,17,0,0,0,0,2549,_history_tree_6_removes,2975,0,0,0,0,0,0,2554,2549,0,0,0,5103,0,0,0,0,0,5,0,0,0,0,0,0,0
59,10018649925317144938,0,0,0,0,0,0,0,0,0,0,0,0,0,21930767,22566145,0,0,0,0,0,0,0,394,0,2356,67962,0,0,0,67799,0,0,0,0,394,823,0,0,0,0,163,0,0,0,0,2723,_history_tree_0_updates,2057,0,1479700,0,0,0,0,5106,2723,0,0,0,7829,0,0,0,0,0,2356,0,0,0,0,695419,0,0
59,10018649925317144938,0,0,0,0,0,0,0,0,0,0,0,0,0,0,0,0,0,0,0,0,0,0,1039,0,4,9587,0,0,0,9572,0,0,0,1,2550,2,0,0,0,0,15,0,0,0,0,2554,_history_tree_0_removes,3019,0,0,0,0,0,0,2557,2553,0,0,0,5110,0,0,0,0,0,4,0,0,0,0,0,0,0
59,10018649925317144938,0,0,0,0,0,0,0,0,0,0,0,0,0,0,0,0,0,0,0,0,0,0,319,0,2342,67463,0,0,0,67228,0,0,0,2,319,778,0,0,0,0,233,0,0,0,0,2656,_history_tree_1_updates,2004,0,0,0,0,0,0,5001,2655,0,0,0,7656,0,0,0,0,0,2340,0,0,0,0,0,0,0
59,10018649925317144938,0,0,0,0,0,0,0,0,0,0,0,0,0,0,0,0,0,0,0,0,0,0,1023,0,3,9280,0,0,0,9263,0,0,0,3,2580,0,0,0,0,0,17,0,0,0,0,2583,_history_tree_1_removes,3046,0,0,0,0,0,0,2586,2583,0,0,0,5169,0,0,0,0,0,3,0,0,0,0,0,0,0
59,10018649925317144938,0,0,0,0,0,0,0,0,0,0,0,0,0,0,0,0,0,0,0,0,0,0,336,0,2332,66635,0,0,0,66445,0,0,0,4,336,796,0,0,0,0,190,0,0,0,0,2647,_history_tree_2_updates,1991,0,0,0,0,0,0,5000,2647,0,0,0,7647,0,0,0,0,0,2332,0,0,0,0,0,0,0
59,10018649925317144938,0,0,0,0,0,0,0,0,0,0,0,0,0,0,0,0,0,0,0,0,0,0,1018,0,6,8996,0,0,0,8981,0,0,0,5,2571,1,0,0,0,0,15,0,0,0,0,2577,_history_tree_2_removes,3026,0,0,0,0,0,0,2583,2577,0,0,0,5160,0,0,0,0,0,6,0,0,0,0,0,0,0
59,10018649925317144938,0,0,0,0,0,0,0,0,0,0,0,0,0,0,0,0,0,0,0,0,0,0,405,0,2329,66454,0,0,0,66258,0,0,0,6,405,830,0,0,0,0,196,0,0,0,0,2706,_history_tree_3_updates,2024,0,0,0,0,0,0,5065,2706,0,0,0,7771,0,0,0,0,0,2330,0,0,0,0,0,0,0
59,10018649925317144938,0,0,0,0,0,0,0,0,0,0,0,0,0,0,0,0,0,0,0,0,0,0,970,0,7,8862,0,0,0,8850,0,0,0,7,2542,2,0,0,0,0,12,0,0,0,0,2549,_history_tree_3_removes,2986,0,0,0,0,0,0,2556,2549,0,0,0,5105,0,0,0,0,0,7,0,0,0,0,0,0,0
59,10018649925317144938,0,0,0,0,0,0,0,0,0,0,0,0,0,0,0,0,0,0,0,0,0,0,326,0,2338,66897,0,0,0,66686,0,0,0,8,326,783,0,0,0,0,210,0,0,0,0,2662,_history_tree_4_updates,1984,0,0,0,0,0,0,5000,2662,0,0,0,7662,0,0,0,0,0,2337,0,0,0,0,0,0,0
59,10018649925317144938,0,0,0,0,0,0,0,0,0,0,0,0,0,0,0,0,0,0,0,0,0,0,1032,0,4,9094,0,0,0,9080,0,0,0,9,2569,0,0,0,0,0,13,0,0,0,0,2573,_history_tree_4_removes,3021,0,0,0,0,0,0,2577,2573,0,0,0,5150,0,0,0,0,0,4,0,0,0,0,0,0,0
59,10018649925317144938,0,0,0,0,0,0,0,0,0,0,0,0,0,0,0,0,0,0,0,0,0,0,325,0,2334,66793,0,0,0,66588,0,0,0,10,325,814,0,0,0,0,205,0,0,0,0,2658,_history_tree_5_updates,1959,0,0,0,0,0,0,4995,2657,0,0,0,7652,0,0,0,0,0,2335,0,0,0,0,0,0,0
59,10018649925317144938,0,0,0,0,0,0,0,0,0,0,0,0,0,0,0,0,0,0,0,0,0,0,976,0,6,9051,0,0,0,9034,0,0,0,11,2543,1,0,0,0,0,17,0,0,0,0,2550,_history_tree_5_removes,2980,0,0,0,0,0,0,2556,2550,0,0,0,5106,0,0,0,0,0,6,0,0,0,0,0,0,0
59,10018649925317144938,0,0,0,0,0,0,0,0,0,0,0,0,0,0,0,0,0,0,0,0,0,0,335,0,2344,67322,0,0,0,67127,0,0,0,12,335,823,0,0,0,0,194,0,0,0,0,2617,_history_tree_6_updates,1968,0,0,0,0,0,0,5022,2617,0,0,0,7639,0,0,0,0,0,2343,0,0,0,0,0,0,0
59,10018649925317144938,0,0,0,0,0,0,0,0,0,0,0,0,0,0,0,0,0,0,0,0,0,0,995,0,8,9129,0,0,0,9106,0,0,0,29,2515,2,0,0,0,0,23,0,0,0,0,2523,_history_tree_14_removes,2978,0,0,0,0,0,0,2531,2523,0,0,0,5054,0,0,0,0,0,8,0,0,0,0,0,0,0
59,10018649925317144938,0,0,0,0,0,0,0,0,0,0,0,0,0,0,0,0,0,0,0,0,0,0,351,0,2352,67511,0,0,0,67313,0,0,0,30,351,819,0,0,0,0,195,0,0,0,0,2694,_history_tree_15_updates,2006,0,0,0,0,0,0,5055,2694,0,0,0,7749,0,0,0,0,0,2352,0,0,0,0,0,0,0
59,10018649925317144938,0,0,0,0,0,0,0,0,0,0,0,0,0,0,0,0,0,0,0,0,0,0,960,0,9,9139,0,0,0,9129,0,0,0,31,2566,4,0,0,0,0,10,0,0,0,0,2575,_history_tree_15_removes,3007,0,0,0,0,0,0,2584,2575,0,0,0,5159,0,0,0,0,0,9,0,0,0,0,0,0,0
59,10018649925317144938,0,0,0,0,0,0,0,0,0,0,0,0,0,0,0,0,0,0,0,0,0,0,369,0,2333,66735,0,0,0,66534,0,0,0,32,369,804,0,0,0,0,200,0,0,0,0,2690,_history_tree_16_updates,2012,0,0,0,0,0,0,5035,2690,0,0,0,7725,0,0,0,0,0,2333,0,0,0,0,0,0,0
59,10018649925317144938,0,0,0,0,0,0,0,0,0,0,0,0,0,0,0,0,0,0,0,0,0,0,973,0,6,9008,0,0,0,8992,0,0,0,33,2573,1,0,0,0,0,16,0,0,0,0,2579,_history_tree_16_removes,2997,0,0,0,0,0,0,2585,2579,0,0,0,5164,0,0,0,0,0,6,0,0,0,0,0,0,0
59,10018649925317144938,0,0,0,0,0,0,0,0,0,0,0,0,0,0,0,0,0,0,0,0,0,0,355,0,2380,145021,0,0,0,72306,0,0,0,34,10558,2736,0,0,0,0,205,0,0,0,0,6336,_history_tree_17_updates,3994,0,0,0,0,0,0,15319,12672,0,0,0,21655,0,0,0,0,0,2381,0,0,0,0,0,0,0
59,10018649925317144938,0,0,0,0,0,0,0,0,0,0,0,0,0,0,0,0,0,0,0,0,0,0,855,0,19,9157,0,0,0,9144,0,0,0,35,2466,12,0,0,0,0,13,0,0,0,0,2485,_history_tree_17_removes,2895,0,0,0,0,0,0,2504,2485,0,0,0,4991,0,0,0,0,0,19,0,0,0,0,0,0,0
59,10018649925317144938,0,0,0,0,0,0,0,0,0,0,0,0,0,0,0,0,0,0,0,0,0,0,374,0,2342,66932,0,0,0,66713,0,0,0,36,374,830,0,0,0,0,220,0,0,0,0,2703,_history_tree_18_updates,2019,0,0,0,0,0,0,5060,2703,0,0,0,7764,0,0,0,0,0,2344,0,0,0,0,0,0,0
59,10018649925317144938,0,0,0,0,0,0,0,0,0,0,0,0,0,0,0,0,0,0,0,0,0,0,967,0,7,8939,0,0,0,8923,0,0,0,37,2562,2,0,0,0,0,16,0,0,0,0,2569,_history_tree_18_removes,3016,0,0,0,0,0,0,2576,2569,0,0,0,5145,0,0,0,0,0,7,0,0,0,0,0,0,0
59,10018649925317144938,0,0,0,0,0,0,0,0,0,0,0,0,0,0,0,0,0,0,0,0,0,0,364,0,2362,67483,0,0,0,67239,0,0,0,38,364,812,0,0,0,0,243,0,0,0,0,2664,_history_tree_19_updates,2045,0,0,0,0,0,0,5093,2664,0,0,0,7757,0,0,0,0,0,2367,0,0,0,0,0,0,0
59,10018649925317144938,0,0,0,0,0,0,0,0,0,0,0,0,0,0,0,0,0,0,0,0,0,0,998,0,7,8989,0,0,0,8980,0,0,0,39,2619,3,0,0,0,0,9,0,0,0,0,2626,_history_tree_19_removes,3088,0,0,0,0,0,0,2633,2626,0,0,0,5259,0,0,0,0,0,7,0,0,0,0,0,0,0
59,10018649925317144938,48348,0,0,0,0,0,45012,0,0,0,0,0,0,0,0,0,0,0,0,0,0,0,0,0,1,291472,0,0,0,95325,0,0,0,40,0,0,0,0,0,0,2117,0,0,93363,0,0,warehouse,0,0,0,0,0,0,0,1,0,0,0,0,1,193650,0,0,193649,1,0,0,0,0,93363,0,0,0
59,10018649925317144938,0,0,0,0,0,0,0,0,0,0,0,0,0,0,0,0,0,0,0,0,0,0,0,0,0,0,0,0,0,0,0,0,0,41,0,0,0,0,0,0,0,0,0,0,0,0,_warehouse_graveyard,0,0,0,0,0,0,0,0,0,0,0,0,0,0,0,0,0,0,0,0,0,0,0,0,0,0
59,10018649925317144938,95957,0,0,0,0,0,94676,0,0,0,0,0,0,0,0,0,0,0,0,0,0,0,0,0,0,295958,0,0,0,192725,0,0,0,42,0,0,0,0,0,0,964,0,0,190641,0,0,district,0,0,0,0,0,0,0,0,0,0,0,0,0,102219,0,0,102218,0,0,0,0,0,190641,0,0,0
59,10018649925317144938,0,0,0,0,0,0,0,0,0,0,0,0,0,0,0,0,0,0,0,0,0,0,0,0,0,0,0,0,0,0,0,0,0,43,0,0,0,0,0,0,0,0,0,0,0,0,_district_graveyard,0,0,0,0,0,0,0,0,0,0,0,0,0,0,0,0,0,0,0,0,0,0,0,0,0,0
59,10018649925317144938,62887,0,0,0,0,0,59354,0,0,0,0,0,0,0,0,0,0,0,0,0,0,0,0,0,0,786401,0,0,0,122259,0,0,0,44,0,0,0,0,0,0,6,0,0,122246,0,0,customer,0,0,0,0,0,0,0,0,0,0,0,0,0,139870,0,0,139870,0,0,0,0,0,122248,0,0,0
59,10018649925317144938,0,0,0,0,0,0,0,0,0,0,0,0,0,0,0,0,0,0,0,0,0,0,0,0,0,0,0,0,0,0,0,0,0,45,0,0,0,0,0,0,0,0,0,0,0,0,_customer_graveyard,0,0,0,0,0,0,0,0,0,0,0,0,0,0,0,0,0,0,0,0,0,0,0,0,0,0
59,10018649925317144938,0,0,0,0,0,0,0,0,0,0,0,0,0,0,0,0,0,0,0,0,0,0,0,0,0,181947,0,0,0,0,0,0,0,46,0,0,0,0,0,0,60654,0,0,0,0,0,customerwdl,0,0,0,0,0,0,0,0,0,0,0,60656,0,60656,0,0,60655,0,0,0,0,0,0,0,0,0
59,10018649925317144938,0,0,0,0,0,0,0,0,0,0,0,0,0,0,0,0,0,0,0,0,0,0,0,0,0,0,0,0,0,0,0,0,0,47,0,0,0,0,0,0,0,0,0,0,0,0,_customerwdl_graveyard,0,0,0,0,0,0,0,0,0,0,0,0,0,0,0,0,0,0,0,0,0,0,0,0,0,0
59,10018649925317144938,0,0,0,0,0,0,0,0,0,0,0,0,0,0,0,0,0,0,0,0,0,0,0,0,2211,118170,0,0,0,39390,0,0,0,48,0,0,0,0,0,0,0,0,0,0,0,0,history,0,0,0,0,0,0,0,2236,0,0,0,0,2236,0,0,0,0,0,0,0,0,0,0,0,0,0
59,10018649925317144938,0,0,0,0,0,0,0,0,0,0,0,0,0,0,0,0,0,0,0,0,0,0,0,0,0,0,0,0,0,0,0,0,0,49,0,0,0,0,0,0,0,0,0,0,0,0,_history_graveyard,0,0,0,0,0,0,0,0,0,0,0,0,0,0,0,0,0,0,0,0,0,0,0,0,0,0
59,10018649925317144938,42596,85270,0,85270,0,0,42514,0,0,0,0,0,0,0,0,0,0,0,0,0,0,0,55027,0,2063,1146966,0,0,0,271069,0,10182,0,50,33,0,0,0,0,0,111243,0,0,0,0,0,neworder,91033,10182,0,0,0,0,0,3893,33,0,0,85416,3893,95598,0,0,95597,0,1797,0,0,0,0,0,0,0
59,10018649925317144938,0,0,0,0,0,0,0,0,0,0,0,0,0,0,0,0,0,0,0,0,0,0,0,0,0,0,0,0,0,0,0,0,0,51,0,0,0,0,0,0,0,0,0,0,0,0,_neworder_graveyard,0,0,0,0,0,0,0,0,0,0,0,0,0,0,0,0,0,0,0,0,0,0,0,0,0,0
59,10018649925317144938,42944,0,0,0,0,0,42175,0,0,0,0,0,0,0,0,0,0,0,0,0,0,0,0,0,4299,829125,0,0,0,187739,0,0,0,52,0,0,0,0,0,0,0,0,0,85126,0,0,order,0,0,0,0,0,0,0,4322,0,0,0,0,4322,88641,0,0,88640,0,0,0,0,0,85129,0,0,0
59,10018649925317144938,0,0,0,0,0,0,0,0,0,0,0,0,0,0,0,0,0,0,0,0,0,0,0,0,0,0,0,0,0,0,0,0,0,53,0,0,0,0,0,0,0,0,0,0,0,0,_order_graveyard,0,0,0,0,0,0,0,0,0,0,0,0,0,0,0,0,0,0,0,0,0,0,0,0,0,0
59,10018649925317144938,0,0,0,0,0,0,0,0,0,0,0,0,0,0,0,0,3510,0,0,0,0,0,0,0,1559,310104,0,0,0,99857,1,1,0,54,0,0,0,0,0,0,3511,0,0,0,0,0,order_wdc,0,1,0,0,0,0,0,1570,0,0,0,0,1570,3512,0,0,3512,0,0,0,0,0,0,0,0,0
59,10018649925317144938,0,0,0,0,0,0,0,0,0,0,0,0,0,0,0,0,0,0,0,0,0,0,0,0,0,0,0,0,0,0,0,0,0,55,0,0,0,0,0,0,0,0,0,0,0,0,_order_wdc_graveyard,0,0,0,0,0,0,0,0,0,0,0,0,0,0,0,0,0,0,0,0,0,0,0,0,0,0
59,10018649925317144938,431294,0,0,0,0,0,421439,0,0,0,0,0,0,0,0,0,0,0,0,0,0,0,99552,0,58472,7616270,0,0,0,1891631,0,1042,0,56,0,0,0,0,0,0,12437,0,0,852721,0,0,orderline,1809179,1042,0,0,0,0,0,59297,0,0,0,12363,59298,1821594,0,0,1821608,0,0,0,0,0,852727,0,0,0
59,10018649925317144938,0,0,0,0,0,0,0,0,0,0,0,0,0,0,0,0,0,0,0,0,0,0,0,0,0,0,0,0,0,0,0,0,0,57,0,0,0,0,0,0,0,0,0,0,0,0,_orderline_graveyard,0,0,0,0,0,0,0,0,0,0,0,0,0,0,0,0,0,0,0,0,0,0,0,0,0,0
59,10018649925317144938,0,0,0,0,0,0,0,0,0,0,0,0,0,0,0,0,0,0,0,0,0,0,0,0,0,1960596,0,0,0,0,0,0,0,58,0,0,0,0,0,0,0,0,0,0,0,0,item,0,0,0,0,0,0,0,0,0,0,0,0,0,980315,0,0,980311,0,0,0,0,0,0,0,0,0
60,10018649925317144938,0,0,0,0,0,0,0,0,0,0,0,0,0,0,0,0,0,0,0,0,0,0,0,0,0,0,0,0,0,0,0,0,0,61,0,0,0,0,0,0,0,0,0,0,0,0,_stock_graveyard,0,0,0,0,0,0,0,0,0,0,0,0,0,0,0,0,0,0,0,0,0,0,0,0,0,0
60,10018649925317144938,505381,0,0,0,0,0,492972,0,0,0,0,0,0,0,0,0,0,0,0,0,0,0,0,0,0,15049760,0,0,0,999446,0,0,0,60,0,0,0,0,0,0,1074,0,0,998365,0,0,stock,0,0,0,0,0,0,0,0,0,0,0,0,0,2761929,0,0,2761917,0,0,0,0,0,998380,0,0,0
60,10018649925317144938,0,0,0,0,0,0,0,0,0,0,0,0,0,0,0,0,0,0,0,0,0,0,0,0,0,0,0,0,0,0,0,0,0,59,0,0,0,0,0,0,0,0,0,0,0,0,_item_graveyard,0,0,0,0,0,0,0,0,0,0,0,0,0,0,0,0,0,0,0,0,0,0,0,0,0,0
60,10018649925317144938,0,0,0,0,0,0,0,0,0,0,0,0,0,0,0,0,0,0,0,0,0,0,340,0,2327,66427,0,0,0,66223,0,0,0,28,340,761,0,0,0,0,203,0,0,0,0,2650,_history_tree_14_updates,2047,0,0,0,0,0,0,4994,2651,0,0,0,7645,0,0,0,0,0,2327,0,0,0,0,0,0,0
60,10018649925317144938,0,0,0,0,0,0,0,0,0,0,0,0,0,0,0,0,0,0,0,0,0,0,1056,0,6,9382,0,0,0,9376,0,0,0,27,2621,2,0,0,0,0,6,0,0,0,0,2627,_history_tree_13_removes,3061,0,0,0,0,0,0,2633,2627,0,0,0,5259,0,0,0,0,0,6,0,0,0,0,0,0,0
60,10018649925317144938,0,0,0,0,0,0,0,0,0,0,0,0,0,0,0,0,0,0,0,0,0,0,344,0,2383,68435,0,0,0,68206,0,0,0,26,344,821,0,0,0,0,229,0,0,0,0,2698,_history_tree_13_updates,2015,0,0,0,0,0,0,5109,2698,0,0,0,7807,0,0,0,0,0,2382,0,0,0,0,0,0,0
60,10018649925317144938,0,0,0,0,0,0,0,0,0,0,0,0,0,0,0,0,0,0,0,0,0,0,1099,0,3,9668,0,0,0,9653,0,0,0,25,2624,0,0,0,0,0,15,0,0,0,0,2627,_history_tree_12_removes,3088,0,0,0,0,0,0,2631,2628,0,0,0,5259,0,0,0,0,0,3,0,0,0,0,0,0,0
60,10018649925317144938,0,0,0,0,0,0,0,0,0,0,0,0,0,0,0,0,0,0,0,0,0,0,313,0,2401,69335,0,0,0,69096,0,0,0,24,313,830,0,0,0,0,239,0,0,0,0,2713,_history_tree_12_updates,2004,0,0,0,0,0,0,5114,2713,0,0,0,7827,0,0,0,0,0,2400,0,0,0,0,0,0,0
60,10018649925317144938,0,0,0,0,0,0,0,0,0,0,0,0,0,0,0,0,0,0,0,0,0,0,1049,0,6,9684,0,0,0,9672,0,0,0,23,2642,2,0,0,0,0,12,0,0,0,0,2648,_history_tree_11_removes,3125,0,0,0,0,0,0,2654,2648,0,0,0,5302,0,0,0,0,0,6,0,0,0,0,0,0,0
60,10018649925317144938,0,0,0,0,0,0,0,0,0,0,0,0,0,0,0,0,0,0,0,0,0,0,367,0,2406,69393,0,0,0,69178,0,0,0,22,367,822,0,0,0,0,215,0,0,0,0,2765,_history_tree_11_updates,2081,0,0,0,0,0,0,5179,2765,0,0,0,7944,0,0,0,0,0,2406,0,0,0,0,0,0,0
60,10018649925317144938,0,0,0,0,0,0,0,0,0,0,0,0,0,0,0,0,0,0,0,0,0,0,1006,0,6,9148,0,0,0,9134,0,0,0,21,2646,1,0,0,0,0,14,0,0,0,0,2653,_history_tree_10_removes,3108,0,0,0,0,0,0,2659,2653,0,0,0,5312,0,0,0,0,0,6,0,0,0,0,0,0,0
60,10018649925317144938,0,0,0,0,0,0,0,0,0,0,0,0,0,0,0,0,0,0,0,0,0,0,364,0,2385,68293,0,0,0,68063,0,0,0,20,364,810,0,0,0,0,229,0,0,0,0,2750,_history_tree_10_updates,2074,0,0,0,0,0,0,5137,2750,0,0,0,7887,0,0,0,0,0,2386,0,0,0,0,0,0,0
60,10018649925317144938,0,0,0,0,0,0,0,0,0,0,0,0,0,0,0,0,0,0,0,0,0,0,943,0,7,9055,0,0,0,9034,0,0,0,19,2656,3,0,0,0,0,21,0,0,0,0,2663,_history_tree_9_removes,3111,0,0,0,0,0,0,2670,2663,0,0,0,5333,0,0,0,0,0,7,0,0,0,0,0,0,0
60,10018649925317144938,0,0,0,0,0,0,0,0,0,0,0,0,0,0,0,0,0,0,0,0,0,0,343,0,2399,68334,0,0,0,68135,0,0,0,18,343,806,0,0,0,0,199,0,0,0,0,2709,_history_tree_9_updates,2069,0,0,0,0,0,0,5140,2709,0,0,0,7849,0,0,0,0,0,2397,0,0,0,0,0,0,0
60,10018649925317144938,0,0,0,0,0,0,0,0,0,0,0,0,0,0,0,0,0,0,0,0,0,0,1000,0,5,9267,0,0,0,9254,0,0,0,17,2672,1,0,0,0,0,13,0,0,0,0,2677,_history_tree_8_removes,3135,0,0,0,0,0,0,2682,2677,0,0,0,5359,0,0,0,0,0,5,0,0,0,0,0,0,0
60,10018649925317144938,0,0,0,0,0,0,0,0,0,0,0,0,0,0,0,0,0,0,0,0,0,0,315,0,2388,68417,0,0,0,68217,0,0,0,16,315,788,0,0,0,0,201,0,0,0,0,2686,_history_tree_8_updates,2027,0,0,0,0,0,0,5091,2686,0,0,0,7777,0,0,0,0,0,2389,0,0,0,0,0,0,0
60,10018649925317144938,0,0,0,0,0,0,0,0,0,0,0,0,0,0,0,0,0,0,0,0,0,0,1039,0,2,9236,0,0,0,9219,0,0,0,15,2700,0,0,0,0,0,17,0,0,0,0,2701,_history_tree_7_removes,3142,0,0,0,0,0,0,2703,2701,0,0,0,5404,0,0,0,0,0,2,0,0,0,0,0,0,0
60,10018649925317144938,0,0,0,0,0,0,0,0,0,0,0,0,0,0,0,0,0,0,0,0,0,0,331,0,2350,67324,0,0,0,67120,0,0,0,14,331,750,0,0,0,0,204,0,0,0,0,2677,_history_tree_7_updates,2043,0,0,0,0,0,0,5027,2677,0,0,0,7704,0,0,0,0,0,2350,0,0,0,0,0,0,0
60,10018649925317144938,0,0,0,0,0,0,0,0,0,0,0,0,0,0,0,0,0,0,0,0,0,0,1023,0,10,9612,0,0,0,9601,0,0,0,13,2621,5,0,0,0,0,11,0,0,0,0,2631,_history_tree_6_removes,3066,0,0,0,0,0,0,2642,2632,0,0,0,5274,0,0,0,0,0,10,0,0,0,0,0,0,0
60,10018649925317144938,0,0,0,0,0,0,0,0,0,0,0,0,0,22162839,22808108,0,0,0,0,0,0,0,360,0,2378,68325,0,0,0,68092,0,0,0,0,363,808,0,0,0,0,219,0,0,0,0,2731,_history_tree_0_updates,2063,0,1501865,0,0,0,0,5119,2731,0,0,0,7850,0,0,0,0,0,2379,0,0,0,0,712892,0,0
60,10018649925317144938,0,0,0,0,0,0,0,0,0,0,0,0,0,0,0,0,0,0,0,0,0,0,997,0,7,9448,0,0,0,9430,0,0,0,1,2648,1,0,0,0,0,18,0,0,0,0,2655,_history_tree_0_removes,3108,0,0,0,0,0,0,2662,2655,0,0,0,5317,0,0,0,0,0,7,0,0,0,0,0,0,0
60,10018649925317144938,0,0,0,0,0,0,0,0,0,0,0,0,0,0,0,0,0,0,0,0,0,0,329,0,2379,68177,0,0,0,67960,0,0,0,2,329,801,0,0,0,0,217,0,0,0,0,2698,_history_tree_1_updates,2033,0,0,0,0,0,0,5088,2699,0,0,0,7787,0,0,0,0,0,2380,0,0,0,0,0,0,0
60,10018649925317144938,0,0,0,0,0,0,0,0,0,0,0,0,0,0,0,0,0,0,0,0,0,0,980,0,5,9235,0,0,0,9229,0,0,0,3,2663,0,0,0,0,0,6,0,0,0,0,2668,_history_tree_1_removes,3120,0,0,0,0,0,0,2673,2668,0,0,0,5341,0,0,0,0,0,5,0,0,0,0,0,0,0
60,10018649925317144938,0,0,0,0,0,0,0,0,0,0,0,0,0,0,0,0,0,0,0,0,0,0,332,0,2432,70132,0,0,0,69920,0,0,0,4,332,829,0,0,0,0,211,0,0,0,0,2750,_history_tree_2_updates,2053,0,0,0,0,0,0,5197,2750,0,0,0,7947,0,0,0,0,0,2433,0,0,0,0,0,0,0
60,10018649925317144938,0,0,0,0,0,0,0,0,0,0,0,0,0,0,0,0,0,0,0,0,0,0,1089,0,6,9856,0,0,0,9834,0,0,0,5,2679,3,0,0,0,0,22,0,0,0,0,2685,_history_tree_2_removes,3144,0,0,0,0,0,0,2691,2685,0,0,0,5376,0,0,0,0,0,6,0,0,0,0,0,0,0
60,10018649925317144938,0,0,0,0,0,0,0,0,0,0,0,0,0,0,0,0,0,0,0,0,0,0,354,0,2394,68537,0,0,0,68346,0,0,0,6,354,807,0,0,0,0,190,0,0,0,0,2729,_history_tree_3_updates,2062,0,0,0,0,0,0,5140,2729,0,0,0,7869,0,0,0,0,0,2393,0,0,0,0,0,0,0
60,10018649925317144938,0,0,0,0,0,0,0,0,0,0,0,0,0,0,0,0,0,0,0,0,0,0,992,0,8,9317,0,0,0,9305,0,0,0,7,2663,5,0,0,0,0,12,0,0,0,0,2671,_history_tree_3_removes,3118,0,0,0,0,0,0,2679,2671,0,0,0,5350,0,0,0,0,0,8,0,0,0,0,0,0,0
60,10018649925317144938,0,0,0,0,0,0,0,0,0,0,0,0,0,0,0,0,0,0,0,0,0,0,328,0,2385,68486,0,0,0,68290,0,0,0,8,328,848,0,0,0,0,196,0,0,0,0,2713,_history_tree_4_updates,1998,0,0,0,0,0,0,5099,2713,0,0,0,7812,0,0,0,0,0,2386,0,0,0,0,0,0,0
60,10018649925317144938,0,0,0,0,0,0,0,0,0,0,0,0,0,0,0,0,0,0,0,0,0,0,1009,0,7,9467,0,0,0,9458,0,0,0,9,2607,1,0,0,0,0,9,0,0,0,0,2614,_history_tree_4_removes,3069,0,0,0,0,0,0,2621,2614,0,0,0,5235,0,0,0,0,0,7,0,0,0,0,0,0,0
60,10018649925317144938,0,0,0,0,0,0,0,0,0,0,0,0,0,0,0,0,0,0,0,0,0,0,318,0,2384,68507,0,0,0,68277,0,0,0,10,318,797,0,0,0,0,228,0,0,0,0,2702,_history_tree_5_updates,2043,0,0,0,0,0,0,5085,2702,0,0,0,7787,0,0,0,0,0,2384,0,0,0,0,0,0,0
60,10018649925317144938,0,0,0,0,0,0,0,0,0,0,0,0,0,0,0,0,0,0,0,0,0,0,1069,0,3,9391,0,0,0,9381,0,0,0,11,2660,0,0,0,0,0,10,0,0,0,0,2662,_history_tree_5_removes,3163,0,0,0,0,0,0,2665,2662,0,0,0,5327,0,0,0,0,0,3,0,0,0,0,0,0,0
60,10018649925317144938,0,0,0,0,0,0,0,0,0,0,0,0,0,0,0,0,0,0,0,0,0,0,312,0,2400,69050,0,0,0,68830,0,0,0,12,312,859,0,0,0,0,222,0,0,0,0,2642,_history_tree_6_updates,1968,0,0,0,0,0,0,5111,2642,0,0,0,7753,0,0,0,0,0,2399,0,0,0,0,0,0,0
60,10018649925317144938,0,0,0,0,0,0,0,0,0,0,0,0,0,0,0,0,0,0,0,0,0,0,962,0,5,8888,0,0,0,8876,0,0,0,29,2606,1,0,0,0,0,12,0,0,0,0,2611,_history_tree_14_removes,3082,0,0,0,0,0,0,2616,2611,0,0,0,5227,0,0,0,0,0,5,0,0,0,0,0,0,0
60,10018649925317144938,0,0,0,0,0,0,0,0,0,0,0,0,0,0,0,0,0,0,0,0,0,0,343,0,2375,67670,0,0,0,67455,0,0,0,30,343,805,0,0,0,0,215,0,0,0,0,2701,_history_tree_15_updates,2014,0,0,0,0,0,0,5093,2701,0,0,0,7794,0,0,0,0,0,2375,0,0,0,0,0,0,0
60,10018649925317144938,0,0,0,0,0,0,0,0,0,0,0,0,0,0,0,0,0,0,0,0,0,0,962,0,6,8999,0,0,0,8983,0,0,0,31,2706,3,0,0,0,0,16,0,0,0,0,2712,_history_tree_15_removes,3134,0,0,0,0,0,0,2718,2712,0,0,0,5431,0,0,0,0,0,6,0,0,0,0,0,0,0
60,10018649925317144938,0,0,0,0,0,0,0,0,0,0,0,0,0,0,0,0,0,0,0,0,0,0,362,0,2373,68035,0,0,0,67812,0,0,0,32,362,774,0,0,0,0,224,0,0,0,0,2710,_history_tree_16_updates,2091,0,0,0,0,0,0,5108,2710,0,0,0,7818,0,0,0,0,0,2373,0,0,0,0,0,0,0
60,10018649925317144938,0,0,0,0,0,0,0,0,0,0,0,0,0,0,0,0,0,0,0,0,0,0,960,0,7,9213,0,0,0,9198,0,0,0,33,2696,3,0,0,0,0,15,0,0,0,0,2703,_history_tree_16_removes,3148,0,0,0,0,0,0,2710,2703,0,0,0,5413,0,0,0,0,0,7,0,0,0,0,0,0,0
60,10018649925317144938,0,0,0,0,0,0,0,0,0,0,0,0,0,0,0,0,0,0,0,0,0,0,346,0,2354,143549,0,0,0,71595,0,0,0,34,10734,2700,0,0,0,0,179,0,0,0,0,6437,_history_tree_17_updates,4067,0,0,0,0,0,0,15442,12874,0,0,0,21879,0,0,0,0,0,2354,0,0,0,0,0,0,0
60,10018649925317144938,0,0,0,0,0,0,0,0,0,0,0,0,0,0,0,0,0,0,0,0,0,0,844,0,14,8854,0,0,0,8846,0,0,0,35,2518,8,0,0,0,0,8,0,0,0,0,2532,_history_tree_17_removes,2936,0,0,0,0,0,0,2546,2532,0,0,0,5076,0,0,0,0,0,14,0,0,0,0,0,0,0
60,10018649925317144938,0,0,0,0,0,0,0,0,0,0,0,0,0,0,0,0,0,0,0,0,0,0,350,0,2384,68361,0,0,0,68133,0,0,0,36,350,814,0,0,0,0,225,0,0,0,0,2734,_history_tree_18_updates,2034,0,0,0,0,0,0,5118,2734,0,0,0,7851,0,0,0,0,0,2384,0,0,0,0,0,0,0
60,10018649925317144938,0,0,0,0,0,0,0,0,0,0,0,0,0,0,0,0,0,0,0,0,0,0,1018,0,7,9319,0,0,0,9303,0,0,0,37,2679,2,0,0,0,0,16,0,0,0,0,2686,_history_tree_18_removes,3132,0,0,0,0,0,0,2693,2686,0,0,0,5379,0,0,0,0,0,7,0,0,0,0,0,0,0
60,10018649925317144938,0,0,0,0,0,0,0,0,0,0,0,0,0,0,0,0,0,0,0,0,0,0,346,0,2325,66658,0,0,0,66464,0,0,0,38,347,746,0,0,0,0,193,0,0,0,0,2651,_history_tree_19_updates,2051,0,0,0,0,0,0,4996,2651,0,0,0,7647,0,0,0,0,0,2324,0,0,0,0,0,0,0
60,10018649925317144938,0,0,0,0,0,0,0,0,0,0,0,0,0,0,0,0,0,0,0,0,0,0,1026,0,4,9116,0,0,0,9100,0,0,0,39,2656,1,0,0,0,0,17,0,0,0,0,2660,_history_tree_19_removes,3121,0,0,0,0,0,0,2664,2660,0,0,0,5324,0,0,0,0,0,4,0,0,0,0,0,0,0
60,10018649925317144938,49475,0,0,0,0,0,45906,0,0,0,0,0,0,0,0,0,0,0,0,0,0,0,0,0,0,297443,0,0,0,97482,0,0,0,40,0,0,0,0,0,0,2083,0,0,95382,0,0,warehouse,0,0,0,0,0,0,0,0,0,0,0,0,0,197536,0,0,197537,0,0,0,0,0,95385,0,0,0
60,10018649925317144938,0,0,0,0,0,0,0,0,0,0,0,0,0,0,0,0,0,0,0,0,0,0,0,0,0,0,0,0,0,0,0,0,0,41,0,0,0,0,0,0,0,0,0,0,0,0,_warehouse_graveyard,0,0,0,0,0,0,0,0,0,0,0,0,0,0,0,0,0,0,0,0,0,0,0,0,0,0
60,10018649925317144938,97932,0,0,0,0,0,96455,0,0,0,0,0,0,0,0,0,0,0,0,0,0,0,0,0,1,301933,0,0,0,196605,0,0,0,42,0,0,0,0,0,0,1065,0,0,194390,0,0,district,0,0,0,0,0,0,0,1,0,0,0,0,1,104213,0,0,104214,1,0,0,0,0,194383,0,0,0
60,10018649925317144938,0,0,0,0,0,0,0,0,0,0,0,0,0,0,0,0,0,0,0,0,0,0,0,0,0,0,0,0,0,0,0,0,0,43,0,0,0,0,0,0,0,0,0,0,0,0,_district_graveyard,0,0,0,0,0,0,0,0,0,0,0,0,0,0,0,0,0,0,0,0,0,0,0,0,0,0
60,10018649925317144938,63681,0,0,0,0,0,59997,0,0,0,0,0,0,0,0,0,0,0,0,0,0,0,0,0,0,797734,0,0,0,123692,0,0,0,44,0,0,0,0,0,0,13,0,0,123678,0,0,customer,0,0,0,0,0,0,0,0,0,0,0,0,0,142208,0,0,142208,0,0,0,0,0,123676,0,0,0
60,10018649925317144938,0,0,0,0,0,0,0,0,0,0,0,0,0,0,0,0,0,0,0,0,0,0,0,0,0,0,0,0,0,0,0,0,0,45,0,0,0,0,0,0,0,0,0,0,0,0,_customer_graveyard,0,0,0,0,0,0,0,0,0,0,0,0,0,0,0,0,0,0,0,0,0,0,0,0,0,0
60,10018649925317144938,0,0,0,0,0,0,0,0,0,0,0,0,0,0,0,0,0,0,0,0,0,0,0,0,0,186378,0,0,0,0,0,0,0,46,0,0,0,0,0,0,62122,0,0,0,0,0,customerwdl,0,0,0,0,0,0,0,0,0,0,0,62124,0,62123,0,0,62123,0,0,0,0,0,0,0,0,0
60,10018649925317144938,0,0,0,0,0,0,0,0,0,0,0,0,0,0,0,0,0,0,0,0,0,0,0,0,0,0,0,0,0,0,0,0,0,47,0,0,0,0,0,0,0,0,0,0,0,0,_customerwdl_graveyard,0,0,0,0,0,0,0,0,0,0,0,0,0,0,0,0,0,0,0,0,0,0,0,0,0,0
60,10018649925317144938,0,0,0,0,0,0,0,0,0,0,0,0,0,0,0,0,0,0,0,0,0,0,0,0,2240,119736,0,0,0,39912,0,0,0,48,0,0,0,0,0,0,0,0,0,0,0,0,history,0,0,0,0,0,0,0,2264,0,0,0,0,2264,0,0,0,0,0,0,0,0,0,0,0,0,0
60,10018649925317144938,0,0,0,0,0,0,0,0,0,0,0,0,0,0,0,0,0,0,0,0,0,0,0,0,0,0,0,0,0,0,0,0,0,49,0,0,0,0,0,0,0,0,0,0,0,0,_history_graveyard,0,0,0,0,0,0,0,0,0,0,0,0,0,0,0,0,0,0,0,0,0,0,0,0,0,0
60,10018649925317144938,43046,85960,0,85960,0,0,42968,0,0,0,0,0,0,0,0,0,0,0,0,0,0,0,55194,0,2110,1160732,0,0,0,274478,0,10786,0,50,22,0,0,0,0,0,112419,0,0,0,0,0,neworder,92106,10786,0,0,0,0,0,3911,22,0,0,86285,3912,97071,0,0,97073,0,1778,0,0,0,0,0,0,0
60,10018649925317144938,0,0,0,0,0,0,0,0,0,0,0,0,0,0,0,0,0,0,0,0,0,0,0,0,0,0,0,0,0,0,0,0,0,51,0,0,0,0,0,0,0,0,0,0,0,0,_neworder_graveyard,0,0,0,0,0,0,0,0,0,0,0,0,0,0,0,0,0,0,0,0,0,0,0,0,0,0
60,10018649925317144938,43496,0,0,0,0,0,42522,0,0,0,0,0,0,0,0,0,0,0,0,0,0,0,0,0,4362,840036,0,0,0,190521,0,0,0,52,0,0,0,0,0,0,0,0,0,86013,0,0,order,0,0,0,0,0,0,0,4377,0,0,0,0,4377,89492,0,0,89493,0,0,0,0,0,86012,0,0,0
60,10018649925317144938,0,0,0,0,0,0,0,0,0,0,0,0,0,0,0,0,0,0,0,0,0,0,0,0,0,0,0,0,0,0,0,0,0,53,0,0,0,0,0,0,0,0,0,0,0,0,_order_graveyard,0,0,0,0,0,0,0,0,0,0,0,0,0,0,0,0,0,0,0,0,0,0,0,0,0,0
60,10018649925317144938,0,0,0,0,0,0,0,0,0,0,0,0,0,0,0,0,3481,0,0,0,0,0,0,0,1446,315236,0,0,0,101598,0,0,0,54,0,0,0,0,0,0,3480,0,0,0,0,0,order_wdc,0,0,0,0,0,0,0,1454,0,0,0,0,1454,3480,0,0,3480,0,0,0,0,0,0,0,0,0
60,10018649925317144938,0,0,0,0,0,0,0,0,0,0,0,0,0,0,0,0,0,0,0,0,0,0,0,0,0,0,0,0,0,0,0,0,0,55,0,0,0,0,0,0,0,0,0,0,0,0,_order_wdc_graveyard,0,0,0,0,0,0,0,0,0,0,0,0,0,0,0,0,0,0,0,0,0,0,0,0,0,0
60,10018649925317144938,434847,0,0,0,0,0,424977,0,0,0,0,0,0,0,0,0,0,0,0,0,0,0,98977,0,59504,7717221,0,0,0,1916955,0,959,0,56,0,0,0,0,0,0,12346,0,0,859848,0,0,orderline,1797864,959,0,0,0,0,0,60327,0,0,0,12286,60327,1810040,0,0,1810014,0,0,0,0,0,859877,0,0,0
60,10018649925317144938,0,0,0,0,0,0,0,0,0,0,0,0,0,0,0,0,0,0,0,0,0,0,0,0,0,0,0,0,0,0,0,0,0,57,0,0,0,0,0,0,0,0,0,0,0,0,_orderline_graveyard,0,0,0,0,0,0,0,0,0,0,0,0,0,0,0,0,0,0,0,0,0,0,0,0,0,0
60,10018649925317144938,0,0,0,0,0,0,0,0,0,0,0,0,0,0,0,0,0,0,0,0,0,0,0,0,0,1995133,0,0,0,0,0,0,0,58,0,0,0,0,0,0,0,0,0,0,0,0,item,0,0,0,0,0,0,0,0,0,0,0,0,0,997569,0,0,997571,0,0,0,0,0,0,0,0,0
61,10018649925317144938,0,0,0,0,0,0,0,0,0,0,0,0,0,0,0,0,0,0,0,0,0,0,0,0,0,0,0,0,0,0,0,0,0,61,0,0,0,0,0,0,0,0,0,0,0,0,_stock_graveyard,0,0,0,0,0,0,0,0,0,0,0,0,0,0,0,0,0,0,0,0,0,0,0,0,0,0
61,10018649925317144938,496781,0,0,0,0,0,484832,0,0,0,0,0,0,0,0,0,0,0,0,0,0,0,0,0,0,14883391,0,0,0,982754,0,0,0,60,0,0,0,0,0,0,1077,0,0,981623,0,0,stock,0,0,0,0,0,0,0,0,0,0,0,0,0,2736897,0,0,2736879,0,0,0,0,0,981639,0,0,0
61,10018649925317144938,0,0,0,0,0,0,0,0,0,0,0,0,0,0,0,0,0,0,0,0,0,0,0,0,0,0,0,0,0,0,0,0,0,59,0,0,0,0,0,0,0,0,0,0,0,0,_item_graveyard,0,0,0,0,0,0,0,0,0,0,0,0,0,0,0,0,0,0,0,0,0,0,0,0,0,0
61,10018649925317144938,0,0,0,0,0,0,0,0,0,0,0,0,0,0,0,0,0,0,0,0,0,0,353,0,2367,68015,0,0,0,67815,0,0,0,28,353,782,0,0,0,0,202,0,0,0,0,2703,_history_tree_14_updates,2060,0,0,0,0,0,0,5085,2702,0,0,0,7787,0,0,0,0,0,2364,0,0,0,0,0,0,0
61,10018649925317144938,0,0,0,0,0,0,0,0,0,0,0,0,0,0,0,0,0,0,0,0,0,0,1047,0,2,9184,0,0,0,9165,0,0,0,27,2609,0,0,0,0,0,19,0,0,0,0,2611,_history_tree_13_removes,3060,0,0,0,0,0,0,2613,2611,0,0,0,5224,0,0,0,0,0,2,0,0,0,0,0,0,0
61,10018649925317144938,0,0,0,0,0,0,0,0,0,0,0,0,0,0,0,0,0,0,0,0,0,0,343,0,2330,66978,0,0,0,66778,0,0,0,26,343,775,0,0,0,0,200,0,0,0,0,2666,_history_tree_13_updates,2027,0,0,0,0,0,0,5005,2666,0,0,0,7671,0,0,0,0,0,2332,0,0,0,0,0,0,0
61,10018649925317144938,0,0,0,0,0,0,0,0,0,0,0,0,0,0,0,0,0,0,0,0,0,0,986,0,7,8871,0,0,0,8857,0,0,0,25,2593,2,0,0,0,0,14,0,0,0,0,2600,_history_tree_12_removes,3036,0,0,0,0,0,0,2606,2599,0,0,0,5205,0,0,0,0,0,7,0,0,0,0,0,0,0
61,10018649925317144938,0,0,0,0,0,0,0,0,0,0,0,0,0,0,0,0,0,0,0,0,0,0,345,0,2328,66490,0,0,0,66258,0,0,0,24,345,778,0,0,0,0,232,0,0,0,0,2674,_history_tree_12_updates,2017,0,0,0,0,0,0,5003,2674,0,0,0,7677,0,0,0,0,0,2329,0,0,0,0,0,0,0
61,10018649925317144938,0,0,0,0,0,0,0,0,0,0,0,0,0,0,0,0,0,0,0,0,0,0,1107,0,2,9422,0,0,0,9410,0,0,0,23,2690,1,0,0,0,0,12,0,0,0,0,2692,_history_tree_11_removes,3165,0,0,0,0,0,0,2694,2692,0,0,0,5386,0,0,0,0,0,2,0,0,0,0,0,0,0
61,10018649925317144938,0,0,0,0,0,0,0,0,0,0,0,0,0,0,0,0,0,0,0,0,0,0,334,0,2343,67453,0,0,0,67266,0,0,0,22,334,734,0,0,0,0,185,0,0,0,0,2674,_history_tree_11_updates,2058,0,0,0,0,0,0,5017,2674,0,0,0,7691,0,0,0,0,0,2340,0,0,0,0,0,0,0
61,10018649925317144938,0,0,0,0,0,0,0,0,0,0,0,0,0,0,0,0,0,0,0,0,0,0,943,0,8,8752,0,0,0,8740,0,0,0,21,2625,3,0,0,0,0,12,0,0,0,0,2633,_history_tree_10_removes,3073,0,0,0,0,0,0,2641,2633,0,0,0,5274,0,0,0,0,0,8,0,0,0,0,0,0,0
61,10018649925317144938,0,0,0,0,0,0,0,0,0,0,0,0,0,0,0,0,0,0,0,0,0,0,373,0,2313,65861,0,0,0,65659,0,0,0,20,373,763,0,0,0,0,202,0,0,0,0,2667,_history_tree_10_updates,2052,0,0,0,0,0,0,4996,2667,0,0,0,7663,0,0,0,0,0,2312,0,0,0,0,0,0,0
61,10018649925317144938,0,0,0,0,0,0,0,0,0,0,0,0,0,0,0,0,0,0,0,0,0,0,1022,0,4,9267,0,0,0,9250,0,0,0,19,2573,1,0,0,0,0,17,0,0,0,0,2577,_history_tree_9_removes,3017,0,0,0,0,0,0,2581,2577,0,0,0,5158,0,0,0,0,0,4,0,0,0,0,0,0,0
61,10018649925317144938,0,0,0,0,0,0,0,0,0,0,0,0,0,0,0,0,0,0,0,0,0,0,340,0,2313,66535,0,0,0,66324,0,0,0,18,340,793,0,0,0,0,209,0,0,0,0,2655,_history_tree_9_updates,1986,0,0,0,0,0,0,4969,2655,0,0,0,7624,0,0,0,0,0,2316,0,0,0,0,0,0,0
61,10018649925317144938,0,0,0,0,0,0,0,0,0,0,0,0,0,0,0,0,0,0,0,0,0,0,1043,0,2,9066,0,0,0,9047,0,0,0,17,2690,0,0,0,0,0,19,0,0,0,0,2692,_history_tree_8_removes,3151,0,0,0,0,0,0,2694,2692,0,0,0,5386,0,0,0,0,0,2,0,0,0,0,0,0,0
61,10018649925317144938,0,0,0,0,0,0,0,0,0,0,0,0,0,0,0,0,0,0,0,0,0,0,320,0,2310,66117,0,0,0,65918,0,0,0,16,320,726,0,0,0,0,197,0,0,0,0,2632,_history_tree_8_updates,2030,0,0,0,0,0,0,4942,2632,0,0,0,7574,0,0,0,0,0,2311,0,0,0,0,0,0,0
61,10018649925317144938,0,0,0,0,0,0,0,0,0,0,0,0,0,0,0,0,0,0,0,0,0,0,990,0,7,9183,0,0,0,9164,0,0,0,15,2547,3,0,0,0,0,19,0,0,0,0,2554,_history_tree_7_removes,3015,0,0,0,0,0,0,2561,2554,0,0,0,5115,0,0,0,0,0,7,0,0,0,0,0,0,0
61,10018649925317144938,0,0,0,0,0,0,0,0,0,0,0,0,0,0,0,0,0,0,0,0,0,0,359,0,2354,67382,0,0,0,67202,0,0,0,14,359,828,0,0,0,0,179,0,0,0,0,2677,_history_tree_7_updates,2013,0,0,0,0,0,0,5068,2677,0,0,0,7745,0,0,0,0,0,2354,0,0,0,0,0,0,0
61,10018649925317144938,0,0,0,0,0,0,0,0,0,0,0,0,0,0,0,0,0,0,0,0,0,0,989,0,4,8919,0,0,0,8905,0,0,0,13,2584,2,0,0,0,0,14,0,0,0,0,2589,_history_tree_6_removes,2994,0,0,0,0,0,0,2592,2588,0,0,0,5180,0,0,0,0,0,4,0,0,0,0,0,0,0
61,10018649925317144938,0,0,0,0,0,0,0,0,0,0,0,0,0,21899457,22485292,0,0,0,0,0,0,0,341,0,2333,66643,0,0,0,66418,0,0,0,0,341,773,0,0,0,0,228,0,0,0,0,2672,_history_tree_0_updates,2007,0,1475832,0,0,0,0,5006,2672,0,0,0,7678,0,0,0,0,0,2330,0,0,0,0,700085,0,0
61,10018649925317144938,0,0,0,0,0,0,0,0,0,0,0,0,0,0,0,0,0,0,0,0,0,0,989,0,4,8890,0,0,0,8876,0,0,0,1,2601,1,0,0,0,0,14,0,0,0,0,2605,_history_tree_0_removes,3033,0,0,0,0,0,0,2609,2605,0,0,0,5214,0,0,0,0,0,4,0,0,0,0,0,0,0
61,10018649925317144938,0,0,0,0,0,0,0,0,0,0,0,0,0,0,0,0,0,0,0,0,0,0,334,0,2334,66780,0,0,0,66583,0,0,0,2,334,825,0,0,0,0,191,0,0,0,0,2644,_history_tree_1_updates,1952,0,0,0,0,0,0,5002,2643,0,0,0,7645,0,0,0,0,0,2334,0,0,0,0,0,0,0
61,10018649925317144938,0,0,0,0,0,0,0,0,0,0,0,0,0,0,0,0,0,0,0,0,0,0,915,0,7,8970,0,0,0,8961,0,0,0,3,2531,2,0,0,0,0,9,0,0,0,0,2538,_history_tree_1_removes,2942,0,0,0,0,0,0,2545,2538,0,0,0,5083,0,0,0,0,0,7,0,0,0,0,0,0,0
61,10018649925317144938,0,0,0,0,0,0,0,0,0,0,0,0,0,0,0,0,0,0,0,0,0,0,332,0,2347,67757,0,0,0,67528,0,0,0,4,332,763,0,0,0,0,229,0,0,0,0,2679,_history_tree_2_updates,2034,0,0,0,0,0,0,5026,2679,0,0,0,7705,0,0,0,0,0,2347,0,0,0,0,0,0,0
61,10018649925317144938,0,0,0,0,0,0,0,0,0,0,0,0,0,0,0,0,0,0,0,0,0,0,1061,0,4,9490,0,0,0,9467,0,0,0,5,2632,0,0,0,0,0,23,0,0,0,0,2636,_history_tree_2_removes,3105,0,0,0,0,0,0,2640,2636,0,0,0,5276,0,0,0,0,0,4,0,0,0,0,0,0,0
61,10018649925317144938,0,0,0,0,0,0,0,0,0,0,0,0,0,0,0,0,0,0,0,0,0,0,368,0,2369,68525,0,0,0,68334,0,0,0,6,368,831,0,0,0,0,192,0,0,0,0,2717,_history_tree_3_updates,2021,0,0,0,0,0,0,5106,2717,0,0,0,7823,0,0,0,0,0,2368,0,0,0,0,0,0,0
61,10018649925317144938,0,0,0,0,0,0,0,0,0,0,0,0,0,0,0,0,0,0,0,0,0,0,1068,0,6,9741,0,0,0,9730,0,0,0,7,2553,2,0,0,0,0,11,0,0,0,0,2559,_history_tree_3_removes,3006,0,0,0,0,0,0,2565,2559,0,0,0,5124,0,0,0,0,0,6,0,0,0,0,0,0,0
61,10018649925317144938,0,0,0,0,0,0,0,0,0,0,0,0,0,0,0,0,0,0,0,0,0,0,358,0,2347,67102,0,0,0,66887,0,0,0,8,358,818,0,0,0,0,213,0,0,0,0,2687,_history_tree_4_updates,2008,0,0,0,0,0,0,5051,2687,0,0,0,7738,0,0,0,0,0,2347,0,0,0,0,0,0,0
61,10018649925317144938,0,0,0,0,0,0,0,0,0,0,0,0,0,0,0,0,0,0,0,0,0,0,957,0,7,8967,0,0,0,8948,0,0,0,9,2552,1,0,0,0,0,19,0,0,0,0,2559,_history_tree_4_removes,2991,0,0,0,0,0,0,2566,2559,0,0,0,5125,0,0,0,0,0,7,0,0,0,0,0,0,0
61,10018649925317144938,0,0,0,0,0,0,0,0,0,0,0,0,0,0,0,0,0,0,0,0,0,0,307,0,2362,67915,0,0,0,67721,0,0,0,10,307,813,0,0,0,0,195,0,0,0,0,2668,_history_tree_5_updates,1976,0,0,0,0,0,0,5031,2668,0,0,0,7699,0,0,0,0,0,2361,0,0,0,0,0,0,0
61,10018649925317144938,0,0,0,0,0,0,0,0,0,0,0,0,0,0,0,0,0,0,0,0,0,0,1046,0,3,9332,0,0,0,9323,0,0,0,11,2604,0,0,0,0,0,9,0,0,0,0,2607,_history_tree_5_removes,3079,0,0,0,0,0,0,2610,2607,0,0,0,5217,0,0,0,0,0,3,0,0,0,0,0,0,0
61,10018649925317144938,0,0,0,0,0,0,0,0,0,0,0,0,0,0,0,0,0,0,0,0,0,0,347,0,2303,65921,0,0,0,65727,0,0,0,12,347,773,0,0,0,0,193,0,0,0,0,2603,_history_tree_6_updates,1989,0,0,0,0,0,0,4954,2603,0,0,0,7557,0,0,0,0,0,2304,0,0,0,0,0,0,0
61,10018649925317144938,0,0,0,0,0,0,0,0,0,0,0,0,0,0,0,0,0,0,0,0,0,0,1027,0,6,9316,0,0,0,9301,0,0,0,29,2594,1,0,0,0,0,15,0,0,0,0,2600,_history_tree_14_removes,3047,0,0,0,0,0,0,2606,2600,0,0,0,5206,0,0,0,0,0,6,0,0,0,0,0,0,0
61,10018649925317144938,0,0,0,0,0,0,0,0,0,0,0,0,0,0,0,0,0,0,0,0,0,0,351,0,2325,66704,0,0,0,66498,0,0,0,30,351,793,0,0,0,0,203,0,0,0,0,2672,_history_tree_15_updates,2010,0,0,0,0,0,0,5002,2672,0,0,0,7674,0,0,0,0,0,2326,0,0,0,0,0,0,0
61,10018649925317144938,0,0,0,0,0,0,0,0,0,0,0,0,0,0,0,0,0,0,0,0,0,0,993,0,4,9050,0,0,0,9027,0,0,0,31,2573,1,0,0,0,0,23,0,0,0,0,2577,_history_tree_15_removes,3025,0,0,0,0,0,0,2581,2577,0,0,0,5157,0,0,0,0,0,4,0,0,0,0,0,0,0
61,10018649925317144938,0,0,0,0,0,0,0,0,0,0,0,0,0,0,0,0,0,0,0,0,0,0,355,0,2360,67926,0,0,0,67676,0,0,0,32,355,811,0,0,0,0,251,0,0,0,0,2713,_history_tree_16_updates,2021,0,0,0,0,0,0,5073,2713,0,0,0,7786,0,0,0,0,0,2358,0,0,0,0,0,0,0
61,10018649925317144938,0,0,0,0,0,0,0,0,0,0,0,0,0,0,0,0,0,0,0,0,0,0,999,0,5,9294,0,0,0,9276,0,0,0,33,2587,1,0,0,0,0,18,0,0,0,0,2592,_history_tree_16_removes,3035,0,0,0,0,0,0,2597,2592,0,0,0,5189,0,0,0,0,0,5,0,0,0,0,0,0,0
61,10018649925317144938,0,0,0,0,0,0,0,0,0,0,0,0,0,0,0,0,0,0,0,0,0,0,370,0,2360,143592,0,0,0,71612,0,0,0,34,10455,2726,0,0,0,0,186,0,0,0,0,6266,_history_tree_17_updates,3948,0,0,0,0,0,0,15171,12532,0,0,0,21437,0,0,0,0,0,2356,0,0,0,0,0,0,0
61,10018649925317144938,0,0,0,0,0,0,0,0,0,0,0,0,0,0,0,0,0,0,0,0,0,0,815,0,20,8965,0,0,0,8954,0,0,0,35,2431,12,0,0,0,0,14,0,0,0,0,2451,_history_tree_17_removes,2858,0,0,0,0,0,0,2472,2452,0,0,0,4924,0,0,0,0,0,20,0,0,0,0,0,0,0
61,10018649925317144938,0,0,0,0,0,0,0,0,0,0,0,0,0,0,0,0,0,0,0,0,0,0,342,0,2315,66202,0,0,0,65989,0,0,0,36,342,762,0,0,0,0,212,0,0,0,0,2655,_history_tree_18_updates,2007,0,0,0,0,0,0,4970,2655,0,0,0,7625,0,0,0,0,0,2313,0,0,0,0,0,0,0
61,10018649925317144938,0,0,0,0,0,0,0,0,0,0,0,0,0,0,0,0,0,0,0,0,0,0,989,0,3,8856,0,0,0,8840,0,0,0,37,2591,1,0,0,0,0,16,0,0,0,0,2594,_history_tree_18_removes,3023,0,0,0,0,0,0,2597,2594,0,0,0,5191,0,0,0,0,0,3,0,0,0,0,0,0,0
61,10018649925317144938,0,0,0,0,0,0,0,0,0,0,0,0,0,0,0,0,0,0,0,0,0,0,361,0,2392,68287,0,0,0,68096,0,0,0,38,361,849,0,0,0,0,192,0,0,0,0,2669,_history_tree_19_updates,2035,0,0,0,0,0,0,5144,2669,0,0,0,7813,0,0,0,0,0,2391,0,0,0,0,0,0,0
61,10018649925317144938,0,0,0,0,0,0,0,0,0,0,0,0,0,0,0,0,0,0,0,0,0,0,963,0,8,9097,0,0,0,9086,0,0,0,39,2576,4,0,0,0,0,10,0,0,0,0,2584,_history_tree_19_removes,3022,0,0,0,0,0,0,2592,2584,0,0,0,5176,0,0,0,0,0,8,0,0,0,0,0,0,0
61,10018649925317144938,48384,0,0,0,0,0,44590,0,0,0,0,0,0,0,0,0,0,0,0,0,0,0,0,0,0,290713,0,0,0,94936,0,0,0,40,0,0,0,0,0,0,1975,0,0,92968,0,0,warehouse,0,0,0,0,0,0,0,0,0,0,0,0,0,193437,0,0,193436,0,0,0,0,0,92964,0,0,0
61,10018649925317144938,0,0,0,0,0,0,0,0,0,0,0,0,0,0,0,0,0,0,0,0,0,0,0,0,0,0,0,0,0,0,0,0,0,41,0,0,0,0,0,0,0,0,0,0,0,0,_warehouse_graveyard,0,0,0,0,0,0,0,0,0,0,0,0,0,0,0,0,0,0,0,0,0,0,0,0,0,0
61,10018649925317144938,95968,0,0,0,0,0,94444,0,0,0,0,0,0,0,0,0,0,0,0,0,0,0,0,0,0,295368,0,0,0,192573,0,0,0,42,0,0,0,0,0,0,1016,0,0,190413,0,0,district,0,0,0,0,0,0,0,0,0,0,0,0,0,101742,0,0,101743,0,0,0,0,0,190423,0,0,0
61,10018649925317144938,0,0,0,0,0,0,0,0,0,0,0,0,0,0,0,0,0,0,0,0,0,0,0,0,0,0,0,0,0,0,0,0,0,43,0,0,0,0,0,0,0,0,0,0,0,0,_district_graveyard,0,0,0,0,0,0,0,0,0,0,0,0,0,0,0,0,0,0,0,0,0,0,0,0,0,0
61,10018649925317144938,62380,0,0,0,0,0,58846,0,0,0,0,0,0,0,0,0,0,0,0,0,0,0,0,0,0,782951,0,0,0,121233,0,0,0,44,0,0,0,0,0,0,10,0,0,121228,0,0,customer,0,0,0,0,0,0,0,0,0,0,0,0,0,139737,0,0,139737,0,0,0,0,0,121228,0,0,0
61,10018649925317144938,0,0,0,0,0,0,0,0,0,0,0,0,0,0,0,0,0,0,0,0,0,0,0,0,0,0,0,0,0,0,0,0,0,45,0,0,0,0,0,0,0,0,0,0,0,0,_customer_graveyard,0,0,0,0,0,0,0,0,0,0,0,0,0,0,0,0,0,0,0,0,0,0,0,0,0,0
61,10018649925317144938,0,0,0,0,0,0,0,0,0,0,0,0,0,0,0,0,0,0,0,0,0,0,0,0,0,181968,0,0,0,0,0,0,0,46,0,0,0,0,0,0,60656,0,0,0,0,0,customerwdl,0,0,0,0,0,0,0,0,0,0,0,60655,0,60655,0,0,60655,0,0,0,0,0,0,0,0,0
61,10018649925317144938,0,0,0,0,0,0,0,0,0,0,0,0,0,0,0,0,0,0,0,0,0,0,0,0,0,0,0,0,0,0,0,0,0,47,0,0,0,0,0,0,0,0,0,0,0,0,_customerwdl_graveyard,0,0,0,0,0,0,0,0,0,0,0,0,0,0,0,0,0,0,0,0,0,0,0,0,0,0
61,10018649925317144938,0,0,0,0,0,0,0,0,0,0,0,0,0,0,0,0,0,0,0,0,0,0,0,0,2188,116799,0,0,0,38934,0,0,0,48,0,0,0,0,0,0,0,0,0,0,0,0,history,0,0,0,0,0,0,0,2215,0,0,0,0,2215,0,0,0,0,0,0,0,0,0,0,0,0,0
61,10018649925317144938,0,0,0,0,0,0,0,0,0,0,0,0,0,0,0,0,0,0,0,0,0,0,0,0,0,0,0,0,0,0,0,0,0,49,0,0,0,0,0,0,0,0,0,0,0,0,_history_graveyard,0,0,0,0,0,0,0,0,0,0,0,0,0,0,0,0,0,0,0,0,0,0,0,0,0,0
61,10018649925317144938,42288,84494,0,84496,0,0,42201,0,0,0,0,0,0,0,0,0,0,0,0,0,0,0,53839,0,2063,1141521,0,0,0,269934,0,8656,0,50,33,0,0,0,0,0,110562,0,0,0,0,0,neworder,88242,8656,0,0,0,0,0,3892,13,0,0,84793,3892,93449,0,0,93447,0,1793,0,0,0,0,0,0,0
61,10018649925317144938,0,0,0,0,0,0,0,0,0,0,0,0,0,0,0,0,0,0,0,0,0,0,0,0,0,0,0,0,0,0,0,0,0,51,0,0,0,0,0,0,0,0,0,0,0,0,_neworder_graveyard,0,0,0,0,0,0,0,0,0,0,0,0,0,0,0,0,0,0,0,0,0,0,0,0,0,0
61,10018649925317144938,42688,0,0,0,0,0,41796,0,0,0,0,0,0,0,0,0,0,0,0,0,0,0,0,0,4334,826292,0,0,0,187384,0,0,0,52,0,0,0,0,0,0,0,0,0,84489,0,0,order,0,0,0,0,0,0,0,4356,0,0,0,0,4356,88053,0,0,88053,0,0,0,0,0,84495,0,0,0
61,10018649925317144938,0,0,0,0,0,0,0,0,0,0,0,0,0,0,0,0,0,0,0,0,0,0,0,0,0,0,0,0,0,0,0,0,0,53,0,0,0,0,0,0,0,0,0,0,0,0,_order_graveyard,0,0,0,0,0,0,0,0,0,0,0,0,0,0,0,0,0,0,0,0,0,0,0,0,0,0
61,10018649925317144938,0,0,0,0,0,0,0,0,0,0,0,0,0,0,0,0,3558,0,0,0,0,0,0,0,1349,310344,0,0,0,99892,0,0,0,54,0,0,0,0,0,0,3558,0,0,0,0,0,order_wdc,0,0,0,0,0,0,0,1351,0,0,0,0,1351,3558,0,0,3558,0,0,0,0,0,0,0,0,0
61,10018649925317144938,0,0,0,0,0,0,0,0,0,0,0,0,0,0,0,0,0,0,0,0,0,0,0,0,0,0,0,0,0,0,0,0,0,55,0,0,0,0,0,0,0,0,0,0,0,0,_order_wdc_graveyard,0,0,0,0,0,0,0,0,0,0,0,0,0,0,0,0,0,0,0,0,0,0,0,0,0,0
61,10018649925317144938,428037,0,0,0,0,0,418273,0,0,0,0,0,0,0,0,0,0,0,0,0,0,0,98666,0,58480,7590661,0,0,0,1885242,0,1099,0,56,0,0,0,0,0,0,12418,0,0,846315,0,0,orderline,1791694,1099,0,0,0,0,0,59288,0,0,0,12336,59292,1804119,0,0,1804142,0,0,0,0,0,846296,0,0,0
61,10018649925317144938,0,0,0,0,0,0,0,0,0,0,0,0,0,0,0,0,0,0,0,0,0,0,0,0,0,0,0,0,0,0,0,0,0,57,0,0,0,0,0,0,0,0,0,0,0,0,_orderline_graveyard,0,0,0,0,0,0,0,0,0,0,0,0,0,0,0,0,0,0,0,0,0,0,0,0,0,0
61,10018649925317144938,0,0,0,0,0,0,0,0,0,0,0,0,0,0,0,0,0,0,0,0,0,0,0,0,0,1960903,0,0,0,0,0,0,0,58,0,0,0,0,0,0,0,0,0,0,0,0,item,0,0,0,0,0,0,0,0,0,0,0,0,0,980446,0,0,980456,0,0,0,0,0,0,0,0,0
62,10018649925317144938,0,0,0,0,0,0,0,0,0,0,0,0,0,0,0,0,0,0,0,0,0,0,0,0,0,0,0,0,0,0,0,0,0,61,0,0,0,0,0,0,0,0,0,0,0,0,_stock_graveyard,0,0,0,0,0,0,0,0,0,0,0,0,0,0,0,0,0,0,0,0,0,0,0,0,0,0
62,10018649925317144938,501994,0,0,0,0,0,489982,0,0,0,0,0,0,0,0,0,0,0,0,0,0,0,0,0,0,15029842,0,0,0,993244,0,0,0,60,0,0,0,0,0,0,1004,0,0,992077,0,0,stock,0,0,0,0,0,0,0,0,0,0,0,0,0,2763377,0,0,2763376,0,0,0,0,0,992097,0,0,0
62,10018649925317144938,0,0,0,0,0,0,0,0,0,0,0,0,0,0,0,0,0,0,0,0,0,0,0,0,0,0,0,0,0,0,0,0,0,59,0,0,0,0,0,0,0,0,0,0,0,0,_item_graveyard,0,0,0,0,0,0,0,0,0,0,0,0,0,0,0,0,0,0,0,0,0,0,0,0,0,0
62,10018649925317144938,0,0,0,0,0,0,0,0,0,0,0,0,0,0,0,0,0,0,0,0,0,0,377,0,2349,66824,0,0,0,66639,0,0,0,28,377,760,0,0,0,0,183,0,0,0,0,2721,_history_tree_14_updates,2073,0,0,0,0,0,0,5078,2721,0,0,0,7799,0,0,0,0,0,2352,0,0,0,0,0,0,0
62,10018649925317144938,0,0,0,0,0,0,0,0,0,0,0,0,0,0,0,0,0,0,0,0,0,0,1059,0,7,9681,0,0,0,9667,0,0,0,27,2578,4,0,0,0,0,14,0,0,0,0,2585,_history_tree_13_removes,3037,0,0,0,0,0,0,2592,2585,0,0,0,5177,0,0,0,0,0,7,0,0,0,0,0,0,0
62,10018649925317144938,0,0,0,0,0,0,0,0,0,0,0,0,0,0,0,0,0,0,0,0,0,0,349,0,2398,69123,0,0,0,68926,0,0,0,26,349,855,0,0,0,0,194,0,0,0,0,2696,_history_tree_13_updates,2005,0,0,0,0,0,0,5145,2696,0,0,0,7841,0,0,0,0,0,2398,0,0,0,0,0,0,0
62,10018649925317144938,0,0,0,0,0,0,0,0,0,0,0,0,0,0,0,0,0,0,0,0,0,0,906,0,8,8875,0,0,0,8864,0,0,0,25,2644,2,0,0,0,0,11,0,0,0,0,2652,_history_tree_12_removes,3092,0,0,0,0,0,0,2660,2652,0,0,0,5312,0,0,0,0,0,8,0,0,0,0,0,0,0
62,10018649925317144938,0,0,0,0,0,0,0,0,0,0,0,0,0,0,0,0,0,0,0,0,0,0,371,0,2369,67309,0,0,0,67120,0,0,0,24,371,836,0,0,0,0,187,0,0,0,0,2725,_history_tree_12_updates,2038,0,0,0,0,0,0,5106,2725,0,0,0,7831,0,0,0,0,0,2367,0,0,0,0,0,0,0
62,10018649925317144938,0,0,0,0,0,0,0,0,0,0,0,0,0,0,0,0,0,0,0,0,0,0,1019,0,6,9263,0,0,0,9241,0,0,0,23,2697,2,0,0,0,0,22,0,0,0,0,2703,_history_tree_11_removes,3138,0,0,0,0,0,0,2709,2703,0,0,0,5412,0,0,0,0,0,6,0,0,0,0,0,0,0
62,10018649925317144938,0,0,0,0,0,0,0,0,0,0,0,0,0,0,0,0,0,0,0,0,0,0,339,0,2372,67870,0,0,0,67679,0,0,0,22,339,784,0,0,0,0,191,0,0,0,0,2694,_history_tree_11_updates,2044,0,0,0,0,0,0,5085,2694,0,0,0,7779,0,0,0,0,0,2374,0,0,0,0,0,0,0
62,10018649925317144938,0,0,0,0,0,0,0,0,0,0,0,0,0,0,0,0,0,0,0,0,0,0,1046,0,7,9647,0,0,0,9633,0,0,0,21,2557,3,0,0,0,0,14,0,0,0,0,2563,_history_tree_10_removes,3026,0,0,0,0,0,0,2570,2563,0,0,0,5133,0,0,0,0,0,7,0,0,0,0,0,0,0
62,10018649925317144938,0,0,0,0,0,0,0,0,0,0,0,0,0,0,0,0,0,0,0,0,0,0,342,0,2402,69267,0,0,0,69068,0,0,0,20,343,886,0,0,0,0,198,0,0,0,0,2724,_history_tree_10_updates,1980,0,0,0,0,0,0,5148,2725,0,0,0,7873,0,0,0,0,0,2403,0,0,0,0,0,0,0
62,10018649925317144938,0,0,0,0,0,0,0,0,0,0,0,0,0,0,0,0,0,0,0,0,0,0,993,0,6,9179,0,0,0,9169,0,0,0,19,2641,3,0,0,0,0,10,0,0,0,0,2647,_history_tree_9_removes,3095,0,0,0,0,0,0,2653,2647,0,0,0,5300,0,0,0,0,0,6,0,0,0,0,0,0,0
62,10018649925317144938,0,0,0,0,0,0,0,0,0,0,0,0,0,0,0,0,0,0,0,0,0,0,344,0,2381,68067,0,0,0,67853,0,0,0,18,344,835,0,0,0,0,214,0,0,0,0,2691,_history_tree_9_updates,2011,0,0,0,0,0,0,5105,2691,0,0,0,7796,0,0,0,0,0,2380,0,0,0,0,0,0,0
62,10018649925317144938,0,0,0,0,0,0,0,0,0,0,0,0,0,0,0,0,0,0,0,0,0,0,1017,0,5,9414,0,0,0,9397,0,0,0,17,2637,2,0,0,0,0,17,0,0,0,0,2642,_history_tree_8_removes,3059,0,0,0,0,0,0,2647,2642,0,0,0,5289,0,0,0,0,0,5,0,0,0,0,0,0,0
62,10018649925317144938,0,0,0,0,0,0,0,0,0,0,0,0,0,0,0,0,0,0,0,0,0,0,339,0,2400,68840,0,0,0,68616,0,0,0,16,339,832,0,0,0,0,222,0,0,0,0,2736,_history_tree_8_updates,2012,0,0,0,0,0,0,5140,2736,0,0,0,7876,0,0,0,0,0,2401,0,0,0,0,0,0,0
62,10018649925317144938,0,0,0,0,0,0,0,0,0,0,0,0,0,0,0,0,0,0,0,0,0,0,1055,0,4,9255,0,0,0,9240,0,0,0,15,2641,0,0,0,0,0,15,0,0,0,0,2645,_history_tree_7_removes,3107,0,0,0,0,0,0,2649,2645,0,0,0,5294,0,0,0,0,0,4,0,0,0,0,0,0,0
62,10018649925317144938,0,0,0,0,0,0,0,0,0,0,0,0,0,0,0,0,0,0,0,0,0,0,312,0,2361,67580,0,0,0,67379,0,0,0,14,312,790,0,0,0,0,204,0,0,0,0,2660,_history_tree_7_updates,2013,0,0,0,0,0,0,5033,2660,0,0,0,7693,0,0,0,0,0,2360,0,0,0,0,0,0,0
62,10018649925317144938,0,0,0,0,0,0,0,0,0,0,0,0,0,0,0,0,0,0,0,0,0,0,990,0,9,9468,0,0,0,9446,0,0,0,13,2578,5,0,0,0,0,22,0,0,0,0,2586,_history_tree_6_removes,3028,0,0,0,0,0,0,2595,2586,0,0,0,5181,0,0,0,0,0,9,0,0,0,0,0,0,0
62,10018649925317144938,0,0,0,0,0,0,0,0,0,0,0,0,0,22174811,22824296,0,0,0,0,0,0,0,319,0,2409,69500,0,0,0,69315,0,0,0,0,319,869,0,0,0,0,182,0,0,0,0,2702,_history_tree_0_updates,1990,0,1503819,0,0,0,0,5139,2702,0,0,0,7841,0,0,0,0,0,2411,0,0,0,0,705153,0,0
62,10018649925317144938,0,0,0,0,0,0,0,0,0,0,0,0,0,0,0,0,0,0,0,0,0,0,1019,0,6,9740,0,0,0,9728,0,0,0,1,2580,3,0,0,0,0,12,0,0,0,0,2586,_history_tree_0_removes,3052,0,0,0,0,0,0,2592,2586,0,0,0,5178,0,0,0,0,0,6,0,0,0,0,0,0,0
62,10018649925317144938,0,0,0,0,0,0,0,0,0,0,0,0,0,0,0,0,0,0,0,0,0,0,336,0,2398,68743,0,0,0,68535,0,0,0,2,336,891,0,0,0,0,206,0,0,0,0,2706,_history_tree_1_updates,1968,0,0,0,0,0,0,5133,2706,0,0,0,7839,0,0,0,0,0,2398,0,0,0,0,0,0,0
62,10018649925317144938,0,0,0,0,0,0,0,0,0,0,0,0,0,0,0,0,0,0,0,0,0,0,967,0,12,9452,0,0,0,9435,0,0,0,3,2530,4,0,0,0,0,17,0,0,0,0,2543,_history_tree_1_removes,2977,0,0,0,0,0,0,2555,2543,0,0,0,5098,0,0,0,0,0,12,0,0,0,0,0,0,0
62,10018649925317144938,0,0,0,0,0,0,0,0,0,0,0,0,0,0,0,0,0,0,0,0,0,0,355,0,2377,68408,0,0,0,68194,0,0,0,4,355,833,0,0,0,0,214,0,0,0,0,2718,_history_tree_2_updates,2010,0,0,0,0,0,0,5109,2718,0,0,0,7827,0,0,0,0,0,2377,0,0,0,0,0,0,0
62,10018649925317144938,0,0,0,0,0,0,0,0,0,0,0,0,0,0,0,0,0,0,0,0,0,0,1043,0,6,9384,0,0,0,9368,0,0,0,5,2608,2,0,0,0,0,16,0,0,0,0,2614,_history_tree_2_removes,3048,0,0,0,0,0,0,2620,2614,0,0,0,5234,0,0,0,0,0,6,0,0,0,0,0,0,0
62,10018649925317144938,0,0,0,0,0,0,0,0,0,0,0,0,0,0,0,0,0,0,0,0,0,0,313,0,2398,69029,0,0,0,68819,0,0,0,6,313,833,0,0,0,0,208,0,0,0,0,2700,_history_tree_3_updates,1986,0,0,0,0,0,0,5110,2700,0,0,0,7810,0,0,0,0,0,2400,0,0,0,0,0,0,0
62,10018649925317144938,0,0,0,0,0,0,0,0,0,0,0,0,0,0,0,0,0,0,0,0,0,0,1025,0,6,9565,0,0,0,9549,0,0,0,7,2612,2,0,0,0,0,16,0,0,0,0,2618,_history_tree_3_removes,3045,0,0,0,0,0,0,2624,2618,0,0,0,5242,0,0,0,0,0,6,0,0,0,0,0,0,0
62,10018649925317144938,0,0,0,0,0,0,0,0,0,0,0,0,0,0,0,0,0,0,0,0,0,0,340,0,2390,68406,0,0,0,68198,0,0,0,8,340,851,0,0,0,0,209,0,0,0,0,2722,_history_tree_4_updates,2000,0,0,0,0,0,0,5121,2722,0,0,0,7843,0,0,0,0,0,2390,0,0,0,0,0,0,0
62,10018649925317144938,0,0,0,0,0,0,0,0,0,0,0,0,0,0,0,0,0,0,0,0,0,0,1023,0,6,9287,0,0,0,9279,0,0,0,9,2615,1,0,0,0,0,8,0,0,0,0,2621,_history_tree_4_removes,3073,0,0,0,0,0,0,2627,2621,0,0,0,5248,0,0,0,0,0,6,0,0,0,0,0,0,0
62,10018649925317144938,0,0,0,0,0,0,0,0,0,0,0,0,0,0,0,0,0,0,0,0,0,0,323,0,2368,68083,0,0,0,67829,0,0,0,10,323,778,0,0,0,0,250,0,0,0,0,2690,_history_tree_5_updates,2028,0,0,0,0,0,0,5058,2690,0,0,0,7748,0,0,0,0,0,2367,0,0,0,0,0,0,0
62,10018649925317144938,0,0,0,0,0,0,0,0,0,0,0,0,0,0,0,0,0,0,0,0,0,0,1038,0,4,9326,0,0,0,9315,0,0,0,11,2674,1,0,0,0,0,12,0,0,0,0,2678,_history_tree_5_removes,3131,0,0,0,0,0,0,2682,2678,0,0,0,5360,0,0,0,0,0,4,0,0,0,0,0,0,0
62,10018649925317144938,0,0,0,0,0,0,0,0,0,0,0,0,0,0,0,0,0,0,0,0,0,0,364,0,2430,69567,0,0,0,69380,0,0,0,12,364,922,0,0,0,0,186,0,0,0,0,2666,_history_tree_6_updates,1999,0,0,0,0,0,0,5224,2666,0,0,0,7890,0,0,0,0,0,2430,0,0,0,0,0,0,0
62,10018649925317144938,0,0,0,0,0,0,0,0,0,0,0,0,0,0,0,0,0,0,0,0,0,0,930,0,5,8795,0,0,0,8783,0,0,0,29,2672,1,0,0,0,0,12,0,0,0,0,2677,_history_tree_14_removes,3093,0,0,0,0,0,0,2682,2677,0,0,0,5361,0,0,0,0,0,5,0,0,0,0,0,0,0
62,10018649925317144938,0,0,0,0,0,0,0,0,0,0,0,0,0,0,0,0,0,0,0,0,0,0,320,0,2393,68579,0,0,0,68369,0,0,0,30,321,856,0,0,0,0,207,0,0,0,0,2691,_history_tree_15_updates,1973,0,0,0,0,0,0,5107,2691,0,0,0,7798,0,0,0,0,0,2393,0,0,0,0,0,0,0
62,10018649925317144938,0,0,0,0,0,0,0,0,0,0,0,0,0,0,0,0,0,0,0,0,0,0,1004,0,8,9424,0,0,0,9408,0,0,0,31,2603,3,0,0,0,0,16,0,0,0,0,2611,_history_tree_15_removes,3050,0,0,0,0,0,0,2619,2611,0,0,0,5230,0,0,0,0,0,8,0,0,0,0,0,0,0
62,10018649925317144938,0,0,0,0,0,0,0,0,0,0,0,0,0,0,0,0,0,0,0,0,0,0,300,0,2375,68176,0,0,0,67976,0,0,0,32,301,811,0,0,0,0,200,0,0,0,0,2676,_history_tree_16_updates,1971,0,0,0,0,0,0,5051,2676,0,0,0,7727,0,0,0,0,0,2375,0,0,0,0,0,0,0
62,10018649925317144938,0,0,0,0,0,0,0,0,0,0,0,0,0,0,0,0,0,0,0,0,0,0,1029,0,5,9381,0,0,0,9370,0,0,0,33,2626,0,0,0,0,0,11,0,0,0,0,2631,_history_tree_16_removes,3064,0,0,0,0,0,0,2636,2631,0,0,0,5267,0,0,0,0,0,5,0,0,0,0,0,0,0
62,10018649925317144938,0,0,0,0,0,0,0,0,0,0,0,0,0,0,0,0,0,0,0,0,0,0,334,0,2374,144880,0,0,0,72204,0,0,0,34,10555,2712,0,0,0,0,234,0,0,0,0,6336,_history_tree_17_updates,4006,0,0,0,0,0,0,15307,12672,0,0,0,21643,0,0,0,0,0,2378,0,0,0,0,0,0,0
62,10018649925317144938,0,0,0,0,0,0,0,0,0,0,0,0,0,0,0,0,0,0,0,0,0,0,829,0,18,9120,0,0,0,9105,0,0,0,35,2481,10,0,0,0,0,12,0,0,0,0,2499,_history_tree_17_removes,2922,0,0,0,0,0,0,2516,2498,0,0,0,5014,0,0,0,0,0,18,0,0,0,0,0,0,0
62,10018649925317144938,0,0,0,0,0,0,0,0,0,0,0,0,0,0,0,0,0,0,0,0,0,0,389,0,2386,68671,0,0,0,68476,0,0,0,36,389,854,0,0,0,0,194,0,0,0,0,2767,_history_tree_18_updates,2052,0,0,0,0,0,0,5164,2767,0,0,0,7931,0,0,0,0,0,2388,0,0,0,0,0,0,0
62,10018649925317144938,0,0,0,0,0,0,0,0,0,0,0,0,0,0,0,0,0,0,0,0,0,0,1033,0,6,9513,0,0,0,9495,0,0,0,37,2612,1,0,0,0,0,18,0,0,0,0,2618,_history_tree_18_removes,3073,0,0,0,0,0,0,2624,2618,0,0,0,5242,0,0,0,0,0,6,0,0,0,0,0,0,0
62,10018649925317144938,0,0,0,0,0,0,0,0,0,0,0,0,0,0,0,0,0,0,0,0,0,0,330,0,2347,67767,0,0,0,67570,0,0,0,38,330,768,0,0,0,0,195,0,0,0,0,2676,_history_tree_19_updates,2029,0,0,0,0,0,0,5026,2676,0,0,0,7702,0,0,0,0,0,2349,0,0,0,0,0,0,0
62,10018649925317144938,0,0,0,0,0,0,0,0,0,0,0,0,0,0,0,0,0,0,0,0,0,0,1076,0,3,9511,0,0,0,9491,0,0,0,39,2636,1,0,0,0,0,20,0,0,0,0,2639,_history_tree_19_removes,3086,0,0,0,0,0,0,2642,2639,0,0,0,5281,0,0,0,0,0,3,0,0,0,0,0,0,0
62,10018649925317144938,49140,0,0,0,0,0,45435,0,0,0,0,0,0,0,0,0,0,0,0,0,0,0,0,0,0,294935,0,0,0,96556,0,0,0,40,0,0,0,0,0,0,2036,0,0,94576,0,0,warehouse,0,0,0,0,0,0,0,0,0,0,0,0,0,195979,0,0,195980,0,0,0,0,0,94576,0,0,0
62,10018649925317144938,0,0,0,0,0,0,0,0,0,0,0,0,0,0,0,0,0,0,0,0,0,0,0,0,0,0,0,0,0,0,0,0,0,41,0,0,0,0,0,0,0,0,0,0,0,0,_warehouse_graveyard,0,0,0,0,0,0,0,0,0,0,0,0,0,0,0,0,0,0,0,0,0,0,0,0,0,0
62,10018649925317144938,97419,0,0,0,0,0,95547,0,0,0,0,0,0,0,0,0,0,0,0,0,0,0,0,0,1,299648,0,0,0,195137,0,0,0,42,0,0,0,0,0,0,1022,0,0,192956,0,0,district,0,0,0,0,0,0,0,1,0,0,0,0,1,103418,0,0,103418,1,0,0,0,0,192948,0,0,0
62,10018649925317144938,0,0,0,0,0,0,0,0,0,0,0,0,0,0,0,0,0,0,0,0,0,0,0,0,0,0,0,0,0,0,0,0,0,43,0,0,0,0,0,0,0,0,0,0,0,0,_district_graveyard,0,0,0,0,0,0,0,0,0,0,0,0,0,0,0,0,0,0,0,0,0,0,0,0,0,0
62,10018649925317144938,63916,0,0,0,0,0,60631,0,0,0,0,0,0,0,0,0,0,0,0,0,0,0,0,0,0,797671,0,0,0,124566,0,0,0,44,0,0,0,0,0,0,2,0,0,124544,0,0,customer,0,0,0,0,0,0,0,0,0,0,0,0,0,141326,0,0,141326,0,0,0,0,0,124540,0,0,0
62,10018649925317144938,0,0,0,0,0,0,0,0,0,0,0,0,0,0,0,0,0,0,0,0,0,0,0,0,0,0,0,0,0,0,0,0,0,45,0,0,0,0,0,0,0,0,0,0,0,0,_customer_graveyard,0,0,0,0,0,0,0,0,0,0,0,0,0,0,0,0,0,0,0,0,0,0,0,0,0,0
62,10018649925317144938,0,0,0,0,0,0,0,0,0,0,0,0,0,0,0,0,0,0,0,0,0,0,0,0,0,184416,0,0,0,0,0,0,0,46,0,0,0,0,0,0,61473,0,0,0,0,0,customerwdl,0,0,0,0,0,0,0,0,0,0,0,61473,0,61473,0,0,61474,0,0,0,0,0,0,0,0,0
62,10018649925317144938,0,0,0,0,0,0,0,0,0,0,0,0,0,0,0,0,0,0,0,0,0,0,0,0,0,0,0,0,0,0,0,0,0,47,0,0,0,0,0,0,0,0,0,0,0,0,_customerwdl_graveyard,0,0,0,0,0,0,0,0,0,0,0,0,0,0,0,0,0,0,0,0,0,0,0,0,0,0
62,10018649925317144938,0,0,0,0,0,0,0,0,0,0,0,0,0,0,0,0,0,0,0,0,0,0,0,0,2221,118692,0,0,0,39563,0,0,0,48,0,0,0,0,0,0,0,0,0,0,0,0,history,0,0,0,0,0,0,0,2247,0,0,0,0,2247,0,0,0,0,0,0,0,0,0,0,0,0,0
62,10018649925317144938,0,0,0,0,0,0,0,0,0,0,0,0,0,0,0,0,0,0,0,0,0,0,0,0,0,0,0,0,0,0,0,0,0,49,0,0,0,0,0,0,0,0,0,0,0,0,_history_graveyard,0,0,0,0,0,0,0,0,0,0,0,0,0,0,0,0,0,0,0,0,0,0,0,0,0,0
62,10018649925317144938,43637,87196,0,87194,0,0,43539,0,0,0,0,0,0,0,0,0,0,0,0,0,0,0,56027,0,2099,1171328,0,0,0,276301,0,11305,0,50,40,0,0,0,0,0,114141,0,0,0,0,0,neworder,93986,11305,0,0,0,0,0,3982,12,0,0,87482,3982,98787,0,0,98788,0,1841,0,0,0,0,0,0,0
62,10018649925317144938,0,0,0,0,0,0,0,0,0,0,0,0,0,0,0,0,0,0,0,0,0,0,0,0,0,0,0,0,0,0,0,0,0,51,0,0,0,0,0,0,0,0,0,0,0,0,_neworder_graveyard,0,0,0,0,0,0,0,0,0,0,0,0,0,0,0,0,0,0,0,0,0,0,0,0,0,0
62,10018649925317144938,44081,0,0,0,0,0,43115,0,0,0,0,0,0,0,0,0,0,0,0,0,0,0,0,0,4505,846126,0,0,0,191231,0,0,0,52,0,0,0,0,0,0,0,0,0,87196,0,0,order,0,0,0,0,0,0,0,4694,0,0,0,0,4694,90803,0,0,90803,0,0,0,0,0,87193,0,0,0
62,10018649925317144938,0,0,0,0,0,0,0,0,0,0,0,0,0,0,0,0,0,0,0,0,0,0,0,0,0,0,0,0,0,0,0,0,0,53,0,0,0,0,0,0,0,0,0,0,0,0,_order_graveyard,0,0,0,0,0,0,0,0,0,0,0,0,0,0,0,0,0,0,0,0,0,0,0,0,0,0
62,10018649925317144938,0,0,0,0,0,0,0,0,0,0,0,0,0,0,0,0,3612,0,0,0,0,0,0,0,1417,313614,0,0,0,100925,0,0,0,54,0,0,0,0,0,0,3612,0,0,0,0,0,order_wdc,0,0,0,0,0,0,0,1419,0,0,0,0,1419,3612,0,0,3612,0,0,0,0,0,0,0,0,0
62,10018649925317144938,0,0,0,0,0,0,0,0,0,0,0,0,0,0,0,0,0,0,0,0,0,0,0,0,0,0,0,0,0,0,0,0,0,55,0,0,0,0,0,0,0,0,0,0,0,0,_order_wdc_graveyard,0,0,0,0,0,0,0,0,0,0,0,0,0,0,0,0,0,0,0,0,0,0,0,0,0,0
62,10018649925317144938,440812,0,0,0,0,0,430774,0,0,0,0,0,0,0,0,0,0,0,0,0,0,0,99688,0,59124,7739654,0,0,0,1922376,0,977,0,56,0,0,0,0,0,0,12535,0,0,871605,0,0,orderline,1810907,977,0,0,0,0,0,59925,0,0,0,12470,59921,1823320,0,0,1823318,0,0,0,0,0,871615,0,0,0
62,10018649925317144938,0,0,0,0,0,0,0,0,0,0,0,0,0,0,0,0,0,0,0,0,0,0,0,0,0,0,0,0,0,0,0,0,0,57,0,0,0,0,0,0,0,0,0,0,0,0,_orderline_graveyard,0,0,0,0,0,0,0,0,0,0,0,0,0,0,0,0,0,0,0,0,0,0,0,0,0,0
62,10018649925317144938,0,0,0,0,0,0,0,0,0,0,0,0,0,0,0,0,0,0,0,0,0,0,0,0,0,1982906,0,0,0,0,0,0,0,58,0,0,0,0,0,0,0,0,0,0,0,0,item,0,0,0,0,0,0,0,0,0,0,0,0,0,991456,0,0,991449,0,0,0,0,0,0,0,0,0
63,10018649925317144938,0,0,0,0,0,0,0,0,0,0,0,0,0,0,0,0,0,0,0,0,0,0,0,0,0,0,0,0,0,0,0,0,0,61,0,0,0,0,0,0,0,0,0,0,0,0,_stock_graveyard,0,0,0,0,0,0,0,0,0,0,0,0,0,0,0,0,0,0,0,0,0,0,0,0,0,0
63,10018649925317144938,498186,0,0,0,0,0,486048,0,0,0,0,0,0,0,0,0,0,0,0,0,0,0,0,0,0,14759239,0,0,0,984904,0,0,0,60,0,0,0,0,0,0,1103,0,0,984102,0,0,stock,0,0,0,0,0,0,0,0,0,0,0,0,0,2703653,0,0,2703636,0,0,0,0,0,984055,0,0,0
63,10018649925317144938,0,0,0,0,0,0,0,0,0,0,0,0,0,0,0,0,0,0,0,0,0,0,0,0,0,0,0,0,0,0,0,0,0,59,0,0,0,0,0,0,0,0,0,0,0,0,_item_graveyard,0,0,0,0,0,0,0,0,0,0,0,0,0,0,0,0,0,0,0,0,0,0,0,0,0,0
63,10018649925317144938,0,0,0,0,0,0,0,0,0,0,0,0,0,0,0,0,0,0,0,0,0,0,296,0,2365,67834,0,0,0,67633,0,0,0,28,296,793,0,0,0,0,200,0,0,0,0,2659,_history_tree_14_updates,1989,0,0,0,0,0,0,5024,2660,0,0,0,7684,0,0,0,0,0,2364,0,0,0,0,0,0,0
63,10018649925317144938,0,0,0,0,0,0,0,0,0,0,0,0,0,0,0,0,0,0,0,0,0,0,1105,0,7,9769,0,0,0,9755,0,0,0,27,2516,4,0,0,0,0,14,0,0,0,0,2523,_history_tree_13_removes,2980,0,0,0,0,0,0,2530,2523,0,0,0,5053,0,0,0,0,0,7,0,0,0,0,0,0,0
63,10018649925317144938,0,0,0,0,0,0,0,0,0,0,0,0,0,0,0,0,0,0,0,0,0,0,285,0,2371,68677,0,0,0,68436,0,0,0,26,285,839,0,0,0,0,240,0,0,0,0,2610,_history_tree_13_updates,1946,0,0,0,0,0,0,5028,2610,0,0,0,7638,0,0,0,0,0,2371,0,0,0,0,0,0,0
63,10018649925317144938,0,0,0,0,0,0,0,0,0,0,0,0,0,0,0,0,0,0,0,0,0,0,908,0,4,8549,0,0,0,8536,0,0,0,25,2656,0,0,0,0,0,13,0,0,0,0,2661,_history_tree_12_removes,3069,0,0,0,0,0,0,2665,2661,0,0,0,5326,0,0,0,0,0,4,0,0,0,0,0,0,0
63,10018649925317144938,0,0,0,0,0,0,0,0,0,0,0,0,0,0,0,0,0,0,0,0,0,0,331,0,2303,65466,0,0,0,65259,0,0,0,24,331,738,0,0,0,0,199,0,0,0,0,2620,_history_tree_12_updates,2006,0,0,0,0,0,0,4940,2620,0,0,0,7560,0,0,0,0,0,2306,0,0,0,0,0,0,0
63,10018649925317144938,0,0,0,0,0,0,0,0,0,0,0,0,0,0,0,0,0,0,0,0,0,0,1041,0,5,9213,0,0,0,9201,0,0,0,23,2595,2,0,0,0,0,12,0,0,0,0,2600,_history_tree_11_removes,3026,0,0,0,0,0,0,2605,2600,0,0,0,5205,0,0,0,0,0,5,0,0,0,0,0,0,0
63,10018649925317144938,0,0,0,0,0,0,0,0,0,0,0,0,0,0,0,0,0,0,0,0,0,0,314,0,2330,66902,0,0,0,66702,0,0,0,22,314,800,0,0,0,0,199,0,0,0,0,2612,_history_tree_11_updates,1946,0,0,0,0,0,0,4976,2612,0,0,0,7588,0,0,0,0,0,2332,0,0,0,0,0,0,0
63,10018649925317144938,0,0,0,0,0,0,0,0,0,0,0,0,0,0,0,0,0,0,0,0,0,0,1092,0,3,9545,0,0,0,9527,0,0,0,21,2585,0,0,0,0,0,18,0,0,0,0,2588,_history_tree_10_removes,3036,0,0,0,0,0,0,2591,2588,0,0,0,5179,0,0,0,0,0,3,0,0,0,0,0,0,0
63,10018649925317144938,0,0,0,0,0,0,0,0,0,0,0,0,0,0,0,0,0,0,0,0,0,0,324,0,2368,68308,0,0,0,68098,0,0,0,20,324,815,0,0,0,0,210,0,0,0,0,2691,_history_tree_10_updates,2006,0,0,0,0,0,0,5059,2690,0,0,0,7749,0,0,0,0,0,2367,0,0,0,0,0,0,0
63,10018649925317144938,0,0,0,0,0,0,0,0,0,0,0,0,0,0,0,0,0,0,0,0,0,0,1030,0,4,9250,0,0,0,9241,0,0,0,19,2633,0,0,0,0,0,9,0,0,0,0,2637,_history_tree_9_removes,3090,0,0,0,0,0,0,2641,2637,0,0,0,5278,0,0,0,0,0,4,0,0,0,0,0,0,0
63,10018649925317144938,0,0,0,0,0,0,0,0,0,0,0,0,0,0,0,0,0,0,0,0,0,0,316,0,2346,67405,0,0,0,67164,0,0,0,18,316,781,0,0,0,0,239,0,0,0,0,2632,_history_tree_9_updates,2005,0,0,0,0,0,0,5009,2632,0,0,0,7641,0,0,0,0,0,2347,0,0,0,0,0,0,0
63,10018649925317144938,0,0,0,0,0,0,0,0,0,0,0,0,0,0,0,0,0,0,0,0,0,0,944,0,4,8755,0,0,0,8742,0,0,0,17,2655,0,0,0,0,0,13,0,0,0,0,2659,_history_tree_8_removes,3074,0,0,0,0,0,0,2664,2660,0,0,0,5324,0,0,0,0,0,4,0,0,0,0,0,0,0
63,10018649925317144938,0,0,0,0,0,0,0,0,0,0,0,0,0,0,0,0,0,0,0,0,0,0,338,0,2318,66087,0,0,0,65878,0,0,0,16,338,751,0,0,0,0,210,0,0,0,0,2644,_history_tree_8_updates,2011,0,0,0,0,0,0,4974,2644,0,0,0,7618,0,0,0,0,0,2318,0,0,0,0,0,0,0
63,10018649925317144938,0,0,0,0,0,0,0,0,0,0,0,0,0,0,0,0,0,0,0,0,0,0,950,0,9,8993,0,0,0,8981,0,0,0,15,2536,4,0,0,0,0,12,0,0,0,0,2545,_history_tree_7_removes,2987,0,0,0,0,0,0,2554,2545,0,0,0,5099,0,0,0,0,0,9,0,0,0,0,0,0,0
63,10018649925317144938,0,0,0,0,0,0,0,0,0,0,0,0,0,0,0,0,0,0,0,0,0,0,352,0,2360,67457,0,0,0,67251,0,0,0,14,352,875,0,0,0,0,203,0,0,0,0,2680,_history_tree_7_updates,1961,0,0,0,0,0,0,5071,2680,0,0,0,7751,0,0,0,0,0,2359,0,0,0,0,0,0,0
63,10018649925317144938,0,0,0,0,0,0,0,0,0,0,0,0,0,0,0,0,0,0,0,0,0,0,956,0,6,8737,0,0,0,8718,0,0,0,13,2551,2,0,0,0,0,19,0,0,0,0,2557,_history_tree_6_removes,3003,0,0,0,0,0,0,2563,2557,0,0,0,5120,0,0,0,0,0,6,0,0,0,0,0,0,0
63,10018649925317144938,0,0,0,0,0,0,0,0,0,0,0,0,0,21786988,22434101,0,0,0,0,0,0,0,351,0,2329,66689,0,0,0,66478,0,0,0,0,351,815,0,0,0,0,213,0,0,0,0,2634,_history_tree_0_updates,1978,0,1479381,0,0,0,0,5009,2634,0,0,0,7643,0,0,0,0,0,2329,0,0,0,0,706912,0,0
63,10018649925317144938,0,0,0,0,0,0,0,0,0,0,0,0,0,0,0,0,0,0,0,0,0,0,986,0,5,9038,0,0,0,9020,0,0,0,1,2578,1,0,0,0,0,19,0,0,0,0,2584,_history_tree_0_removes,3016,0,0,0,0,0,0,2589,2584,0,0,0,5173,0,0,0,0,0,5,0,0,0,0,0,0,0
63,10018649925317144938,0,0,0,0,0,0,0,0,0,0,0,0,0,0,0,0,0,0,0,0,0,0,318,0,2344,67189,0,0,0,66985,0,0,0,2,318,844,0,0,0,0,204,0,0,0,0,2613,_history_tree_1_updates,1956,0,0,0,0,0,0,5005,2613,0,0,0,7618,0,0,0,0,0,2344,0,0,0,0,0,0,0
63,10018649925317144938,0,0,0,0,0,0,0,0,0,0,0,0,0,0,0,0,0,0,0,0,0,0,990,0,7,9141,0,0,0,9126,0,0,0,3,2494,4,0,0,0,0,15,0,0,0,0,2500,_history_tree_1_removes,2977,0,0,0,0,0,0,2507,2500,0,0,0,5007,0,0,0,0,0,7,0,0,0,0,0,0,0
63,10018649925317144938,0,0,0,0,0,0,0,0,0,0,0,0,0,0,0,0,0,0,0,0,0,0,355,0,2355,67644,0,0,0,67465,0,0,0,4,355,835,0,0,0,0,178,0,0,0,0,2679,_history_tree_2_updates,2006,0,0,0,0,0,0,5064,2679,0,0,0,7743,0,0,0,0,0,2354,0,0,0,0,0,0,0
63,10018649925317144938,0,0,0,0,0,0,0,0,0,0,0,0,0,0,0,0,0,0,0,0,0,0,996,0,6,9235,0,0,0,9209,0,0,0,5,2542,2,0,0,0,0,26,0,0,0,0,2548,_history_tree_2_removes,3005,0,0,0,0,0,0,2554,2548,0,0,0,5102,0,0,0,0,0,6,0,0,0,0,0,0,0
63,10018649925317144938,0,0,0,0,0,0,0,0,0,0,0,0,0,0,0,0,0,0,0,0,0,0,388,0,2340,67354,0,0,0,67170,0,0,0,6,388,822,0,0,0,0,183,0,0,0,0,2680,_history_tree_3_updates,2034,0,0,0,0,0,0,5067,2680,0,0,0,7747,0,0,0,0,0,2339,0,0,0,0,0,0,0
63,10018649925317144938,0,0,0,0,0,0,0,0,0,0,0,0,0,0,0,0,0,0,0,0,0,0,996,0,8,9396,0,0,0,9387,0,0,0,7,2577,4,0,0,0,0,9,0,0,0,0,2585,_history_tree_3_removes,3035,0,0,0,0,0,0,2594,2586,0,0,0,5180,0,0,0,0,0,8,0,0,0,0,0,0,0
63,10018649925317144938,0,0,0,0,0,0,0,0,0,0,0,0,0,0,0,0,0,0,0,0,0,0,373,0,2340,66753,0,0,0,66532,0,0,0,8,373,863,0,0,0,0,220,0,0,0,0,2670,_history_tree_4_updates,2007,0,0,0,0,0,0,5052,2670,0,0,0,7722,0,0,0,0,0,2339,0,0,0,0,0,0,0
63,10018649925317144938,0,0,0,0,0,0,0,0,0,0,0,0,0,0,0,0,0,0,0,0,0,0,925,0,9,8847,0,0,0,8822,0,0,0,9,2492,2,0,0,0,0,25,0,0,0,0,2501,_history_tree_4_removes,2992,0,0,0,0,0,0,2510,2501,0,0,0,5011,0,0,0,0,0,9,0,0,0,0,0,0,0
63,10018649925317144938,0,0,0,0,0,0,0,0,0,0,0,0,0,0,0,0,0,0,0,0,0,0,357,0,2380,68454,0,0,0,68264,0,0,0,10,357,841,0,0,0,0,189,0,0,0,0,2735,_history_tree_5_updates,2016,0,0,0,0,0,0,5118,2735,0,0,0,7853,0,0,0,0,0,2382,0,0,0,0,0,0,0
63,10018649925317144938,0,0,0,0,0,0,0,0,0,0,0,0,0,0,0,0,0,0,0,0,0,0,1034,0,6,9454,0,0,0,9440,0,0,0,11,2565,0,0,0,0,0,13,0,0,0,0,2571,_history_tree_5_removes,3025,0,0,0,0,0,0,2577,2571,0,0,0,5148,0,0,0,0,0,6,0,0,0,0,0,0,0
63,10018649925317144938,0,0,0,0,0,0,0,0,0,0,0,0,0,0,0,0,0,0,0,0,0,0,377,0,2290,65438,0,0,0,65211,0,0,0,12,377,766,0,0,0,0,229,0,0,0,0,2564,_history_tree_6_updates,2022,0,0,0,0,0,0,4957,2564,0,0,0,7521,0,0,0,0,0,2289,0,0,0,0,0,0,0
63,10018649925317144938,0,0,0,0,0,0,0,0,0,0,0,0,0,0,0,0,0,0,0,0,0,0,1057,0,4,9315,0,0,0,9303,0,0,0,29,2617,0,0,0,0,0,12,0,0,0,0,2621,_history_tree_14_removes,3066,0,0,0,0,0,0,2625,2621,0,0,0,5244,0,0,0,0,0,4,0,0,0,0,0,0,0
63,10018649925317144938,0,0,0,0,0,0,0,0,0,0,0,0,0,0,0,0,0,0,0,0,0,0,307,0,2336,66986,0,0,0,66779,0,0,0,30,307,797,0,0,0,0,207,0,0,0,0,2633,_history_tree_15_updates,1976,0,0,0,0,0,0,4979,2633,0,0,0,7612,0,0,0,0,0,2336,0,0,0,0,0,0,0
63,10018649925317144938,0,0,0,0,0,0,0,0,0,0,0,0,0,0,0,0,0,0,0,0,0,0,1029,0,3,9176,0,0,0,9161,0,0,0,31,2591,1,0,0,0,0,15,0,0,0,0,2594,_history_tree_15_removes,3059,0,0,0,0,0,0,2597,2594,0,0,0,5191,0,0,0,0,0,3,0,0,0,0,0,0,0
63,10018649925317144938,0,0,0,0,0,0,0,0,0,0,0,0,0,0,0,0,0,0,0,0,0,0,311,0,2349,67159,0,0,0,66953,0,0,0,32,311,780,0,0,0,0,205,0,0,0,0,2660,_history_tree_16_updates,2000,0,0,0,0,0,0,5010,2660,0,0,0,7670,0,0,0,0,0,2351,0,0,0,0,0,0,0
63,10018649925317144938,0,0,0,0,0,0,0,0,0,0,0,0,0,0,0,0,0,0,0,0,0,0,1002,0,5,9074,0,0,0,9062,0,0,0,33,2629,1,0,0,0,0,12,0,0,0,0,2634,_history_tree_16_removes,3076,0,0,0,0,0,0,2639,2634,0,0,0,5273,0,0,0,0,0,5,0,0,0,0,0,0,0
63,10018649925317144938,0,0,0,0,0,0,0,0,0,0,0,0,0,0,0,0,0,0,0,0,0,0,338,0,2364,143198,0,0,0,71385,0,0,0,34,10306,2699,0,0,0,0,213,0,0,0,0,6199,_history_tree_17_updates,3880,0,0,0,0,0,0,15032,12398,0,0,0,21231,0,0,0,0,0,2361,0,0,0,0,0,0,0
63,10018649925317144938,0,0,0,0,0,0,0,0,0,0,0,0,0,0,0,0,0,0,0,0,0,0,860,0,14,8862,0,0,0,8848,0,0,0,35,2386,8,0,0,0,0,14,0,0,0,0,2400,_history_tree_17_removes,2788,0,0,0,0,0,0,2414,2400,0,0,0,4814,0,0,0,0,0,14,0,0,0,0,0,0,0
63,10018649925317144938,0,0,0,0,0,0,0,0,0,0,0,0,0,0,0,0,0,0,0,0,0,0,329,0,2366,67744,0,0,0,67524,0,0,0,36,329,816,0,0,0,0,221,0,0,0,0,2695,_history_tree_18_updates,2002,0,0,0,0,0,0,5061,2695,0,0,0,7756,0,0,0,0,0,2366,0,0,0,0,0,0,0
63,10018649925317144938,0,0,0,0,0,0,0,0,0,0,0,0,0,0,0,0,0,0,0,0,0,0,1013,0,5,9230,0,0,0,9216,0,0,0,37,2606,1,0,0,0,0,14,0,0,0,0,2611,_history_tree_18_removes,3048,0,0,0,0,0,0,2616,2611,0,0,0,5227,0,0,0,0,0,5,0,0,0,0,0,0,0
63,10018649925317144938,0,0,0,0,0,0,0,0,0,0,0,0,0,0,0,0,0,0,0,0,0,0,293,0,2374,67895,0,0,0,67641,0,0,0,38,293,780,0,0,0,0,253,0,0,0,0,2648,_history_tree_19_updates,2013,0,0,0,0,0,0,5040,2648,0,0,0,7688,0,0,0,0,0,2373,0,0,0,0,0,0,0
63,10018649925317144938,0,0,0,0,0,0,0,0,0,0,0,0,0,0,0,0,0,0,0,0,0,0,1040,0,4,9040,0,0,0,9030,0,0,0,39,2608,1,0,0,0,0,10,0,0,0,0,2612,_history_tree_19_removes,3073,0,0,0,0,0,0,2616,2612,0,0,0,5228,0,0,0,0,0,4,0,0,0,0,0,0,0
63,10018649925317144938,49015,0,0,0,0,0,45202,0,0,0,0,0,0,0,0,0,0,0,0,0,0,0,0,0,2,293397,0,0,0,96225,0,0,0,40,0,0,0,0,0,0,2089,0,0,94214,0,0,warehouse,0,0,0,0,0,0,0,2,0,0,0,0,2,194679,0,0,194678,2,0,0,0,0,94216,0,0,0
63,10018649925317144938,0,0,0,0,0,0,0,0,0,0,0,0,0,0,0,0,0,0,0,0,0,0,0,0,0,0,0,0,0,0,0,0,0,41,0,0,0,0,0,0,0,0,0,0,0,0,_warehouse_graveyard,0,0,0,0,0,0,0,0,0,0,0,0,0,0,0,0,0,0,0,0,0,0,0,0,0,0
63,10018649925317144938,96642,0,0,0,0,0,94929,0,0,0,0,0,0,0,0,0,0,0,0,0,0,0,0,0,0,297624,0,0,0,193728,0,0,0,42,0,0,0,0,0,0,1013,0,0,191570,0,0,district,0,0,0,0,0,0,0,0,0,0,0,0,0,102816,0,0,102815,0,0,0,0,0,191566,0,0,0
63,10018649925317144938,0,0,0,0,0,0,0,0,0,0,0,0,0,0,0,0,0,0,0,0,0,0,0,0,0,0,0,0,0,0,0,0,0,43,0,0,0,0,0,0,0,0,0,0,0,0,_district_graveyard,0,0,0,0,0,0,0,0,0,0,0,0,0,0,0,0,0,0,0,0,0,0,0,0,0,0
63,10018649925317144938,62533,0,0,0,0,0,59410,0,0,0,0,0,0,0,0,0,0,0,0,0,0,0,0,0,0,786618,0,0,0,121960,0,0,0,44,0,0,0,0,0,0,10,0,0,121944,0,0,customer,0,0,0,0,0,0,0,0,0,0,0,0,0,140236,0,0,140236,0,0,0,0,0,121949,0,0,0
63,10018649925317144938,0,0,0,0,0,0,0,0,0,0,0,0,0,0,0,0,0,0,0,0,0,0,0,0,0,0,0,0,0,0,0,0,0,45,0,0,0,0,0,0,0,0,0,0,0,0,_customer_graveyard,0,0,0,0,0,0,0,0,0,0,0,0,0,0,0,0,0,0,0,0,0,0,0,0,0,0
63,10018649925317144938,0,0,0,0,0,0,0,0,0,0,0,0,0,0,0,0,0,0,0,0,0,0,0,0,0,183756,0,0,0,0,0,0,0,46,0,0,0,0,0,0,61250,0,0,0,0,0,customerwdl,0,0,0,0,0,0,0,0,0,0,0,61247,0,61247,0,0,61246,0,0,0,0,0,0,0,0,0
63,10018649925317144938,0,0,0,0,0,0,0,0,0,0,0,0,0,0,0,0,0,0,0,0,0,0,0,0,0,0,0,0,0,0,0,0,0,47,0,0,0,0,0,0,0,0,0,0,0,0,_customerwdl_graveyard,0,0,0,0,0,0,0,0,0,0,0,0,0,0,0,0,0,0,0,0,0,0,0,0,0,0
63,10018649925317144938,0,0,0,0,0,0,0,0,0,0,0,0,0,0,0,0,0,0,0,0,0,0,0,0,2217,118653,0,0,0,39552,0,0,0,48,0,0,0,0,0,0,0,0,0,0,0,0,history,0,0,0,0,0,0,0,2244,0,0,0,0,2244,0,0,0,0,0,0,0,0,0,0,0,0,0
63,10018649925317144938,0,0,0,0,0,0,0,0,0,0,0,0,0,0,0,0,0,0,0,0,0,0,0,0,0,0,0,0,0,0,0,0,0,49,0,0,0,0,0,0,0,0,0,0,0,0,_history_graveyard,0,0,0,0,0,0,0,0,0,0,0,0,0,0,0,0,0,0,0,0,0,0,0,0,0,0
63,10018649925317144938,42356,84570,0,84570,0,0,42270,0,0,0,0,0,0,0,0,0,0,0,0,0,0,0,53766,0,2081,1143054,0,0,0,270014,0,10078,0,50,66,0,0,0,0,0,110987,0,0,0,0,0,neworder,89903,10078,0,0,0,0,0,3944,9,0,0,84911,3944,94989,0,0,94988,0,1792,0,0,0,0,0,0,0
63,10018649925317144938,0,0,0,0,0,0,0,0,0,0,0,0,0,0,0,0,0,0,0,0,0,0,0,0,0,0,0,0,0,0,0,0,0,51,0,0,0,0,0,0,0,0,0,0,0,0,_neworder_graveyard,0,0,0,0,0,0,0,0,0,0,0,0,0,0,0,0,0,0,0,0,0,0,0,0,0,0
63,10018649925317144938,42775,0,0,0,0,0,41830,0,0,0,0,0,0,0,0,0,0,0,0,0,0,0,0,0,4688,827546,0,0,0,187733,0,0,0,52,0,0,0,0,0,0,0,0,0,84601,0,0,order,0,0,0,0,0,0,0,5120,0,0,0,0,5121,88109,0,0,88108,0,0,0,0,0,84597,0,0,0
63,10018649925317144938,0,0,0,0,0,0,0,0,0,0,0,0,0,0,0,0,0,0,0,0,0,0,0,0,0,0,0,0,0,0,0,0,0,53,0,0,0,0,0,0,0,0,0,0,0,0,_order_graveyard,0,0,0,0,0,0,0,0,0,0,0,0,0,0,0,0,0,0,0,0,0,0,0,0,0,0
63,10018649925317144938,0,0,0,0,0,0,0,0,0,0,0,0,0,0,0,0,3509,0,0,0,0,0,0,0,1478,310272,0,0,0,99913,0,0,0,54,0,0,0,0,0,0,3510,0,0,0,0,0,order_wdc,0,0,0,0,0,0,0,1483,0,0,0,0,1483,3510,0,0,3510,0,0,0,0,0,0,0,0,0
63,10018649925317144938,0,0,0,0,0,0,0,0,0,0,0,0,0,0,0,0,0,0,0,0,0,0,0,0,0,0,0,0,0,0,0,0,0,55,0,0,0,0,0,0,0,0,0,0,0,0,_order_wdc_graveyard,0,0,0,0,0,0,0,0,0,0,0,0,0,0,0,0,0,0,0,0,0,0,0,0,0,0
63,10018649925317144938,427958,0,0,0,0,0,418276,0,0,0,0,0,0,0,0,0,0,0,0,0,0,0,96664,0,58569,7598879,0,0,0,1887542,0,985,0,56,0,0,0,0,0,0,12189,0,0,846197,0,0,orderline,1757098,985,0,0,0,0,0,59342,0,0,0,12116,59342,1769245,0,0,1769251,0,0,0,0,0,846175,0,0,0
63,10018649925317144938,0,0,0,0,0,0,0,0,0,0,0,0,0,0,0,0,0,0,0,0,0,0,0,0,0,0,0,0,0,0,0,0,0,57,0,0,0,0,0,0,0,0,0,0,0,0,_orderline_graveyard,0,0,0,0,0,0,0,0,0,0,0,0,0,0,0,0,0,0,0,0,0,0,0,0,0,0
63,10018649925317144938,0,0,0,0,0,0,0,0,0,0,0,0,0,0,0,0,0,0,0,0,0,0,0,0,0,1965239,0,0,0,0,0,0,0,58,0,0,0,0,0,0,0,0,0,0,0,0,item,0,0,0,0,0,0,0,0,0,0,0,0,0,982588,0,0,982578,0,0,0,0,0,0,0,0,0
64,10018649925317144938,0,0,0,0,0,0,0,0,0,0,0,0,0,0,0,0,0,0,0,0,0,0,0,0,0,0,0,0,0,0,0,0,0,61,0,0,0,0,0,0,0,0,0,0,0,0,_stock_graveyard,0,0,0,0,0,0,0,0,0,0,0,0,0,0,0,0,0,0,0,0,0,0,0,0,0,0
64,10018649925317144938,503555,0,0,0,0,0,491088,0,0,0,0,0,0,0,0,0,0,0,0,0,0,0,0,0,0,15116364,0,0,0,995625,0,0,0,60,0,0,0,0,0,0,1060,0,0,994739,0,0,stock,0,0,0,0,0,0,0,0,0,0,0,0,0,2782599,0,0,2782611,0,0,0,0,0,994798,0,0,0
64,10018649925317144938,0,0,0,0,0,0,0,0,0,0,0,0,0,0,0,0,0,0,0,0,0,0,0,0,0,0,0,0,0,0,0,0,0,59,0,0,0,0,0,0,0,0,0,0,0,0,_item_graveyard,0,0,0,0,0,0,0,0,0,0,0,0,0,0,0,0,0,0,0,0,0,0,0,0,0,0
64,10018649925317144938,0,0,0,0,0,0,0,0,0,0,0,0,0,0,0,0,0,0,0,0,0,0,301,0,2371,68274,0,0,0,68039,0,0,0,28,301,793,0,0,0,0,233,0,0,0,0,2673,_history_tree_14_updates,2006,0,0,0,0,0,0,5043,2672,0,0,0,7717,0,0,0,0,0,2372,0,0,0,0,0,0,0
64,10018649925317144938,0,0,0,0,0,0,0,0,0,0,0,0,0,0,0,0,0,0,0,0,0,0,959,0,10,9136,0,0,0,9121,0,0,0,27,2550,5,0,0,0,0,15,0,0,0,0,2560,_history_tree_13_removes,3002,0,0,0,0,0,0,2570,2560,0,0,0,5130,0,0,0,0,0,10,0,0,0,0,0,0,0
64,10018649925317144938,0,0,0,0,0,0,0,0,0,0,0,0,0,0,0,0,0,0,0,0,0,0,337,0,2385,68229,0,0,0,68002,0,0,0,26,339,841,0,0,0,0,225,0,0,0,0,2686,_history_tree_13_updates,2008,0,0,0,0,0,0,5109,2686,0,0,0,7795,0,0,0,0,0,2385,0,0,0,0,0,0,0
64,10018649925317144938,0,0,0,0,0,0,0,0,0,0,0,0,0,0,0,0,0,0,0,0,0,0,1046,0,7,9581,0,0,0,9562,0,0,0,25,2603,3,0,0,0,0,19,0,0,0,0,2609,_history_tree_12_removes,3088,0,0,0,0,0,0,2616,2609,0,0,0,5225,0,0,0,0,0,7,0,0,0,0,0,0,0
64,10018649925317144938,0,0,0,0,0,0,0,0,0,0,0,0,0,0,0,0,0,0,0,0,0,0,329,0,2398,68993,0,0,0,68794,0,0,0,24,329,846,0,0,0,0,199,0,0,0,0,2714,_history_tree_12_updates,2025,0,0,0,0,0,0,5124,2714,0,0,0,7838,0,0,0,0,0,2397,0,0,0,0,0,0,0
64,10018649925317144938,0,0,0,0,0,0,0,0,0,0,0,0,0,0,0,0,0,0,0,0,0,0,960,0,10,9097,0,0,0,9086,0,0,0,23,2565,6,0,0,0,0,15,0,0,0,0,2575,_history_tree_11_removes,2993,0,0,0,0,0,0,2585,2575,0,0,0,5160,0,0,0,0,0,10,0,0,0,0,0,0,0
64,10018649925317144938,0,0,0,0,0,0,0,0,0,0,0,0,0,0,0,0,0,0,0,0,0,0,342,0,2397,68389,0,0,0,68209,0,0,0,22,342,865,0,0,0,0,181,0,0,0,0,2676,_history_tree_11_updates,1983,0,0,0,0,0,0,5134,2676,0,0,0,7810,0,0,0,0,0,2395,0,0,0,0,0,0,0
64,10018649925317144938,0,0,0,0,0,0,0,0,0,0,0,0,0,0,0,0,0,0,0,0,0,0,999,0,8,9324,0,0,0,9307,0,0,0,21,2572,2,0,0,0,0,17,0,0,0,0,2580,_history_tree_10_removes,3040,0,0,0,0,0,0,2588,2580,0,0,0,5168,0,0,0,0,0,8,0,0,0,0,0,0,0
64,10018649925317144938,0,0,0,0,0,0,0,0,0,0,0,0,0,0,0,0,0,0,0,0,0,0,331,0,2382,68379,0,0,0,68140,0,0,0,20,331,835,0,0,0,0,240,0,0,0,0,2710,_history_tree_10_updates,2014,0,0,0,0,0,0,5095,2710,0,0,0,7805,0,0,0,0,0,2382,0,0,0,0,0,0,0
64,10018649925317144938,0,0,0,0,0,0,0,0,0,0,0,0,0,0,0,0,0,0,0,0,0,0,977,0,8,9195,0,0,0,9183,0,0,0,19,2581,3,0,0,0,0,12,0,0,0,0,2589,_history_tree_9_removes,3026,0,0,0,0,0,0,2597,2589,0,0,0,5186,0,0,0,0,0,8,0,0,0,0,0,0,0
64,10018649925317144938,0,0,0,0,0,0,0,0,0,0,0,0,0,0,0,0,0,0,0,0,0,0,328,0,2381,68201,0,0,0,67993,0,0,0,18,328,839,0,0,0,0,209,0,0,0,0,2683,_history_tree_9_updates,1988,0,0,0,0,0,0,5090,2683,0,0,0,7773,0,0,0,0,0,2381,0,0,0,0,0,0,0
64,10018649925317144938,0,0,0,0,0,0,0,0,0,0,0,0,0,0,0,0,0,0,0,0,0,0,943,0,8,9111,0,0,0,9097,0,0,0,17,2541,3,0,0,0,0,14,0,0,0,0,2549,_history_tree_8_removes,2970,0,0,0,0,0,0,2556,2548,0,0,0,5104,0,0,0,0,0,8,0,0,0,0,0,0,0
64,10018649925317144938,0,0,0,0,0,0,0,0,0,0,0,0,0,0,0,0,0,0,0,0,0,0,335,0,2368,67721,0,0,0,67525,0,0,0,16,335,832,0,0,0,0,195,0,0,0,0,2681,_history_tree_8_updates,1985,0,0,0,0,0,0,5072,2681,0,0,0,7755,0,0,0,0,0,2369,0,0,0,0,0,0,0
64,10018649925317144938,0,0,0,0,0,0,0,0,0,0,0,0,0,0,0,0,0,0,0,0,0,0,1004,0,7,9319,0,0,0,9305,0,0,0,15,2511,3,0,0,0,0,14,0,0,0,0,2518,_history_tree_7_removes,2951,0,0,0,0,0,0,2525,2518,0,0,0,5043,0,0,0,0,0,7,0,0,0,0,0,0,0
64,10018649925317144938,0,0,0,0,0,0,0,0,0,0,0,0,0,0,0,0,0,0,0,0,0,0,360,0,2362,67820,0,0,0,67609,0,0,0,14,360,864,0,0,0,0,212,0,0,0,0,2680,_history_tree_7_updates,1977,0,0,0,0,0,0,5085,2680,0,0,0,7765,0,0,0,0,0,2363,0,0,0,0,0,0,0
64,10018649925317144938,0,0,0,0,0,0,0,0,0,0,0,0,0,0,0,0,0,0,0,0,0,0,1017,0,9,9406,0,0,0,9396,0,0,0,13,2539,6,0,0,0,0,10,0,0,0,0,2548,_history_tree_6_removes,2998,0,0,0,0,0,0,2557,2548,0,0,0,5105,0,0,0,0,0,9,0,0,0,0,0,0,0
64,10018649925317144938,0,0,0,0,0,0,0,0,0,0,0,0,0,22221529,22887004,0,0,0,0,0,0,0,346,0,2384,67947,0,0,0,67731,0,0,0,0,346,891,0,0,0,0,212,0,0,0,0,2674,_history_tree_0_updates,1952,0,1502670,0,0,0,0,5114,2674,0,0,0,7788,0,0,0,0,0,2385,0,0,0,0,707707,0,0
64,10018649925317144938,0,0,0,0,0,0,0,0,0,0,0,0,0,0,0,0,0,0,0,0,0,0,922,0,9,9043,0,0,0,9025,0,0,0,1,2547,5,0,0,0,0,17,0,0,0,0,2555,_history_tree_0_removes,2979,0,0,0,0,0,0,2564,2555,0,0,0,5119,0,0,0,0,0,9,0,0,0,0,0,0,0
64,10018649925317144938,0,0,0,0,0,0,0,0,0,0,0,0,0,0,0,0,0,0,0,0,0,0,319,0,2384,68398,0,0,0,68198,0,0,0,2,319,844,0,0,0,0,198,0,0,0,0,2677,_history_tree_1_updates,1987,0,0,0,0,0,0,5087,2677,0,0,0,7764,0,0,0,0,0,2384,0,0,0,0,0,0,0
64,10018649925317144938,0,0,0,0,0,0,0,0,0,0,0,0,0,0,0,0,0,0,0,0,0,0,1012,0,9,9433,0,0,0,9415,0,0,0,3,2582,4,0,0,0,0,18,0,0,0,0,2591,_history_tree_1_removes,3028,0,0,0,0,0,0,2601,2592,0,0,0,5193,0,0,0,0,0,9,0,0,0,0,0,0,0
64,10018649925317144938,0,0,0,0,0,0,0,0,0,0,0,0,0,0,0,0,0,0,0,0,0,0,311,0,2378,67914,0,0,0,67673,0,0,0,4,311,823,0,0,0,0,242,0,0,0,0,2652,_history_tree_2_updates,1988,0,0,0,0,0,0,5066,2653,0,0,0,7719,0,0,0,0,0,2377,0,0,0,0,0,0,0
64,10018649925317144938,0,0,0,0,0,0,0,0,0,0,0,0,0,0,0,0,0,0,0,0,0,0,983,0,6,9098,0,0,0,9077,0,0,0,5,2629,2,0,0,0,0,21,0,0,0,0,2636,_history_tree_2_removes,3076,0,0,0,0,0,0,2642,2636,0,0,0,5278,0,0,0,0,0,6,0,0,0,0,0,0,0
64,10018649925317144938,0,0,0,0,0,0,0,0,0,0,0,0,0,0,0,0,0,0,0,0,0,0,319,0,2433,70238,0,0,0,70007,0,0,0,6,319,910,0,0,0,0,231,0,0,0,0,2701,_history_tree_3_updates,1981,0,0,0,0,0,0,5184,2701,0,0,0,7885,0,0,0,0,0,2432,0,0,0,0,0,0,0
64,10018649925317144938,0,0,0,0,0,0,0,0,0,0,0,0,0,0,0,0,0,0,0,0,0,0,1060,0,8,9829,0,0,0,9813,0,0,0,7,2561,5,0,0,0,0,16,0,0,0,0,2569,_history_tree_3_removes,3050,0,0,0,0,0,0,2576,2568,0,0,0,5144,0,0,0,0,0,8,0,0,0,0,0,0,0
64,10018649925317144938,0,0,0,0,0,0,0,0,0,0,0,0,0,0,0,0,0,0,0,0,0,0,334,0,2374,68132,0,0,0,67897,0,0,0,8,334,881,0,0,0,0,230,0,0,0,0,2680,_history_tree_4_updates,1935,0,0,0,0,0,0,5082,2680,0,0,0,7762,0,0,0,0,0,2374,0,0,0,0,0,0,0
64,10018649925317144938,0,0,0,0,0,0,0,0,0,0,0,0,0,0,0,0,0,0,0,0,0,0,983,0,8,9326,0,0,0,9307,0,0,0,9,2544,3,0,0,0,0,19,0,0,0,0,2552,_history_tree_4_removes,2969,0,0,0,0,0,0,2560,2552,0,0,0,5112,0,0,0,0,0,8,0,0,0,0,0,0,0
64,10018649925317144938,0,0,0,0,0,0,0,0,0,0,0,0,0,0,0,0,0,0,0,0,0,0,339,0,2381,68352,0,0,0,68152,0,0,0,10,339,852,0,0,0,0,199,0,0,0,0,2697,_history_tree_5_updates,1990,0,0,0,0,0,0,5099,2697,0,0,0,7796,0,0,0,0,0,2379,0,0,0,0,0,0,0
64,10018649925317144938,0,0,0,0,0,0,0,0,0,0,0,0,0,0,0,0,0,0,0,0,0,0,1016,0,5,9363,0,0,0,9348,0,0,0,11,2530,1,0,0,0,0,15,0,0,0,0,2535,_history_tree_5_removes,2979,0,0,0,0,0,0,2540,2535,0,0,0,5075,0,0,0,0,0,5,0,0,0,0,0,0,0
64,10018649925317144938,0,0,0,0,0,0,0,0,0,0,0,0,0,0,0,0,0,0,0,0,0,0,337,0,2425,69419,0,0,0,69209,0,0,0,12,337,909,0,0,0,0,209,0,0,0,0,2623,_history_tree_6_updates,1972,0,0,0,0,0,0,5187,2623,0,0,0,7810,0,0,0,0,0,2426,0,0,0,0,0,0,0
64,10018649925317144938,0,0,0,0,0,0,0,0,0,0,0,0,0,0,0,0,0,0,0,0,0,0,1065,0,4,9434,0,0,0,9426,0,0,0,29,2643,0,0,0,0,0,8,0,0,0,0,2647,_history_tree_14_removes,3120,0,0,0,0,0,0,2651,2647,0,0,0,5298,0,0,0,0,0,4,0,0,0,0,0,0,0
64,10018649925317144938,0,0,0,0,0,0,0,0,0,0,0,0,0,0,0,0,0,0,0,0,0,0,344,0,2405,69172,0,0,0,68976,0,0,0,30,344,888,0,0,0,0,196,0,0,0,0,2702,_history_tree_15_updates,1976,0,0,0,0,0,0,5152,2702,0,0,0,7854,0,0,0,0,0,2403,0,0,0,0,0,0,0
64,10018649925317144938,0,0,0,0,0,0,0,0,0,0,0,0,0,0,0,0,0,0,0,0,0,0,1029,0,9,9595,0,0,0,9587,0,0,0,31,2570,5,0,0,0,0,8,0,0,0,0,2579,_history_tree_15_removes,3023,0,0,0,0,0,0,2588,2579,0,0,0,5167,0,0,0,0,0,9,0,0,0,0,0,0,0
64,10018649925317144938,0,0,0,0,0,0,0,0,0,0,0,0,0,0,0,0,0,0,0,0,0,0,345,0,2349,67174,0,0,0,66967,0,0,0,32,345,833,0,0,0,0,205,0,0,0,0,2677,_history_tree_16_updates,2018,0,0,0,0,0,0,5045,2677,0,0,0,7722,0,0,0,0,0,2350,0,0,0,0,0,0,0
64,10018649925317144938,0,0,0,0,0,0,0,0,0,0,0,0,0,0,0,0,0,0,0,0,0,0,922,0,7,8963,0,0,0,8947,0,0,0,33,2569,3,0,0,0,0,16,0,0,0,0,2576,_history_tree_16_removes,3034,0,0,0,0,0,0,2583,2576,0,0,0,5159,0,0,0,0,0,7,0,0,0,0,0,0,0
64,10018649925317144938,0,0,0,0,0,0,0,0,0,0,0,0,0,0,0,0,0,0,0,0,0,0,330,0,2364,144136,0,0,0,71860,0,0,0,34,10475,2696,0,0,0,0,208,0,0,0,0,6278,_history_tree_17_updates,3983,0,0,0,0,0,0,15208,12555,1,0,0,21486,0,0,0,0,0,2368,0,0,0,0,0,0,0
64,10018649925317144938,0,0,0,0,0,0,0,0,0,0,0,0,0,0,0,0,0,0,0,0,0,0,805,0,22,9090,0,0,0,9082,0,0,0,35,2471,15,0,0,0,0,8,0,0,0,0,2493,_history_tree_17_removes,2873,0,0,0,0,0,0,2515,2493,0,0,0,5008,0,0,0,0,0,22,0,0,0,0,0,0,0
64,10018649925317144938,0,0,0,0,0,0,0,0,0,0,0,0,0,0,0,0,0,0,0,0,0,0,332,0,2335,66440,0,0,0,66224,0,0,0,36,332,801,0,0,0,0,214,0,0,0,0,2655,_history_tree_18_updates,2008,0,0,0,0,0,0,5000,2655,0,0,0,7656,0,0,0,0,0,2334,0,0,0,0,0,0,0
64,10018649925317144938,0,0,0,0,0,0,0,0,0,0,0,0,0,0,0,0,0,0,0,0,0,0,968,0,6,8856,0,0,0,8848,0,0,0,37,2626,3,0,0,0,0,8,0,0,0,0,2632,_history_tree_18_removes,3084,0,0,0,0,0,0,2638,2632,0,0,0,5270,0,0,0,0,0,6,0,0,0,0,0,0,0
64,10018649925317144938,0,0,0,0,0,0,0,0,0,0,0,0,0,0,0,0,0,0,0,0,0,0,348,0,2339,67116,0,0,0,66907,0,0,0,38,348,767,0,0,0,0,209,0,0,0,0,2640,_history_tree_19_updates,2050,0,0,0,0,0,0,5025,2640,0,0,0,7665,0,0,0,0,0,2338,0,0,0,0,0,0,0
64,10018649925317144938,0,0,0,0,0,0,0,0,0,0,0,0,0,0,0,0,0,0,0,0,0,0,989,0,5,9274,0,0,0,9256,0,0,0,39,2638,3,0,0,0,0,18,0,0,0,0,2643,_history_tree_19_removes,3103,0,0,0,0,0,0,2648,2643,0,0,0,5291,0,0,0,0,0,5,0,0,0,0,0,0,0
64,10018649925317144938,48962,0,0,0,0,0,45651,0,0,0,0,0,0,0,0,0,0,0,0,0,0,0,0,0,1,295692,0,0,0,96697,0,0,0,40,0,0,0,0,0,0,2157,0,0,94619,0,0,warehouse,0,0,0,0,0,0,0,1,0,0,0,0,1,196512,0,0,196512,1,0,0,0,0,94626,0,0,0
64,10018649925317144938,0,0,0,0,0,0,0,0,0,0,0,0,0,0,0,0,0,0,0,0,0,0,0,0,0,0,0,0,0,0,0,0,0,41,0,0,0,0,0,0,0,0,0,0,0,0,_warehouse_graveyard,0,0,0,0,0,0,0,0,0,0,0,0,0,0,0,0,0,0,0,0,0,0,0,0,0,0
64,10018649925317144938,97672,0,0,0,0,0,95704,0,0,0,0,0,0,0,0,0,0,0,0,0,0,0,0,0,0,300184,0,0,0,195545,0,0,0,42,0,0,0,0,0,0,1013,0,0,193380,0,0,district,0,0,0,0,0,0,0,0,0,0,0,0,0,103570,0,0,103570,0,0,0,0,0,193383,0,0,0
64,10018649925317144938,0,0,0,0,0,0,0,0,0,0,0,0,0,0,0,0,0,0,0,0,0,0,0,0,0,0,0,0,0,0,0,0,0,43,0,0,0,0,0,0,0,0,0,0,0,0,_district_graveyard,0,0,0,0,0,0,0,0,0,0,0,0,0,0,0,0,0,0,0,0,0,0,0,0,0,0
64,10018649925317144938,63749,0,0,0,0,0,59871,0,0,0,0,0,0,0,0,0,0,0,0,0,0,0,0,0,0,795033,0,0,0,123627,0,0,0,44,0,0,0,0,0,0,9,0,0,123623,0,0,customer,0,0,0,0,0,0,0,0,0,0,0,0,0,141376,0,0,141376,0,0,0,0,0,123625,0,0,0
64,10018649925317144938,0,0,0,0,0,0,0,0,0,0,0,0,0,0,0,0,0,0,0,0,0,0,0,0,0,0,0,0,0,0,0,0,0,45,0,0,0,0,0,0,0,0,0,0,0,0,_customer_graveyard,0,0,0,0,0,0,0,0,0,0,0,0,0,0,0,0,0,0,0,0,0,0,0,0,0,0
64,10018649925317144938,0,0,0,0,0,0,0,0,0,0,0,0,0,0,0,0,0,0,0,0,0,0,0,0,0,185840,0,0,0,0,0,0,0,46,0,0,0,0,0,0,61949,0,0,0,0,0,customerwdl,0,0,0,0,0,0,0,0,0,0,0,61951,0,61951,0,0,61952,0,0,0,0,0,0,0,0,0
64,10018649925317144938,0,0,0,0,0,0,0,0,0,0,0,0,0,0,0,0,0,0,0,0,0,0,0,0,0,0,0,0,0,0,0,0,0,47,0,0,0,0,0,0,0,0,0,0,0,0,_customerwdl_graveyard,0,0,0,0,0,0,0,0,0,0,0,0,0,0,0,0,0,0,0,0,0,0,0,0,0,0
64,10018649925317144938,0,0,0,0,0,0,0,0,0,0,0,0,0,0,0,0,0,0,0,0,0,0,0,0,2206,117870,0,0,0,39289,0,0,0,48,0,0,0,0,0,0,0,0,0,0,0,0,history,0,0,0,0,0,0,0,2229,0,0,0,0,2229,0,0,0,0,0,0,0,0,0,0,0,0,0
64,10018649925317144938,0,0,0,0,0,0,0,0,0,0,0,0,0,0,0,0,0,0,0,0,0,0,0,0,0,0,0,0,0,0,0,0,0,49,0,0,0,0,0,0,0,0,0,0,0,0,_history_graveyard,0,0,0,0,0,0,0,0,0,0,0,0,0,0,0,0,0,0,0,0,0,0,0,0,0,0
64,10018649925317144938,43311,86550,0,86553,0,0,43193,0,0,0,0,0,0,0,0,0,0,0,0,0,0,0,54744,0,2105,1167100,0,0,0,275306,0,12108,0,50,21,0,0,0,0,0,113715,0,0,0,0,0,neworder,93757,12108,0,0,0,0,0,3930,11,0,0,86792,3931,98901,0,0,98901,0,1803,0,0,0,0,0,0,0
64,10018649925317144938,0,0,0,0,0,0,0,0,0,0,0,0,0,0,0,0,0,0,0,0,0,0,0,0,0,0,0,0,0,0,0,0,0,51,0,0,0,0,0,0,0,0,0,0,0,0,_neworder_graveyard,0,0,0,0,0,0,0,0,0,0,0,0,0,0,0,0,0,0,0,0,0,0,0,0,0,0
64,10018649925317144938,43433,0,0,0,0,0,43060,0,0,0,0,0,0,0,0,0,0,0,0,0,0,0,0,0,4595,842938,0,0,0,190945,0,0,0,52,0,0,0,0,0,0,0,0,0,86490,0,0,order,0,0,0,0,0,0,0,4835,0,0,0,0,4834,90034,0,0,90034,0,0,0,0,0,86489,0,0,0
64,10018649925317144938,0,0,0,0,0,0,0,0,0,0,0,0,0,0,0,0,0,0,0,0,0,0,0,0,0,0,0,0,0,0,0,0,0,53,0,0,0,0,0,0,0,0,0,0,0,0,_order_graveyard,0,0,0,0,0,0,0,0,0,0,0,0,0,0,0,0,0,0,0,0,0,0,0,0,0,0
64,10018649925317144938,0,0,0,0,0,0,0,0,0,0,0,0,0,0,0,0,3546,0,0,0,0,0,0,0,1421,314493,0,0,0,101286,0,0,0,54,0,0,0,0,0,0,3545,0,0,0,0,0,order_wdc,0,0,0,0,0,0,0,1421,0,0,0,0,1421,3545,0,0,3545,0,0,0,0,0,0,0,0,0
64,10018649925317144938,0,0,0,0,0,0,0,0,0,0,0,0,0,0,0,0,0,0,0,0,0,0,0,0,0,0,0,0,0,0,0,0,0,55,0,0,0,0,0,0,0,0,0,0,0,0,_order_wdc_graveyard,0,0,0,0,0,0,0,0,0,0,0,0,0,0,0,0,0,0,0,0,0,0,0,0,0,0
64,10018649925317144938,437201,0,0,0,0,0,427391,0,0,0,0,0,0,0,0,0,0,0,0,0,0,0,100457,0,59297,7724392,0,0,0,1918540,0,884,0,56,0,0,0,0,0,0,12546,0,0,864604,0,0,orderline,1825260,884,0,0,0,0,0,60093,0,0,0,12488,60093,1837707,0,0,1837694,0,0,0,0,0,864598,0,0,0
64,10018649925317144938,0,0,0,0,0,0,0,0,0,0,0,0,0,0,0,0,0,0,0,0,0,0,0,0,0,0,0,0,0,0,0,0,0,57,0,0,0,0,0,0,0,0,0,0,0,0,_orderline_graveyard,0,0,0,0,0,0,0,0,0,0,0,0,0,0,0,0,0,0,0,0,0,0,0,0,0,0
64,10018649925317144938,0,0,0,0,0,0,0,0,0,0,0,0,0,0,0,0,0,0,0,0,0,0,0,0,0,1989129,0,0,0,0,0,0,0,58,0,0,0,0,0,0,0,0,0,0,0,0,item,0,0,0,0,0,0,0,0,0,0,0,0,0,994561,0,0,994569,0,0,0,0,0,0,0,0,0
65,10018649925317144938,0,0,0,0,0,0,0,0,0,0,0,0,0,0,0,0,0,0,0,0,0,0,0,0,0,0,0,0,0,0,0,0,0,61,0,0,0,0,0,0,0,0,0,0,0,0,_stock_graveyard,0,0,0,0,0,0,0,0,0,0,0,0,0,0,0,0,0,0,0,0,0,0,0,0,0,0
65,10018649925317144938,506169,0,0,0,0,0,494599,0,0,0,0,0,0,0,0,0,0,0,0,0,0,0,0,0,0,15121347,0,0,0,1001640,0,0,0,60,0,0,0,0,0,0,1053,0,0,1000624,0,0,stock,0,0,0,0,0,0,0,0,0,0,0,0,0,2777337,0,0,2777302,0,0,0,0,0,1000519,0,0,0
65,10018649925317144938,0,0,0,0,0,0,0,0,0,0,0,0,0,0,0,0,0,0,0,0,0,0,0,0,0,0,0,0,0,0,0,0,0,59,0,0,0,0,0,0,0,0,0,0,0,0,_item_graveyard,0,0,0,0,0,0,0,0,0,0,0,0,0,0,0,0,0,0,0,0,0,0,0,0,0,0
65,10018649925317144938,0,0,0,0,0,0,0,0,0,0,0,0,0,0,0,0,0,0,0,0,0,0,375,0,2404,68797,0,0,0,68583,0,0,0,28,375,855,0,0,0,0,211,0,0,0,0,2676,_history_tree_14_updates,1999,0,0,0,0,0,0,5138,2676,0,0,0,7812,0,0,0,0,0,2358,0,0,0,0,0,0,0
65,10018649925317144938,0,0,0,0,0,0,0,0,0,0,0,0,0,0,0,0,0,0,0,0,0,0,915,0,6,8835,0,0,0,8817,0,0,0,27,2538,2,0,0,0,0,18,0,0,0,0,2544,_history_tree_13_removes,2969,0,0,0,0,0,0,2550,2544,0,0,0,5094,0,0,0,0,0,6,0,0,0,0,0,0,0
65,10018649925317144938,0,0,0,0,0,0,0,0,0,0,0,0,0,0,0,0,0,0,0,0,0,0,375,0,2354,67049,0,0,0,66837,0,0,0,26,373,807,0,0,0,0,210,0,0,0,0,2654,_history_tree_13_updates,2020,0,0,0,0,0,0,5053,2654,0,0,0,7707,0,0,0,0,0,2327,0,0,0,0,0,0,0
65,10018649925317144938,0,0,0,0,0,0,0,0,0,0,0,0,0,0,0,0,0,0,0,0,0,0,1016,0,7,9405,0,0,0,9396,0,0,0,25,2583,2,0,0,0,0,9,0,0,0,0,2590,_history_tree_12_removes,3049,0,0,0,0,0,0,2597,2590,0,0,0,5187,0,0,0,0,0,7,0,0,0,0,0,0,0
65,10018649925317144938,0,0,0,0,0,0,0,0,0,0,0,0,0,0,0,0,0,0,0,0,0,0,319,0,2382,68441,0,0,0,68210,0,0,0,24,319,790,0,0,0,0,230,0,0,0,0,2671,_history_tree_12_updates,2017,0,0,0,0,0,0,5059,2671,0,0,0,7730,0,0,0,0,0,2358,0,0,0,0,0,0,0
65,10018649925317144938,0,0,0,0,0,0,0,0,0,0,0,0,0,0,0,0,0,0,0,0,0,0,940,0,7,8963,0,0,0,8947,0,0,0,23,2584,3,0,0,0,0,12,0,0,0,0,2591,_history_tree_11_removes,3026,0,0,0,0,0,0,2598,2591,0,0,0,5189,0,0,0,0,0,7,0,0,0,0,0,0,0
65,10018649925317144938,0,0,0,0,0,0,0,0,0,0,0,0,0,0,0,0,0,0,0,0,0,0,318,0,2352,67159,0,0,0,66964,0,0,0,22,318,817,0,0,0,0,193,0,0,0,0,2619,_history_tree_11_updates,1988,0,0,0,0,0,0,5021,2619,0,0,0,7640,0,0,0,0,0,2351,0,0,0,0,0,0,0
65,10018649925317144938,0,0,0,0,0,0,0,0,0,0,0,0,0,0,0,0,0,0,0,0,0,0,1067,0,4,9628,0,0,0,9602,0,0,0,21,2621,1,0,0,0,0,26,0,0,0,0,2625,_history_tree_10_removes,3105,0,0,0,0,0,0,2629,2625,0,0,0,5254,0,0,0,0,0,4,0,0,0,0,0,0,0
65,10018649925317144938,0,0,0,0,0,0,0,0,0,0,0,0,0,0,0,0,0,0,0,0,0,0,278,0,2387,68839,0,0,0,68654,0,0,0,20,279,802,0,0,0,0,179,0,0,0,0,2655,_history_tree_10_updates,1995,0,0,0,0,0,0,5042,2655,0,0,0,7697,0,0,0,0,0,2376,0,0,0,0,0,0,0
65,10018649925317144938,0,0,0,0,0,0,0,0,0,0,0,0,0,0,0,0,0,0,0,0,0,0,944,0,7,8913,0,0,0,8895,0,0,0,19,2594,3,0,0,0,0,18,0,0,0,0,2601,_history_tree_9_removes,3036,0,0,0,0,0,0,2608,2601,0,0,0,5209,0,0,0,0,0,7,0,0,0,0,0,0,0
65,10018649925317144938,0,0,0,0,0,0,0,0,0,0,0,0,0,0,0,0,0,0,0,0,0,0,369,0,2356,67189,0,0,0,66987,0,0,0,18,369,808,0,0,0,0,201,0,0,0,0,2688,_history_tree_9_updates,2016,0,0,0,0,0,0,5059,2688,0,0,0,7747,0,0,0,0,0,2334,0,0,0,0,0,0,0
65,10018649925317144938,0,0,0,0,0,0,0,0,0,0,0,0,0,0,0,0,0,0,0,0,0,0,996,0,10,9266,0,0,0,9254,0,0,0,17,2581,4,0,0,0,0,12,0,0,0,0,2590,_history_tree_8_removes,3016,0,0,0,0,0,0,2600,2590,0,0,0,5190,0,0,0,0,0,9,0,0,0,0,0,0,0
65,10018649925317144938,0,0,0,0,0,0,0,0,0,0,0,0,0,0,0,0,0,0,0,0,0,0,311,0,2380,68278,0,0,0,68026,0,0,0,16,311,789,0,0,0,0,251,0,0,0,0,2649,_history_tree_8_updates,1978,0,0,0,0,0,0,5049,2649,0,0,0,7696,0,0,0,0,0,2358,0,0,0,0,0,0,0
65,10018649925317144938,0,0,0,0,0,0,0,0,0,0,0,0,0,0,0,0,0,0,0,0,0,0,1013,0,8,9287,0,0,0,9266,0,0,0,15,2581,2,0,0,0,0,21,0,0,0,0,2587,_history_tree_7_removes,3041,0,0,0,0,0,0,2595,2587,0,0,0,5182,0,0,0,0,0,6,0,0,0,0,0,0,0
65,10018649925317144938,0,0,0,0,0,0,0,0,0,0,0,0,0,0,0,0,0,0,0,0,0,0,343,0,2407,68961,0,0,0,68756,0,0,0,14,343,820,0,0,0,0,204,0,0,0,0,2673,_history_tree_7_updates,2001,0,0,0,0,0,0,5104,2673,0,0,0,7777,0,0,0,0,0,2354,0,0,0,0,0,0,0
65,10018649925317144938,0,0,0,0,0,0,0,0,0,0,0,0,0,0,0,0,0,0,0,0,0,0,1064,0,7,9386,0,0,0,9363,0,0,0,13,2529,4,0,0,0,0,23,0,0,0,0,2536,_history_tree_6_removes,2986,0,0,0,0,0,0,2543,2536,0,0,0,5079,0,0,0,0,0,7,0,0,0,0,0,0,0
65,10018649925317144938,0,0,0,0,0,0,0,0,0,0,0,0,0,22181119,22868301,0,0,0,0,0,0,0,344,0,2358,67450,0,0,0,67258,0,0,0,0,344,781,0,0,0,0,192,0,0,0,0,2682,_history_tree_0_updates,2027,0,1497374,0,0,0,0,5053,2682,0,0,0,7735,0,0,0,0,0,2351,0,0,0,0,707920,0,0
65,10018649925317144938,0,0,0,0,0,0,0,0,0,0,0,0,0,0,0,0,0,0,0,0,0,0,984,0,6,9065,0,0,0,9054,0,0,0,1,2627,3,0,0,0,0,11,0,0,0,0,2633,_history_tree_0_removes,3071,0,0,0,0,0,0,2639,2633,0,0,0,5272,0,0,0,0,0,6,0,0,0,0,0,0,0
65,10018649925317144938,0,0,0,0,0,0,0,0,0,0,0,0,0,0,0,0,0,0,0,0,0,0,308,0,2388,68334,0,0,0,68104,0,0,0,2,308,785,0,0,0,0,230,0,0,0,0,2655,_history_tree_1_updates,1990,0,0,0,0,0,0,5049,2655,0,0,0,7704,0,0,0,0,0,2353,0,0,0,0,0,0,0
65,10018649925317144938,0,0,0,0,0,0,0,0,0,0,0,0,0,0,0,0,0,0,0,0,0,0,984,0,6,9207,0,0,0,9194,0,0,0,3,2614,1,0,0,0,0,13,0,0,0,0,2619,_history_tree_1_removes,3073,0,0,0,0,0,0,2624,2618,0,0,0,5242,0,0,0,0,0,5,0,0,0,0,0,0,0
65,10018649925317144938,0,0,0,0,0,0,0,0,0,0,0,0,0,0,0,0,0,0,0,0,0,0,340,0,2371,67997,0,0,0,67789,0,0,0,4,340,821,0,0,0,0,207,0,0,0,0,2680,_history_tree_2_updates,1997,0,0,0,0,0,0,5070,2679,0,0,0,7749,0,0,0,0,0,2359,0,0,0,0,0,0,0
65,10018649925317144938,0,0,0,0,0,0,0,0,0,0,0,0,0,0,0,0,0,0,0,0,0,0,992,0,6,9252,0,0,0,9236,0,0,0,5,2562,2,0,0,0,0,16,0,0,0,0,2567,_history_tree_2_removes,3031,0,0,0,0,0,0,2573,2567,0,0,0,5140,0,0,0,0,0,6,0,0,0,0,0,0,0
65,10018649925317144938,0,0,0,0,0,0,0,0,0,0,0,0,0,0,0,0,0,0,0,0,0,0,338,0,2364,67902,0,0,0,67723,0,0,0,6,338,821,0,0,0,0,178,0,0,0,0,2662,_history_tree_3_updates,2000,0,0,0,0,0,0,5067,2662,0,0,0,7729,0,0,0,0,0,2365,0,0,0,0,0,0,0
65,10018649925317144938,0,0,0,0,0,0,0,0,0,0,0,0,0,0,0,0,0,0,0,0,0,0,1060,0,5,9461,0,0,0,9443,0,0,0,7,2599,3,0,0,0,0,18,0,0,0,0,2604,_history_tree_3_removes,3032,0,0,0,0,0,0,2609,2604,0,0,0,5213,0,0,0,0,0,5,0,0,0,0,0,0,0
65,10018649925317144938,0,0,0,0,0,0,0,0,0,0,0,0,0,0,0,0,0,0,0,0,0,0,366,0,2364,67093,0,0,0,66890,0,0,0,8,366,755,0,0,0,0,203,0,0,0,0,2649,_history_tree_4_updates,2060,0,0,0,0,0,0,5033,2649,0,0,0,7682,0,0,0,0,0,2303,0,0,0,0,0,0,0
65,10018649925317144938,0,0,0,0,0,0,0,0,0,0,0,0,0,0,0,0,0,0,0,0,0,0,939,0,7,8678,0,0,0,8660,0,0,0,9,2624,2,0,0,0,0,18,0,0,0,0,2629,_history_tree_4_removes,3094,0,0,0,0,0,0,2636,2629,0,0,0,5265,0,0,0,0,0,5,0,0,0,0,0,0,0
65,10018649925317144938,0,0,0,0,0,0,0,0,0,0,0,0,0,0,0,0,0,0,0,0,0,0,345,0,2371,67589,0,0,0,67363,0,0,0,10,345,769,0,0,0,0,224,0,0,0,0,2656,_history_tree_5_updates,2038,0,0,0,0,0,0,5035,2656,0,0,0,7691,0,0,0,0,0,2319,0,0,0,0,0,0,0
65,10018649925317144938,0,0,0,0,0,0,0,0,0,0,0,0,0,0,0,0,0,0,0,0,0,0,942,0,8,8863,0,0,0,8848,0,0,0,11,2612,1,0,0,0,0,15,0,0,0,0,2617,_history_tree_5_removes,3068,0,0,0,0,0,0,2625,2617,0,0,0,5242,0,0,0,0,0,5,0,0,0,0,0,0,0
65,10018649925317144938,0,0,0,0,0,0,0,0,0,0,0,0,0,0,0,0,0,0,0,0,0,0,346,0,2350,67709,0,0,0,67499,0,0,0,12,346,841,0,0,0,0,208,0,0,0,0,2611,_history_tree_6_updates,1987,0,0,0,0,0,0,5042,2611,0,0,0,7653,0,0,0,0,0,2346,0,0,0,0,0,0,0
65,10018649925317144938,0,0,0,0,0,0,0,0,0,0,0,0,0,0,0,0,0,0,0,0,0,0,986,0,11,9177,0,0,0,9162,0,0,0,29,2502,4,0,0,0,0,15,0,0,0,0,2511,_history_tree_14_removes,2961,0,0,0,0,0,0,2522,2511,0,0,0,5033,0,0,0,0,0,9,0,0,0,0,0,0,0
65,10018649925317144938,0,0,0,0,0,0,0,0,0,0,0,0,0,0,0,0,0,0,0,0,0,0,342,0,2357,67477,0,0,0,67253,0,0,0,30,342,789,0,0,0,0,224,0,0,0,0,2670,_history_tree_15_updates,2005,0,0,0,0,0,0,5030,2670,0,0,0,7700,0,0,0,0,0,2331,0,0,0,0,0,0,0
65,10018649925317144938,0,0,0,0,0,0,0,0,0,0,0,0,0,0,0,0,0,0,0,0,0,0,996,0,5,9132,0,0,0,9116,0,0,0,31,2587,1,0,0,0,0,16,0,0,0,0,2591,_history_tree_15_removes,3030,0,0,0,0,0,0,2596,2591,0,0,0,5187,0,0,0,0,0,4,0,0,0,0,0,0,0
65,10018649925317144938,0,0,0,0,0,0,0,0,0,0,0,0,0,0,0,0,0,0,0,0,0,0,356,0,2371,67645,0,0,0,67438,0,0,0,32,356,773,0,0,0,0,207,0,0,0,0,2686,_history_tree_16_updates,2040,0,0,0,0,0,0,5068,2686,0,0,0,7754,0,0,0,0,0,2341,0,0,0,0,0,0,0
65,10018649925317144938,0,0,0,0,0,0,0,0,0,0,0,0,0,0,0,0,0,0,0,0,0,0,984,0,5,8989,0,0,0,8976,0,0,0,33,2620,1,0,0,0,0,13,0,0,0,0,2625,_history_tree_16_removes,3052,0,0,0,0,0,0,2630,2625,0,0,0,5255,0,0,0,0,0,5,0,0,0,0,0,0,0
65,10018649925317144938,0,0,0,0,0,0,0,0,0,0,0,0,0,0,0,0,0,0,0,0,0,0,347,0,2388,145394,0,0,0,72508,0,0,0,34,10259,2637,0,0,0,0,187,0,0,0,0,6142,_history_tree_17_updates,3917,0,0,0,0,0,0,14940,12283,1,0,0,21082,0,0,0,0,0,2293,0,0,0,0,0,0,0
65,10018649925317144938,0,0,0,0,0,0,0,0,0,0,0,0,0,0,0,0,0,0,0,0,0,0,835,0,23,9090,0,0,0,9081,0,0,0,35,2391,14,0,0,0,0,9,0,0,0,0,2410,_history_tree_17_removes,2827,0,0,0,0,0,0,2433,2410,0,0,0,4843,0,0,0,0,0,19,0,0,0,0,0,0,0
65,10018649925317144938,0,0,0,0,0,0,0,0,0,0,0,0,0,0,0,0,0,0,0,0,0,0,285,0,2390,68700,0,0,0,68474,0,0,0,36,285,804,0,0,0,0,224,0,0,0,0,2630,_history_tree_18_updates,1950,0,0,0,0,0,0,5021,2630,0,0,0,7650,0,0,0,0,0,2346,0,0,0,0,0,0,0
65,10018649925317144938,0,0,0,0,0,0,0,0,0,0,0,0,0,0,0,0,0,0,0,0,0,0,1033,0,6,9415,0,0,0,9404,0,0,0,37,2534,1,0,0,0,0,11,0,0,0,0,2539,_history_tree_18_removes,2973,0,0,0,0,0,0,2545,2539,0,0,0,5084,0,0,0,0,0,5,0,0,0,0,0,0,0
65,10018649925317144938,0,0,0,0,0,0,0,0,0,0,0,0,0,0,0,0,0,0,0,0,0,0,306,0,2413,69228,0,0,0,69001,0,0,0,38,306,818,0,0,0,0,226,0,0,0,0,2635,_history_tree_19_updates,1975,0,0,0,0,0,0,5081,2635,0,0,0,7716,0,0,0,0,0,2362,0,0,0,0,0,0,0
65,10018649925317144938,0,0,0,0,0,0,0,0,0,0,0,0,0,0,0,0,0,0,0,0,0,0,1037,0,6,9377,0,0,0,9355,0,0,0,39,2589,2,0,0,0,0,22,0,0,0,0,2593,_history_tree_19_removes,3042,0,0,0,0,0,0,2599,2593,0,0,0,5192,0,0,0,0,0,4,0,0,0,0,0,0,0
65,10018649925317144938,48822,0,0,0,0,0,45331,0,0,0,0,0,0,0,0,0,0,0,0,0,0,0,0,0,0,294557,0,0,0,96175,0,0,0,40,0,0,0,0,0,0,2083,0,0,94143,0,0,warehouse,0,0,0,0,0,0,0,0,0,0,0,0,0,195954,0,0,195952,0,0,0,0,0,94132,0,0,0
65,10018649925317144938,0,0,0,0,0,0,0,0,0,0,0,0,0,0,0,0,0,0,0,0,0,0,0,0,0,0,0,0,0,0,0,0,0,41,0,0,0,0,0,0,0,0,0,0,0,0,_warehouse_graveyard,0,0,0,0,0,0,0,0,0,0,0,0,0,0,0,0,0,0,0,0,0,0,0,0,0,0
65,10018649925317144938,97961,0,0,0,0,0,94824,0,0,0,0,0,0,0,0,0,0,0,0,0,0,0,0,0,0,299038,0,0,0,194973,0,0,0,42,0,0,0,0,0,0,1041,0,0,192761,0,0,district,0,0,0,0,0,0,0,0,0,0,0,0,0,102948,0,0,102947,0,0,0,0,0,192747,0,0,0
65,10018649925317144938,0,0,0,0,0,0,0,0,0,0,0,0,0,0,0,0,0,0,0,0,0,0,0,0,0,0,0,0,0,0,0,0,0,43,0,0,0,0,0,0,0,0,0,0,0,0,_district_graveyard,0,0,0,0,0,0,0,0,0,0,0,0,0,0,0,0,0,0,0,0,0,0,0,0,0,0
65,10018649925317144938,62872,0,0,0,0,0,60071,0,0,0,0,0,0,0,0,0,0,0,0,0,0,0,0,0,0,793554,0,0,0,122945,0,0,0,44,0,0,0,0,0,0,7,0,0,122930,0,0,customer,0,0,0,0,0,0,0,0,0,0,0,0,0,141555,0,0,141555,0,0,0,0,0,122920,0,0,0
65,10018649925317144938,0,0,0,0,0,0,0,0,0,0,0,0,0,0,0,0,0,0,0,0,0,0,0,0,0,0,0,0,0,0,0,0,0,45,0,0,0,0,0,0,0,0,0,0,0,0,_customer_graveyard,0,0,0,0,0,0,0,0,0,0,0,0,0,0,0,0,0,0,0,0,0,0,0,0,0,0
65,10018649925317144938,0,0,0,0,0,0,0,0,0,0,0,0,0,0,0,0,0,0,0,0,0,0,0,0,0,182935,0,0,0,0,0,0,0,46,0,0,0,0,0,0,60976,0,0,0,0,0,customerwdl,0,0,0,0,0,0,0,0,0,0,0,60974,0,60974,0,0,60973,0,0,0,0,0,0,0,0,0
65,10018649925317144938,0,0,0,0,0,0,0,0,0,0,0,0,0,0,0,0,0,0,0,0,0,0,0,0,0,0,0,0,0,0,0,0,0,47,0,0,0,0,0,0,0,0,0,0,0,0,_customerwdl_graveyard,0,0,0,0,0,0,0,0,0,0,0,0,0,0,0,0,0,0,0,0,0,0,0,0,0,0
65,10018649925317144938,0,0,0,0,0,0,0,0,0,0,0,0,0,0,0,0,0,0,0,0,0,0,0,0,2228,118884,0,0,0,39628,0,0,0,48,0,0,0,0,0,0,0,0,0,0,0,0,history,0,0,0,0,0,0,0,2257,0,0,0,0,2257,0,0,0,0,0,0,0,0,0,0,0,0,0
65,10018649925317144938,0,0,0,0,0,0,0,0,0,0,0,0,0,0,0,0,0,0,0,0,0,0,0,0,0,0,0,0,0,0,0,0,0,49,0,0,0,0,0,0,0,0,0,0,0,0,_history_graveyard,0,0,0,0,0,0,0,0,0,0,0,0,0,0,0,0,0,0,0,0,0,0,0,0,0,0
65,10018649925317144938,42796,84250,0,84247,0,0,42681,0,0,0,0,0,0,0,0,0,0,0,0,0,0,0,53663,0,2095,1152693,0,0,0,271774,0,12597,0,50,68,0,0,0,0,0,112447,0,0,0,0,0,neworder,92899,12597,0,0,0,0,0,3965,10,0,0,85788,3965,98384,0,0,98384,0,1801,0,0,0,0,0,0,0
65,10018649925317144938,0,0,0,0,0,0,0,0,0,0,0,0,0,0,0,0,0,0,0,0,0,0,0,0,0,0,0,0,0,0,0,0,0,51,0,0,0,0,0,0,0,0,0,0,0,0,_neworder_graveyard,0,0,0,0,0,0,0,0,0,0,0,0,0,0,0,0,0,0,0,0,0,0,0,0,0,0
65,10018649925317144938,43178,0,0,0,0,0,42287,0,0,0,0,0,0,0,0,0,0,0,0,0,0,0,0,0,4390,835170,0,0,0,189470,0,0,0,52,0,0,0,0,0,0,0,0,0,85462,0,0,order,0,0,0,0,0,0,0,4447,0,0,0,0,4447,88912,0,0,88912,0,0,0,0,0,85460,0,0,0
65,10018649925317144938,0,0,0,0,0,0,0,0,0,0,0,0,0,0,0,0,0,0,0,0,0,0,0,0,0,0,0,0,0,0,0,0,0,53,0,0,0,0,0,0,0,0,0,0,0,0,_order_graveyard,0,0,0,0,0,0,0,0,0,0,0,0,0,0,0,0,0,0,0,0,0,0,0,0,0,0
65,10018649925317144938,0,0,0,0,0,0,0,0,0,0,0,0,0,0,0,0,3451,0,0,0,0,0,0,0,1428,313371,0,0,0,101006,0,0,0,54,0,0,0,0,0,0,3451,0,0,0,0,0,order_wdc,0,0,0,0,0,0,0,1430,0,0,0,0,1430,3451,0,0,3451,0,0,0,0,0,0,0,0,0
65,10018649925317144938,0,0,0,0,0,0,0,0,0,0,0,0,0,0,0,0,0,0,0,0,0,0,0,0,0,0,0,0,0,0,0,0,0,55,0,0,0,0,0,0,0,0,0,0,0,0,_order_wdc_graveyard,0,0,0,0,0,0,0,0,0,0,0,0,0,0,0,0,0,0,0,0,0,0,0,0,0,0
65,10018649925317144938,431157,0,0,0,0,0,421319,0,0,0,0,0,0,0,0,0,0,0,0,0,0,0,98893,0,59149,7661504,0,0,0,1903011,0,1072,0,56,0,0,0,0,0,0,12352,0,0,852423,0,0,orderline,1797221,1072,0,0,0,0,0,59967,0,0,0,12274,59967,1809442,0,0,1809428,0,0,0,0,0,852401,0,0,0
65,10018649925317144938,0,0,0,0,0,0,0,0,0,0,0,0,0,0,0,0,0,0,0,0,0,0,0,0,0,0,0,0,0,0,0,0,0,57,0,0,0,0,0,0,0,0,0,0,0,0,_orderline_graveyard,0,0,0,0,0,0,0,0,0,0,0,0,0,0,0,0,0,0,0,0,0,0,0,0,0,0
65,10018649925317144938,0,0,0,0,0,0,0,0,0,0,0,0,0,0,0,0,0,0,0,0,0,0,0,0,0,1982210,0,0,0,0,0,0,0,58,0,0,0,0,0,0,0,0,0,0,0,0,item,0,0,0,0,0,0,0,0,0,0,0,0,0,991025,0,0,991017,0,0,0,0,0,0,0,0,0
66,10018649925317144938,0,0,0,0,0,0,0,0,0,0,0,0,0,0,0,0,0,0,0,0,0,0,0,0,0,0,0,0,0,0,0,0,0,61,0,0,0,0,0,0,0,0,0,0,0,0,_stock_graveyard,0,0,0,0,0,0,0,0,0,0,0,0,0,0,0,0,0,0,0,0,0,0,0,0,0,0
66,10018649925317144938,510405,0,0,0,0,0,498183,0,0,0,0,0,0,0,0,0,0,0,0,0,0,0,0,0,0,15412905,0,0,0,1009828,0,0,0,60,0,0,0,0,0,0,1058,0,0,1008657,0,0,stock,0,0,0,0,0,0,0,0,0,0,0,0,0,2842558,0,0,2842574,0,0,0,0,0,1008695,0,0,0
66,10018649925317144938,0,0,0,0,0,0,0,0,0,0,0,0,0,0,0,0,0,0,0,0,0,0,0,0,0,0,0,0,0,0,0,0,0,59,0,0,0,0,0,0,0,0,0,0,0,0,_item_graveyard,0,0,0,0,0,0,0,0,0,0,0,0,0,0,0,0,0,0,0,0,0,0,0,0,0,0
66,10018649925317144938,0,0,0,0,0,0,0,0,0,0,0,0,0,0,0,0,0,0,0,0,0,0,356,0,2420,69406,0,0,0,69222,0,0,0,28,356,871,0,0,0,0,184,0,0,0,0,2760,_history_tree_14_updates,2052,0,0,0,0,0,0,5205,2760,0,0,0,7965,0,0,0,0,0,2429,0,0,0,0,0,0,0
66,10018649925317144938,0,0,0,0,0,0,0,0,0,0,0,0,0,0,0,0,0,0,0,0,0,0,1025,0,6,9376,0,0,0,9368,0,0,0,27,2653,2,0,0,0,0,8,0,0,0,0,2658,_history_tree_13_removes,3129,0,0,0,0,0,0,2664,2658,0,0,0,5322,0,0,0,0,0,5,0,0,0,0,0,0,0
66,10018649925317144938,0,0,0,0,0,0,0,0,0,0,0,0,0,0,0,0,0,0,0,0,0,0,347,0,2426,69406,0,0,0,69169,0,0,0,26,347,867,0,0,0,0,236,0,0,0,0,2746,_history_tree_13_updates,2033,0,0,0,0,0,0,5198,2746,0,0,0,7944,0,0,0,0,0,2425,0,0,0,0,0,0,0
66,10018649925317144938,0,0,0,0,0,0,0,0,0,0,0,0,0,0,0,0,0,0,0,0,0,0,992,0,9,9457,0,0,0,9443,0,0,0,25,2591,2,0,0,0,0,14,0,0,0,0,2599,_history_tree_12_removes,3013,0,0,0,0,0,0,2608,2599,0,0,0,5207,0,0,0,0,0,8,0,0,0,0,0,0,0
66,10018649925317144938,0,0,0,0,0,0,0,0,0,0,0,0,0,0,0,0,0,0,0,0,0,0,332,0,2418,69426,0,0,0,69195,0,0,0,24,332,844,0,0,0,0,229,0,0,0,0,2724,_history_tree_12_updates,2002,0,0,0,0,0,0,5161,2724,0,0,0,7885,0,0,0,0,0,2410,0,0,0,0,0,0,0
66,10018649925317144938,0,0,0,0,0,0,0,0,0,0,0,0,0,0,0,0,0,0,0,0,0,0,1023,0,4,9310,0,0,0,9299,0,0,0,23,2661,1,0,0,0,0,11,0,0,0,0,2664,_history_tree_11_removes,3133,0,0,0,0,0,0,2668,2664,0,0,0,5332,0,0,0,0,0,3,0,0,0,0,0,0,0
66,10018649925317144938,0,0,0,0,0,0,0,0,0,0,0,0,0,0,0,0,0,0,0,0,0,0,329,0,2427,69356,0,0,0,69129,0,0,0,22,329,801,0,0,0,0,227,0,0,0,0,2713,_history_tree_11_updates,2065,0,0,0,0,0,0,5151,2713,0,0,0,7864,0,0,0,0,0,2395,0,0,0,0,0,0,0
66,10018649925317144938,0,0,0,0,0,0,0,0,0,0,0,0,0,0,0,0,0,0,0,0,0,0,1033,0,9,9697,0,0,0,9681,0,0,0,21,2610,2,0,0,0,0,16,0,0,0,0,2618,_history_tree_10_removes,3053,0,0,0,0,0,0,2627,2618,0,0,0,5245,0,0,0,0,0,8,0,0,0,0,0,0,0
66,10018649925317144938,0,0,0,0,0,0,0,0,0,0,0,0,0,0,0,0,0,0,0,0,0,0,364,0,2449,70307,0,0,0,70116,0,0,0,20,364,871,0,0,0,0,191,0,0,0,0,2773,_history_tree_10_updates,2024,0,0,0,0,0,0,5235,2773,0,0,0,8008,0,0,0,0,0,2422,0,0,0,0,0,0,0
66,10018649925317144938,0,0,0,0,0,0,0,0,0,0,0,0,0,0,0,0,0,0,0,0,0,0,1047,0,6,9571,0,0,0,9557,0,0,0,19,2657,2,0,0,0,0,14,0,0,0,0,2662,_history_tree_9_removes,3112,0,0,0,0,0,0,2668,2662,0,0,0,5330,0,0,0,0,0,5,0,0,0,0,0,0,0
66,10018649925317144938,0,0,0,0,0,0,0,0,0,0,0,0,0,0,0,0,0,0,0,0,0,0,336,0,2426,69776,0,0,0,69567,0,0,0,18,336,814,0,0,0,0,210,0,0,0,0,2743,_history_tree_9_updates,2051,0,0,0,0,0,0,5174,2743,0,0,0,7917,0,0,0,0,0,2411,0,0,0,0,0,0,0
66,10018649925317144938,0,0,0,0,0,0,0,0,0,0,0,0,0,0,0,0,0,0,0,0,0,0,978,0,8,9343,0,0,0,9329,0,0,0,17,2675,2,0,0,0,0,14,0,0,0,0,2683,_history_tree_8_removes,3162,0,0,0,0,0,0,2691,2683,0,0,0,5374,0,0,0,0,0,8,0,0,0,0,0,0,0
66,10018649925317144938,0,0,0,0,0,0,0,0,0,0,0,0,0,0,0,0,0,0,0,0,0,0,376,0,2413,69036,0,0,0,68817,0,0,0,16,376,834,0,0,0,0,220,0,0,0,0,2765,_history_tree_8_updates,2117,0,0,0,0,0,0,5194,2765,0,0,0,7959,0,0,0,0,0,2405,0,0,0,0,0,0,0
66,10018649925317144938,0,0,0,0,0,0,0,0,0,0,0,0,0,0,0,0,0,0,0,0,0,0,1055,0,6,9519,0,0,0,9504,0,0,0,15,2629,3,0,0,0,0,15,0,0,0,0,2637,_history_tree_7_removes,3090,0,0,0,0,0,0,2643,2637,0,0,0,5280,0,0,0,0,0,8,0,0,0,0,0,0,0
66,10018649925317144938,0,0,0,0,0,0,0,0,0,0,0,0,0,0,0,0,0,0,0,0,0,0,338,0,2417,69304,0,0,0,69096,0,0,0,14,338,898,0,0,0,0,208,0,0,0,0,2759,_history_tree_7_updates,2024,0,0,0,0,0,0,5217,2759,0,0,0,7976,0,0,0,0,0,2462,0,0,0,0,0,0,0
66,10018649925317144938,0,0,0,0,0,0,0,0,0,0,0,0,0,0,0,0,0,0,0,0,0,0,1037,0,7,9387,0,0,0,9366,0,0,0,13,2647,3,0,0,0,0,21,0,0,0,0,2653,_history_tree_6_removes,3091,0,0,0,0,0,0,2660,2653,0,0,0,5313,0,0,0,0,0,6,0,0,0,0,0,0,0
66,10018649925317144938,0,0,0,0,0,0,0,0,0,0,0,0,0,22700083,23346190,0,0,0,0,0,0,0,344,0,2409,69269,0,0,0,69065,0,0,0,0,344,822,0,0,0,0,203,0,0,0,0,2713,_history_tree_0_updates,2040,0,1526010,0,0,0,0,5133,2713,0,0,0,7846,0,0,0,0,0,2380,0,0,0,0,727609,0,0
66,10018649925317144938,0,0,0,0,0,0,0,0,0,0,0,0,0,0,0,0,0,0,0,0,0,0,1032,0,6,9424,0,0,0,9407,0,0,0,1,2597,1,0,0,0,0,17,0,0,0,0,2602,_history_tree_0_removes,3071,0,0,0,0,0,0,2608,2602,0,0,0,5210,0,0,0,0,0,5,0,0,0,0,0,0,0
66,10018649925317144938,0,0,0,0,0,0,0,0,0,0,0,0,0,0,0,0,0,0,0,0,0,0,340,0,2431,69850,0,0,0,69606,0,0,0,2,340,919,0,0,0,0,244,0,0,0,0,2714,_history_tree_1_updates,1964,0,0,0,0,0,0,5194,2714,0,0,0,7908,0,0,0,0,0,2423,0,0,0,0,0,0,0
66,10018649925317144938,0,0,0,0,0,0,0,0,0,0,0,0,0,0,0,0,0,0,0,0,0,0,1011,0,11,9631,0,0,0,9611,0,0,0,3,2543,3,0,0,0,0,20,0,0,0,0,2553,_history_tree_1_removes,2993,0,0,0,0,0,0,2564,2553,0,0,0,5117,0,0,0,0,0,10,0,0,0,0,0,0,0
66,10018649925317144938,0,0,0,0,0,0,0,0,0,0,0,0,0,0,0,0,0,0,0,0,0,0,356,0,2402,68584,0,0,0,68352,0,0,0,4,356,807,0,0,0,0,232,0,0,0,0,2717,_history_tree_2_updates,2044,0,0,0,0,0,0,5134,2717,0,0,0,7851,0,0,0,0,0,2375,0,0,0,0,0,0,0
66,10018649925317144938,0,0,0,0,0,0,0,0,0,0,0,0,0,0,0,0,0,0,0,0,0,0,1007,0,8,9147,0,0,0,9128,0,0,0,5,2660,3,0,0,0,0,19,0,0,0,0,2666,_history_tree_2_removes,3110,0,0,0,0,0,0,2674,2666,0,0,0,5340,0,0,0,0,0,6,0,0,0,0,0,0,0
66,10018649925317144938,0,0,0,0,0,0,0,0,0,0,0,0,0,0,0,0,0,0,0,0,0,0,335,0,2427,69561,0,0,0,69356,0,0,0,6,335,829,0,0,0,0,203,0,0,0,0,2685,_history_tree_3_updates,2023,0,0,0,0,0,0,5149,2685,0,0,0,7834,0,0,0,0,0,2387,0,0,0,0,0,0,0
66,10018649925317144938,0,0,0,0,0,0,0,0,0,0,0,0,0,0,0,0,0,0,0,0,0,0,1004,0,10,9379,0,0,0,9366,0,0,0,7,2619,4,0,0,0,0,13,0,0,0,0,2627,_history_tree_3_removes,3085,0,0,0,0,0,0,2637,2627,0,0,0,5264,0,0,0,0,0,8,0,0,0,0,0,0,0
66,10018649925317144938,0,0,0,0,0,0,0,0,0,0,0,0,0,0,0,0,0,0,0,0,0,0,358,0,2422,69533,0,0,0,69328,0,0,0,8,358,895,0,0,0,0,202,0,0,0,0,2762,_history_tree_4_updates,2034,0,0,0,0,0,0,5227,2762,0,0,0,7989,0,0,0,0,0,2447,0,0,0,0,0,0,0
66,10018649925317144938,0,0,0,0,0,0,0,0,0,0,0,0,0,0,0,0,0,0,0,0,0,0,1006,0,11,9628,0,0,0,9616,0,0,0,9,2633,5,0,0,0,0,12,0,0,0,0,2645,_history_tree_4_removes,3094,0,0,0,0,0,0,2656,2645,0,0,0,5301,0,0,0,0,0,12,0,0,0,0,0,0,0
66,10018649925317144938,0,0,0,0,0,0,0,0,0,0,0,0,0,0,0,0,0,0,0,0,0,0,298,0,2444,70234,0,0,0,70024,0,0,0,10,298,894,0,0,0,0,207,0,0,0,0,2754,_history_tree_5_updates,1983,0,0,0,0,0,0,5210,2754,0,0,0,7964,0,0,0,0,0,2468,0,0,0,0,0,0,0
66,10018649925317144938,0,0,0,0,0,0,0,0,0,0,0,0,0,0,0,0,0,0,0,0,0,0,1030,0,10,9693,0,0,0,9684,0,0,0,11,2607,5,0,0,0,0,9,0,0,0,0,2619,_history_tree_5_removes,3060,0,0,0,0,0,0,2629,2619,0,0,0,5248,0,0,0,0,0,12,0,0,0,0,0,0,0
66,10018649925317144938,0,0,0,0,0,0,0,0,0,0,0,0,0,0,0,0,0,0,0,0,0,0,342,0,2432,69560,0,0,0,69356,0,0,0,12,342,848,0,0,0,0,203,0,0,0,0,2633,_history_tree_6_updates,2015,0,0,0,0,0,0,5171,2633,0,0,0,7804,0,0,0,0,0,2397,0,0,0,0,0,0,0
66,10018649925317144938,0,0,0,0,0,0,0,0,0,0,0,0,0,0,0,0,0,0,0,0,0,0,1062,0,6,9464,0,0,0,9452,0,0,0,29,2621,1,0,0,0,0,12,0,0,0,0,2627,_history_tree_14_removes,3103,0,0,0,0,0,0,2633,2627,0,0,0,5260,0,0,0,0,0,6,0,0,0,0,0,0,0
66,10018649925317144938,0,0,0,0,0,0,0,0,0,0,0,0,0,0,0,0,0,0,0,0,0,0,356,0,2415,68906,0,0,0,68678,0,0,0,30,356,868,0,0,0,0,229,0,0,0,0,2746,_history_tree_15_updates,2030,0,0,0,0,0,0,5182,2746,0,0,0,7928,0,0,0,0,0,2411,0,0,0,0,0,0,0
66,10018649925317144938,0,0,0,0,0,0,0,0,0,0,0,0,0,0,0,0,0,0,0,0,0,0,996,0,6,9267,0,0,0,9254,0,0,0,31,2667,2,0,0,0,0,13,0,0,0,0,2674,_history_tree_15_removes,3119,0,0,0,0,0,0,2680,2674,0,0,0,5354,0,0,0,0,0,7,0,0,0,0,0,0,0
66,10018649925317144938,0,0,0,0,0,0,0,0,0,0,0,0,0,0,0,0,0,0,0,0,0,0,334,0,2408,68765,0,0,0,68542,0,0,0,32,334,816,0,0,0,0,221,0,0,0,0,2722,_history_tree_16_updates,2033,0,0,0,0,0,0,5146,2722,0,0,0,7868,0,0,0,0,0,2404,0,0,0,0,0,0,0
66,10018649925317144938,0,0,0,0,0,0,0,0,0,0,0,0,0,0,0,0,0,0,0,0,0,0,1026,0,7,9255,0,0,0,9245,0,0,0,33,2687,3,0,0,0,0,10,0,0,0,0,2693,_history_tree_16_removes,3141,0,0,0,0,0,0,2700,2693,0,0,0,5393,0,0,0,0,0,6,0,0,0,0,0,0,0
66,10018649925317144938,0,0,0,0,0,0,0,0,0,0,0,0,0,0,0,0,0,0,0,0,0,0,392,0,2371,144750,0,0,0,72136,0,0,0,34,10725,2826,0,0,0,0,237,0,0,0,0,6434,_history_tree_17_updates,4038,0,0,0,0,0,0,15533,12867,1,0,0,21967,0,0,0,0,0,2436,0,0,0,0,0,0,0
66,10018649925317144938,0,0,0,0,0,0,0,0,0,0,0,0,0,0,0,0,0,0,0,0,0,0,895,0,17,9371,0,0,0,9360,0,0,0,35,2483,14,0,0,0,0,11,0,0,0,0,2504,_history_tree_17_removes,2949,0,0,0,0,0,0,2521,2504,0,0,0,5025,0,0,0,0,0,21,0,0,0,0,0,0,0
66,10018649925317144938,0,0,0,0,0,0,0,0,0,0,0,0,0,0,0,0,0,0,0,0,0,0,333,0,2410,68819,0,0,0,68581,0,0,0,36,333,850,0,0,0,0,237,0,0,0,0,2735,_history_tree_18_updates,2025,0,0,0,0,0,0,5163,2735,0,0,0,7898,0,0,0,0,0,2420,0,0,0,0,0,0,0
66,10018649925317144938,0,0,0,0,0,0,0,0,0,0,0,0,0,0,0,0,0,0,0,0,0,0,1003,0,5,9195,0,0,0,9180,0,0,0,37,2662,0,0,0,0,0,15,0,0,0,0,2667,_history_tree_18_removes,3117,0,0,0,0,0,0,2672,2667,0,0,0,5339,0,0,0,0,0,5,0,0,0,0,0,0,0
66,10018649925317144938,0,0,0,0,0,0,0,0,0,0,0,0,0,0,0,0,0,0,0,0,0,0,325,0,2400,68852,0,0,0,68626,0,0,0,38,325,878,0,0,0,0,226,0,0,0,0,2707,_history_tree_19_updates,2018,0,0,0,0,0,0,5177,2707,0,0,0,7884,0,0,0,0,0,2452,0,0,0,0,0,0,0
66,10018649925317144938,0,0,0,0,0,0,0,0,0,0,0,0,0,0,0,0,0,0,0,0,0,0,1017,0,7,9497,0,0,0,9477,0,0,0,39,2621,4,0,0,0,0,20,0,0,0,0,2630,_history_tree_19_removes,3059,0,0,0,0,0,0,2637,2630,0,0,0,5267,0,0,0,0,0,9,0,0,0,0,0,0,0
66,10018649925317144938,50315,0,0,0,0,0,46354,0,0,0,0,0,0,0,0,0,0,0,0,0,0,0,0,0,1,301684,0,0,0,98727,0,0,0,40,0,0,0,0,0,0,2288,0,0,96671,0,0,warehouse,0,0,0,0,0,0,0,1,0,0,0,0,1,200357,0,0,200357,1,0,0,0,0,96674,0,0,0
66,10018649925317144938,0,0,0,0,0,0,0,0,0,0,0,0,0,0,0,0,0,0,0,0,0,0,0,0,0,0,0,0,0,0,0,0,0,41,0,0,0,0,0,0,0,0,0,0,0,0,_warehouse_graveyard,0,0,0,0,0,0,0,0,0,0,0,0,0,0,0,0,0,0,0,0,0,0,0,0,0,0
66,10018649925317144938,99435,0,0,0,0,0,97814,0,0,0,0,0,0,0,0,0,0,0,0,0,0,0,0,0,0,306395,0,0,0,199428,0,0,0,42,0,0,0,0,0,0,993,0,0,197271,0,0,district,0,0,0,0,0,0,0,0,0,0,0,0,0,105943,0,0,105943,0,0,0,0,0,197287,0,0,0
66,10018649925317144938,0,0,0,0,0,0,0,0,0,0,0,0,0,0,0,0,0,0,0,0,0,0,0,0,0,0,0,0,0,0,0,0,0,43,0,0,0,0,0,0,0,0,0,0,0,0,_district_graveyard,0,0,0,0,0,0,0,0,0,0,0,0,0,0,0,0,0,0,0,0,0,0,0,0,0,0
66,10018649925317144938,64707,0,0,0,0,0,61348,0,0,0,0,0,0,0,0,0,0,0,0,0,0,0,0,0,0,810858,0,0,0,126065,0,0,0,44,0,0,0,0,0,0,8,0,0,126057,0,0,customer,0,0,0,0,0,0,0,0,0,0,0,0,0,144217,0,0,144217,0,0,0,0,0,126059,0,0,0
66,10018649925317144938,0,0,0,0,0,0,0,0,0,0,0,0,0,0,0,0,0,0,0,0,0,0,0,0,0,0,0,0,0,0,0,0,0,45,0,0,0,0,0,0,0,0,0,0,0,0,_customer_graveyard,0,0,0,0,0,0,0,0,0,0,0,0,0,0,0,0,0,0,0,0,0,0,0,0,0,0
66,10018649925317144938,0,0,0,0,0,0,0,0,0,0,0,0,0,0,0,0,0,0,0,0,0,0,0,0,0,189963,0,0,0,0,0,0,0,46,0,0,0,0,0,0,63322,0,0,0,0,0,customerwdl,0,0,0,0,0,0,0,0,0,0,0,63323,0,63323,0,0,63323,0,0,0,0,0,0,0,0,0
66,10018649925317144938,0,0,0,0,0,0,0,0,0,0,0,0,0,0,0,0,0,0,0,0,0,0,0,0,0,0,0,0,0,0,0,0,0,47,0,0,0,0,0,0,0,0,0,0,0,0,_customerwdl_graveyard,0,0,0,0,0,0,0,0,0,0,0,0,0,0,0,0,0,0,0,0,0,0,0,0,0,0
66,10018649925317144938,0,0,0,0,0,0,0,0,0,0,0,0,0,0,0,0,0,0,0,0,0,0,0,0,2263,120864,0,0,0,40288,0,0,0,48,0,0,0,0,0,0,0,0,0,0,0,0,history,0,0,0,0,0,0,0,2289,0,0,0,0,2289,0,0,0,0,0,0,0,0,0,0,0,0,0
66,10018649925317144938,0,0,0,0,0,0,0,0,0,0,0,0,0,0,0,0,0,0,0,0,0,0,0,0,0,0,0,0,0,0,0,0,0,49,0,0,0,0,0,0,0,0,0,0,0,0,_history_graveyard,0,0,0,0,0,0,0,0,0,0,0,0,0,0,0,0,0,0,0,0,0,0,0,0,0,0
66,10018649925317144938,44111,87830,0,87830,0,0,43987,0,0,0,0,0,0,0,0,0,0,0,0,0,0,0,55385,0,2136,1188866,0,0,0,280086,0,13795,0,50,32,0,0,0,0,0,116191,0,0,0,0,0,neworder,96968,13799,0,0,0,0,0,4009,8,0,0,88393,4012,102199,0,0,102202,0,1838,0,0,0,0,0,0,0
66,10018649925317144938,0,0,0,0,0,0,0,0,0,0,0,0,0,0,0,0,0,0,0,0,0,0,0,0,0,0,0,0,0,0,0,0,0,51,0,0,0,0,0,0,0,0,0,0,0,0,_neworder_graveyard,0,0,0,0,0,0,0,0,0,0,0,0,0,0,0,0,0,0,0,0,0,0,0,0,0,0
66,10018649925317144938,44622,0,0,0,0,0,43496,0,0,0,0,0,0,0,0,0,0,0,0,0,0,0,0,0,4453,858156,0,0,0,194319,0,0,0,52,0,0,0,0,0,0,0,0,0,88123,0,0,order,0,0,0,0,0,0,0,4465,0,0,0,0,4465,91738,0,0,91740,0,0,0,0,0,88126,0,0,0
66,10018649925317144938,0,0,0,0,0,0,0,0,0,0,0,0,0,0,0,0,0,0,0,0,0,0,0,0,0,0,0,0,0,0,0,0,0,53,0,0,0,0,0,0,0,0,0,0,0,0,_order_graveyard,0,0,0,0,0,0,0,0,0,0,0,0,0,0,0,0,0,0,0,0,0,0,0,0,0,0
66,10018649925317144938,0,0,0,0,0,0,0,0,0,0,0,0,0,0,0,0,3614,0,0,0,0,0,0,0,1422,320370,0,0,0,103176,0,0,0,54,0,0,0,0,0,0,3614,0,0,0,0,0,order_wdc,0,0,0,0,0,0,0,1426,0,0,0,0,1426,3614,0,0,3614,0,0,0,0,0,0,0,0,0
66,10018649925317144938,0,0,0,0,0,0,0,0,0,0,0,0,0,0,0,0,0,0,0,0,0,0,0,0,0,0,0,0,0,0,0,0,0,55,0,0,0,0,0,0,0,0,0,0,0,0,_order_wdc_graveyard,0,0,0,0,0,0,0,0,0,0,0,0,0,0,0,0,0,0,0,0,0,0,0,0,0,0
66,10018649925317144938,445447,0,0,0,0,0,435351,0,0,0,0,0,0,0,0,0,0,0,0,0,0,0,103748,0,60445,7871404,0,0,0,1954906,0,1153,0,56,0,0,0,0,0,0,12954,0,0,880801,0,0,orderline,1886248,1153,0,0,0,0,0,61299,0,0,0,12877,61299,1899117,0,0,1899124,0,0,0,0,0,880801,0,0,0
66,10018649925317144938,0,0,0,0,0,0,0,0,0,0,0,0,0,0,0,0,0,0,0,0,0,0,0,0,0,0,0,0,0,0,0,0,0,57,0,0,0,0,0,0,0,0,0,0,0,0,_orderline_graveyard,0,0,0,0,0,0,0,0,0,0,0,0,0,0,0,0,0,0,0,0,0,0,0,0,0,0
66,10018649925317144938,0,0,0,0,0,0,0,0,0,0,0,0,0,0,0,0,0,0,0,0,0,0,0,0,0,2027729,0,0,0,0,0,0,0,58,0,0,0,0,0,0,0,0,0,0,0,0,item,0,0,0,0,0,0,0,0,0,0,0,0,0,1013919,0,0,1013925,0,0,0,0,0,0,0,0,0
67,10018649925317144938,0,0,0,0,0,0,0,0,0,0,0,0,0,0,0,0,0,0,0,0,0,0,0,0,0,0,0,0,0,0,0,0,0,61,0,0,0,0,0,0,0,0,0,0,0,0,_stock_graveyard,0,0,0,0,0,0,0,0,0,0,0,0,0,0,0,0,0,0,0,0,0,0,0,0,0,0
67,10018649925317144938,504641,0,0,0,0,0,492406,0,0,0,0,0,0,0,0,0,0,0,0,0,0,0,0,0,0,15147348,0,0,0,998291,0,0,0,60,0,0,0,0,0,0,1081,0,0,997039,0,0,stock,0,0,0,0,0,0,0,0,0,0,0,0,0,2787385,0,0,2787375,0,0,0,0,0,997035,0,0,0
67,10018649925317144938,0,0,0,0,0,0,0,0,0,0,0,0,0,0,0,0,0,0,0,0,0,0,0,0,0,0,0,0,0,0,0,0,0,59,0,0,0,0,0,0,0,0,0,0,0,0,_item_graveyard,0,0,0,0,0,0,0,0,0,0,0,0,0,0,0,0,0,0,0,0,0,0,0,0,0,0
67,10018649925317144938,0,0,0,0,0,0,0,0,0,0,0,0,0,0,0,0,0,0,0,0,0,0,373,0,2338,66889,0,0,0,66655,0,0,0,28,375,808,0,0,0,0,229,0,0,0,0,2707,_history_tree_14_updates,2069,0,0,0,0,0,0,5087,2707,0,0,0,7794,0,0,0,0,0,2374,0,0,0,0,0,0,0
67,10018649925317144938,0,0,0,0,0,0,0,0,0,0,0,0,0,0,0,0,0,0,0,0,0,0,1055,0,3,9559,0,0,0,9540,0,0,0,27,2692,0,0,0,0,0,19,0,0,0,0,2696,_history_tree_13_removes,3164,0,0,0,0,0,0,2699,2696,0,0,0,5395,0,0,0,0,0,4,0,0,0,0,0,0,0
67,10018649925317144938,0,0,0,0,0,0,0,0,0,0,0,0,0,0,0,0,0,0,0,0,0,0,286,0,2383,68636,0,0,0,68408,0,0,0,26,286,807,0,0,0,0,228,0,0,0,0,2695,_history_tree_13_updates,2021,0,0,0,0,0,0,5079,2695,0,0,0,7774,0,0,0,0,0,2409,0,0,0,0,0,0,0
67,10018649925317144938,0,0,0,0,0,0,0,0,0,0,0,0,0,0,0,0,0,0,0,0,0,0,995,0,6,9187,0,0,0,9179,0,0,0,25,2639,4,0,0,0,0,8,0,0,0,0,2647,_history_tree_12_removes,3079,0,0,0,0,0,0,2653,2647,0,0,0,5300,0,0,0,0,0,7,0,0,0,0,0,0,0
67,10018649925317144938,0,0,0,0,0,0,0,0,0,0,0,0,0,0,0,0,0,0,0,0,0,0,366,0,2379,67978,0,0,0,67751,0,0,0,24,366,848,0,0,0,0,227,0,0,0,0,2743,_history_tree_12_updates,2050,0,0,0,0,0,0,5156,2743,0,0,0,7899,0,0,0,0,0,2412,0,0,0,0,0,0,0
67,10018649925317144938,0,0,0,0,0,0,0,0,0,0,0,0,0,0,0,0,0,0,0,0,0,0,1074,0,4,9404,0,0,0,9391,0,0,0,23,2681,1,0,0,0,0,13,0,0,0,0,2686,_history_tree_11_removes,3157,0,0,0,0,0,0,2690,2686,0,0,0,5376,0,0,0,0,0,5,0,0,0,0,0,0,0
67,10018649925317144938,0,0,0,0,0,0,0,0,0,0,0,0,0,0,0,0,0,0,0,0,0,0,337,0,2374,68206,0,0,0,67989,0,0,0,22,337,815,0,0,0,0,216,0,0,0,0,2742,_history_tree_11_updates,2058,0,0,0,0,0,0,5119,2742,0,0,0,7861,0,0,0,0,0,2408,0,0,0,0,0,0,0
67,10018649925317144938,0,0,0,0,0,0,0,0,0,0,0,0,0,0,0,0,0,0,0,0,0,0,1080,0,4,9531,0,0,0,9514,0,0,0,21,2685,1,0,0,0,0,17,0,0,0,0,2690,_history_tree_10_removes,3136,0,0,0,0,0,0,2694,2690,0,0,0,5384,0,0,0,0,0,5,0,0,0,0,0,0,0
67,10018649925317144938,0,0,0,0,0,0,0,0,0,0,0,0,0,0,0,0,0,0,0,0,0,0,343,0,2390,68773,0,0,0,68547,0,0,0,20,343,824,0,0,0,0,227,0,0,0,0,2770,_history_tree_10_updates,2049,0,0,0,0,0,0,5160,2770,0,0,0,7930,0,0,0,0,0,2427,0,0,0,0,0,0,0
67,10018649925317144938,0,0,0,0,0,0,0,0,0,0,0,0,0,0,0,0,0,0,0,0,0,0,1066,0,5,9627,0,0,0,9609,0,0,0,19,2750,3,0,0,0,0,18,0,0,0,0,2756,_history_tree_9_removes,3226,0,0,0,0,0,0,2761,2756,0,0,0,5517,0,0,0,0,0,6,0,0,0,0,0,0,0
67,10018649925317144938,0,0,0,0,0,0,0,0,0,0,0,0,0,0,0,0,0,0,0,0,0,0,337,0,2422,69544,0,0,0,69338,0,0,0,18,337,843,0,0,0,0,206,0,0,0,0,2764,_history_tree_9_updates,2078,0,0,0,0,0,0,5217,2764,0,0,0,7981,0,0,0,0,0,2458,0,0,0,0,0,0,0
67,10018649925317144938,0,0,0,0,0,0,0,0,0,0,0,0,0,0,0,0,0,0,0,0,0,0,1110,0,5,9877,0,0,0,9860,0,0,0,17,2678,2,0,0,0,0,17,0,0,0,0,2684,_history_tree_8_removes,3136,0,0,0,0,0,0,2689,2684,0,0,0,5375,0,0,0,0,0,6,0,0,0,0,0,0,0
67,10018649925317144938,0,0,0,0,0,0,0,0,0,0,0,0,0,0,0,0,0,0,0,0,0,0,320,0,2411,69647,0,0,0,69450,0,0,0,16,320,839,0,0,0,0,196,0,0,0,0,2754,_history_tree_8_updates,2016,0,0,0,0,0,0,5171,2754,0,0,0,7925,0,0,0,0,0,2440,0,0,0,0,0,0,0
67,10018649925317144938,0,0,0,0,0,0,0,0,0,0,0,0,0,0,0,0,0,0,0,0,0,0,1033,0,4,9439,0,0,0,9422,0,0,0,15,2634,1,0,0,0,0,17,0,0,0,0,2638,_history_tree_7_removes,3087,0,0,0,0,0,0,2642,2638,0,0,0,5280,0,0,0,0,0,4,0,0,0,0,0,0,0
67,10018649925317144938,0,0,0,0,0,0,0,0,0,0,0,0,0,0,0,0,0,0,0,0,0,0,329,0,2374,68182,0,0,0,68001,0,0,0,14,329,816,0,0,0,0,181,0,0,0,0,2687,_history_tree_7_updates,2012,0,0,0,0,0,0,5086,2687,0,0,0,7773,0,0,0,0,0,2383,0,0,0,0,0,0,0
67,10018649925317144938,0,0,0,0,0,0,0,0,0,0,0,0,0,0,0,0,0,0,0,0,0,0,960,0,9,9412,0,0,0,9397,0,0,0,13,2677,7,0,0,0,0,15,0,0,0,0,2687,_history_tree_6_removes,3125,0,0,0,0,0,0,2696,2687,0,0,0,5383,0,0,0,0,0,10,0,0,0,0,0,0,0
67,10018649925317144938,0,0,0,0,0,0,0,0,0,0,0,0,0,22340402,22951603,0,0,0,0,0,0,0,340,0,2403,69081,0,0,0,68865,0,0,0,0,340,861,0,0,0,0,216,0,0,0,0,2736,_history_tree_0_updates,2026,0,1506142,0,0,0,0,5180,2736,0,0,0,7916,0,0,0,0,0,2437,0,0,0,0,708415,0,0
67,10018649925317144938,0,0,0,0,0,0,0,0,0,0,0,0,0,0,0,0,0,0,0,0,0,0,986,0,8,9536,0,0,0,9518,0,0,0,1,2644,4,0,0,0,0,18,0,0,0,0,2653,_history_tree_0_removes,3073,0,0,0,0,0,0,2661,2653,0,0,0,5314,0,0,0,0,0,9,0,0,0,0,0,0,0
67,10018649925317144938,0,0,0,0,0,0,0,0,0,0,0,0,0,0,0,0,0,0,0,0,0,0,342,0,2394,68956,0,0,0,68729,0,0,0,2,342,876,0,0,0,0,227,0,0,0,0,2757,_history_tree_1_updates,2020,0,0,0,0,0,0,5174,2757,0,0,0,7931,0,0,0,0,0,2438,0,0,0,0,0,0,0
67,10018649925317144938,0,0,0,0,0,0,0,0,0,0,0,0,0,0,0,0,0,0,0,0,0,0,1092,0,6,9710,0,0,0,9694,0,0,0,3,2643,1,0,0,0,0,16,0,0,0,0,2651,_history_tree_1_removes,3093,0,0,0,0,0,0,2657,2651,0,0,0,5308,0,0,0,0,0,8,0,0,0,0,0,0,0
67,10018649925317144938,0,0,0,0,0,0,0,0,0,0,0,0,0,0,0,0,0,0,0,0,0,0,368,0,2381,67763,0,0,0,67545,0,0,0,4,368,828,0,0,0,0,217,0,0,0,0,2766,_history_tree_2_updates,2074,0,0,0,0,0,0,5169,2766,0,0,0,7935,0,0,0,0,0,2421,0,0,0,0,0,0,0
67,10018649925317144938,0,0,0,0,0,0,0,0,0,0,0,0,0,0,0,0,0,0,0,0,0,0,991,0,3,9090,0,0,0,9074,0,0,0,5,2667,2,0,0,0,0,17,0,0,0,0,2672,_history_tree_2_removes,3117,0,0,0,0,0,0,2675,2672,0,0,0,5347,0,0,0,0,0,5,0,0,0,0,0,0,0
67,10018649925317144938,0,0,0,0,0,0,0,0,0,0,0,0,0,0,0,0,0,0,0,0,0,0,348,0,2424,70030,0,0,0,69822,0,0,0,6,348,879,0,0,0,0,207,0,0,0,0,2782,_history_tree_3_updates,2056,0,0,0,0,0,0,5237,2782,0,0,0,8019,0,0,0,0,0,2465,0,0,0,0,0,0,0
67,10018649925317144938,0,0,0,0,0,0,0,0,0,0,0,0,0,0,0,0,0,0,0,0,0,0,1106,0,6,9923,0,0,0,9912,0,0,0,7,2631,4,0,0,0,0,11,0,0,0,0,2639,_history_tree_3_removes,3098,0,0,0,0,0,0,2645,2639,0,0,0,5284,0,0,0,0,0,8,0,0,0,0,0,0,0
67,10018649925317144938,0,0,0,0,0,0,0,0,0,0,0,0,0,0,0,0,0,0,0,0,0,0,354,0,2377,68124,0,0,0,67937,0,0,0,8,354,833,0,0,0,0,187,0,0,0,0,2739,_history_tree_4_updates,2052,0,0,0,0,0,0,5141,2739,0,0,0,7880,0,0,0,0,0,2410,0,0,0,0,0,0,0
67,10018649925317144938,0,0,0,0,0,0,0,0,0,0,0,0,0,0,0,0,0,0,0,0,0,0,1027,0,7,9323,0,0,0,9312,0,0,0,9,2677,3,0,0,0,0,11,0,0,0,0,2685,_history_tree_4_removes,3142,0,0,0,0,0,0,2692,2685,0,0,0,5377,0,0,0,0,0,8,0,0,0,0,0,0,0
67,10018649925317144938,0,0,0,0,0,0,0,0,0,0,0,0,0,0,0,0,0,0,0,0,0,0,367,0,2361,67531,0,0,0,67326,0,0,0,10,367,800,0,0,0,0,204,0,0,0,0,2755,_history_tree_5_updates,2085,0,0,0,0,0,0,5116,2755,0,0,0,7871,0,0,0,0,0,2388,0,0,0,0,0,0,0
67,10018649925317144938,0,0,0,0,0,0,0,0,0,0,0,0,0,0,0,0,0,0,0,0,0,0,990,0,3,9151,0,0,0,9140,0,0,0,11,2676,0,0,0,0,0,11,0,0,0,0,2681,_history_tree_5_removes,3129,0,0,0,0,0,0,2684,2681,0,0,0,5365,0,0,0,0,0,4,0,0,0,0,0,0,0
67,10018649925317144938,0,0,0,0,0,0,0,0,0,0,0,0,0,0,0,0,0,0,0,0,0,0,373,0,2399,68694,0,0,0,68493,0,0,0,12,373,864,0,0,0,0,199,0,0,0,0,2677,_history_tree_6_updates,2077,0,0,0,0,0,0,5210,2678,0,0,0,7888,0,0,0,0,0,2438,0,0,0,0,0,0,0
67,10018649925317144938,0,0,0,0,0,0,0,0,0,0,0,0,0,0,0,0,0,0,0,0,0,0,1016,0,4,9192,0,0,0,9182,0,0,0,29,2672,1,0,0,0,0,10,0,0,0,0,2678,_history_tree_14_removes,3131,0,0,0,0,0,0,2682,2678,0,0,0,5360,0,0,0,0,0,6,0,0,0,0,0,0,0
67,10018649925317144938,0,0,0,0,0,0,0,0,0,0,0,0,0,0,0,0,0,0,0,0,0,0,351,0,2375,67968,0,0,0,67769,0,0,0,30,351,843,0,0,0,0,197,0,0,0,0,2738,_history_tree_15_updates,2047,0,0,0,0,0,0,5131,2738,0,0,0,7869,0,0,0,0,0,2405,0,0,0,0,0,0,0
67,10018649925317144938,0,0,0,0,0,0,0,0,0,0,0,0,0,0,0,0,0,0,0,0,0,0,963,0,6,9216,0,0,0,9201,0,0,0,31,2647,2,0,0,0,0,15,0,0,0,0,2653,_history_tree_15_removes,3114,0,0,0,0,0,0,2659,2653,0,0,0,5312,0,0,0,0,0,6,0,0,0,0,0,0,0
67,10018649925317144938,0,0,0,0,0,0,0,0,0,0,0,0,0,0,0,0,0,0,0,0,0,0,307,0,2394,68798,0,0,0,68563,0,0,0,32,307,802,0,0,0,0,235,0,0,0,0,2734,_history_tree_16_updates,2083,0,0,0,0,0,0,5129,2734,0,0,0,7863,0,0,0,0,0,2428,0,0,0,0,0,0,0
67,10018649925317144938,0,0,0,0,0,0,0,0,0,0,0,0,0,0,0,0,0,0,0,0,0,0,1117,0,3,9539,0,0,0,9530,0,0,0,33,2741,1,0,0,0,0,9,0,0,0,0,2745,_history_tree_16_removes,3240,0,0,0,0,0,0,2748,2745,0,0,0,5493,0,0,0,0,0,4,0,0,0,0,0,0,0
67,10018649925317144938,0,0,0,0,0,0,0,0,0,0,0,0,0,0,0,0,0,0,0,0,0,0,368,0,2369,145038,0,0,0,72325,0,0,0,34,10753,2765,0,0,0,0,194,0,0,0,0,6444,_history_tree_17_updates,4066,0,0,0,0,0,0,15519,12888,0,0,0,21963,0,0,0,0,0,2397,0,0,0,0,0,0,0
67,10018649925317144938,0,0,0,0,0,0,0,0,0,0,0,0,0,0,0,0,0,0,0,0,0,0,852,0,18,9238,0,0,0,9224,0,0,0,35,2514,12,0,0,0,0,14,0,0,0,0,2532,_history_tree_17_removes,2948,0,0,0,0,0,0,2550,2532,0,0,0,5082,0,0,0,0,0,18,0,0,0,0,0,0,0
67,10018649925317144938,0,0,0,0,0,0,0,0,0,0,0,0,0,0,0,0,0,0,0,0,0,0,310,0,2390,68948,0,0,0,68744,0,0,0,36,310,847,0,0,0,0,202,0,0,0,0,2722,_history_tree_18_updates,1996,0,0,0,0,0,0,5125,2722,0,0,0,7847,0,0,0,0,0,2425,0,0,0,0,0,0,0
67,10018649925317144938,0,0,0,0,0,0,0,0,0,0,0,0,0,0,0,0,0,0,0,0,0,0,1087,0,6,9668,0,0,0,9656,0,0,0,37,2657,1,0,0,0,0,12,0,0,0,0,2664,_history_tree_18_removes,3108,0,0,0,0,0,0,2670,2664,0,0,0,5334,0,0,0,0,0,7,0,0,0,0,0,0,0
67,10018649925317144938,0,0,0,0,0,0,0,0,0,0,0,0,0,0,0,0,0,0,0,0,0,0,399,0,2335,66696,0,0,0,66472,0,0,0,38,400,742,0,0,0,0,223,0,0,0,0,2683,_history_tree_19_updates,2126,0,0,0,0,0,0,5071,2683,0,0,0,7754,0,0,0,0,0,2336,0,0,0,0,0,0,0
67,10018649925317144938,0,0,0,0,0,0,0,0,0,0,0,0,0,0,0,0,0,0,0,0,0,0,958,0,5,8871,0,0,0,8859,0,0,0,39,2677,3,0,0,0,0,12,0,0,0,0,2682,_history_tree_19_removes,3113,0,0,0,0,0,0,2687,2682,0,0,0,5369,0,0,0,0,0,5,0,0,0,0,0,0,0
67,10018649925317144938,49184,0,0,0,0,0,45618,0,0,0,0,0,0,0,0,0,0,0,0,0,0,0,0,0,0,295929,0,0,0,96770,0,0,0,40,0,0,0,0,0,0,2128,0,0,94805,0,0,warehouse,0,0,0,0,0,0,0,0,0,0,0,0,0,196712,0,0,196714,0,0,0,0,0,94807,0,0,0
67,10018649925317144938,0,0,0,0,0,0,0,0,0,0,0,0,0,0,0,0,0,0,0,0,0,0,0,0,0,0,0,0,0,0,0,0,0,41,0,0,0,0,0,0,0,0,0,0,0,0,_warehouse_graveyard,0,0,0,0,0,0,0,0,0,0,0,0,0,0,0,0,0,0,0,0,0,0,0,0,0,0
67,10018649925317144938,97793,0,0,0,0,0,95855,0,0,0,0,0,0,0,0,0,0,0,0,0,0,0,0,0,0,300681,0,0,0,195846,0,0,0,42,0,0,0,0,0,0,996,0,0,193645,0,0,district,0,0,0,0,0,0,0,0,0,0,0,0,0,103776,0,0,103776,0,0,0,0,0,193642,0,0,0
67,10018649925317144938,0,0,0,0,0,0,0,0,0,0,0,0,0,0,0,0,0,0,0,0,0,0,0,0,0,0,0,0,0,0,0,0,0,43,0,0,0,0,0,0,0,0,0,0,0,0,_district_graveyard,0,0,0,0,0,0,0,0,0,0,0,0,0,0,0,0,0,0,0,0,0,0,0,0,0,0
67,10018649925317144938,63693,0,0,0,0,0,60394,0,0,0,0,0,0,0,0,0,0,0,0,0,0,0,0,0,0,797809,0,0,0,124093,0,0,0,44,0,0,0,0,0,0,4,0,0,124093,0,0,customer,0,0,0,0,0,0,0,0,0,0,0,0,0,141849,0,0,141849,0,0,0,0,0,124095,0,0,0
67,10018649925317144938,0,0,0,0,0,0,0,0,0,0,0,0,0,0,0,0,0,0,0,0,0,0,0,0,0,0,0,0,0,0,0,0,0,45,0,0,0,0,0,0,0,0,0,0,0,0,_customer_graveyard,0,0,0,0,0,0,0,0,0,0,0,0,0,0,0,0,0,0,0,0,0,0,0,0,0,0
67,10018649925317144938,0,0,0,0,0,0,0,0,0,0,0,0,0,0,0,0,0,0,0,0,0,0,0,0,0,185376,0,0,0,0,0,0,0,46,0,0,0,0,0,0,61794,0,0,0,0,0,customerwdl,0,0,0,0,0,0,0,0,0,0,0,61800,0,61801,0,0,61801,0,0,0,0,0,0,0,0,0
67,10018649925317144938,0,0,0,0,0,0,0,0,0,0,0,0,0,0,0,0,0,0,0,0,0,0,0,0,0,0,0,0,0,0,0,0,0,47,0,0,0,0,0,0,0,0,0,0,0,0,_customerwdl_graveyard,0,0,0,0,0,0,0,0,0,0,0,0,0,0,0,0,0,0,0,0,0,0,0,0,0,0
67,10018649925317144938,0,0,0,0,0,0,0,0,0,0,0,0,0,0,0,0,0,0,0,0,0,0,0,0,2230,119241,0,0,0,39747,0,0,0,48,0,0,0,0,0,0,0,0,0,0,0,0,history,0,0,0,0,0,0,0,2257,0,0,0,0,2257,0,0,0,0,0,0,0,0,0,0,0,0,0
67,10018649925317144938,0,0,0,0,0,0,0,0,0,0,0,0,0,0,0,0,0,0,0,0,0,0,0,0,0,0,0,0,0,0,0,0,0,49,0,0,0,0,0,0,0,0,0,0,0,0,_history_graveyard,0,0,0,0,0,0,0,0,0,0,0,0,0,0,0,0,0,0,0,0,0,0,0,0,0,0
67,10018649925317144938,43328,88070,0,88070,0,0,43257,0,0,0,0,0,0,0,0,0,0,0,0,0,0,0,53792,0,2090,1174479,0,0,0,277018,0,10016,0,50,22,0,0,0,0,0,114467,0,0,0,0,0,neworder,91389,10012,0,0,0,0,0,3989,8,0,0,86870,3989,96875,0,0,96873,0,1874,0,0,0,0,0,0,0
67,10018649925317144938,0,0,0,0,0,0,0,0,0,0,0,0,0,0,0,0,0,0,0,0,0,0,0,0,0,0,0,0,0,0,0,0,0,51,0,0,0,0,0,0,0,0,0,0,0,0,_neworder_graveyard,0,0,0,0,0,0,0,0,0,0,0,0,0,0,0,0,0,0,0,0,0,0,0,0,0,0
67,10018649925317144938,43734,0,0,0,0,0,42848,0,0,0,0,0,0,0,0,0,0,0,0,0,0,0,0,0,4331,843009,0,0,0,190921,0,0,0,52,0,0,0,0,0,0,0,0,0,86585,0,0,order,0,0,0,0,0,0,0,4334,0,0,0,0,4334,90087,0,0,90086,0,0,0,0,0,86588,0,0,0
67,10018649925317144938,0,0,0,0,0,0,0,0,0,0,0,0,0,0,0,0,0,0,0,0,0,0,0,0,0,0,0,0,0,0,0,0,0,53,0,0,0,0,0,0,0,0,0,0,0,0,_order_graveyard,0,0,0,0,0,0,0,0,0,0,0,0,0,0,0,0,0,0,0,0,0,0,0,0,0,0
67,10018649925317144938,0,0,0,0,0,0,0,0,0,0,0,0,0,0,0,0,3498,0,0,0,0,0,0,0,1429,314829,0,0,0,101445,0,0,0,54,0,0,0,0,0,0,3498,0,0,0,0,0,order_wdc,0,0,0,0,0,0,0,1429,0,0,0,0,1429,3498,0,0,3498,0,0,0,0,0,0,0,0,0
67,10018649925317144938,0,0,0,0,0,0,0,0,0,0,0,0,0,0,0,0,0,0,0,0,0,0,0,0,0,0,0,0,0,0,0,0,0,55,0,0,0,0,0,0,0,0,0,0,0,0,_order_wdc_graveyard,0,0,0,0,0,0,0,0,0,0,0,0,0,0,0,0,0,0,0,0,0,0,0,0,0,0
67,10018649925317144938,437829,0,0,0,0,0,427921,0,0,0,0,0,0,0,0,0,0,0,0,0,0,0,100728,0,59495,7742244,0,0,0,1923032,0,1089,0,56,0,0,0,0,0,0,12533,0,0,865822,0,0,orderline,1830278,1089,0,0,0,0,0,60312,0,0,0,12467,60312,1842776,0,0,1842796,0,0,0,0,0,865880,0,0,0
67,10018649925317144938,0,0,0,0,0,0,0,0,0,0,0,0,0,0,0,0,0,0,0,0,0,0,0,0,0,0,0,0,0,0,0,0,0,57,0,0,0,0,0,0,0,0,0,0,0,0,_orderline_graveyard,0,0,0,0,0,0,0,0,0,0,0,0,0,0,0,0,0,0,0,0,0,0,0,0,0,0
67,10018649925317144938,0,0,0,0,0,0,0,0,0,0,0,0,0,0,0,0,0,0,0,0,0,0,0,0,0,1995481,0,0,0,0,0,0,0,58,0,0,0,0,0,0,0,0,0,0,0,0,item,0,0,0,0,0,0,0,0,0,0,0,0,0,997756,0,0,997759,0,0,0,0,0,0,0,0,0
68,10018649925317144938,0,0,0,0,0,0,0,0,0,0,0,0,0,0,0,0,0,0,0,0,0,0,0,0,0,0,0,0,0,0,0,0,0,61,0,0,0,0,0,0,0,0,0,0,0,0,_stock_graveyard,0,0,0,0,0,0,0,0,0,0,0,0,0,0,0,0,0,0,0,0,0,0,0,0,0,0
68,10018649925317144938,495066,0,0,0,0,0,483531,0,0,0,0,0,0,0,0,0,0,0,0,0,0,0,0,0,0,14902723,0,0,0,979674,0,0,0,60,0,0,0,0,0,0,1071,0,0,978598,0,0,stock,0,0,0,0,0,0,0,0,0,0,0,0,0,2745087,0,0,2745090,0,0,0,0,0,978601,0,0,0
68,10018649925317144938,0,0,0,0,0,0,0,0,0,0,0,0,0,0,0,0,0,0,0,0,0,0,0,0,0,0,0,0,0,0,0,0,0,59,0,0,0,0,0,0,0,0,0,0,0,0,_item_graveyard,0,0,0,0,0,0,0,0,0,0,0,0,0,0,0,0,0,0,0,0,0,0,0,0,0,0
68,10018649925317144938,0,0,0,0,0,0,0,0,0,0,0,0,0,0,0,0,0,0,0,0,0,0,331,0,2372,68110,0,0,0,67863,0,0,0,28,331,831,0,0,0,0,246,0,0,0,0,2672,_history_tree_14_updates,2001,0,0,0,0,0,0,5075,2672,0,0,0,7747,0,0,0,0,0,2372,0,0,0,0,0,0,0
68,10018649925317144938,0,0,0,0,0,0,0,0,0,0,0,0,0,0,0,0,0,0,0,0,0,0,1062,0,7,9537,0,0,0,9520,0,0,0,27,2532,2,0,0,0,0,17,0,0,0,0,2539,_history_tree_13_removes,3008,0,0,0,0,0,0,2546,2539,0,0,0,5085,0,0,0,0,0,7,0,0,0,0,0,0,0
68,10018649925317144938,0,0,0,0,0,0,0,0,0,0,0,0,0,0,0,0,0,0,0,0,0,0,346,0,2356,67979,0,0,0,67767,0,0,0,26,346,866,0,0,0,0,212,0,0,0,0,2676,_history_tree_13_updates,1978,0,0,0,0,0,0,5058,2676,0,0,0,7734,0,0,0,0,0,2357,0,0,0,0,0,0,0
68,10018649925317144938,0,0,0,0,0,0,0,0,0,0,0,0,0,0,0,0,0,0,0,0,0,0,1025,0,7,9296,0,0,0,9282,0,0,0,25,2569,4,0,0,0,0,14,0,0,0,0,2575,_history_tree_12_removes,3022,0,0,0,0,0,0,2582,2575,0,0,0,5157,0,0,0,0,0,7,0,0,0,0,0,0,0
68,10018649925317144938,0,0,0,0,0,0,0,0,0,0,0,0,0,0,0,0,0,0,0,0,0,0,341,0,2348,67432,0,0,0,67233,0,0,0,24,341,847,0,0,0,0,196,0,0,0,0,2654,_history_tree_12_updates,1967,0,0,0,0,0,0,5036,2654,0,0,0,7690,0,0,0,0,0,2347,0,0,0,0,0,0,0
68,10018649925317144938,0,0,0,0,0,0,0,0,0,0,0,0,0,0,0,0,0,0,0,0,0,0,967,0,4,8909,0,0,0,8897,0,0,0,23,2629,2,0,0,0,0,12,0,0,0,0,2633,_history_tree_11_removes,3078,0,0,0,0,0,0,2637,2633,0,0,0,5270,0,0,0,0,0,4,0,0,0,0,0,0,0
68,10018649925317144938,0,0,0,0,0,0,0,0,0,0,0,0,0,0,0,0,0,0,0,0,0,0,329,0,2326,66456,0,0,0,66232,0,0,0,22,329,769,0,0,0,0,225,0,0,0,0,2638,_history_tree_11_updates,2020,0,0,0,0,0,0,4981,2639,0,0,0,7620,0,0,0,0,0,2326,0,0,0,0,0,0,0
68,10018649925317144938,0,0,0,0,0,0,0,0,0,0,0,0,0,0,0,0,0,0,0,0,0,0,960,0,5,8706,0,0,0,8693,0,0,0,21,2511,2,0,0,0,0,13,0,0,0,0,2516,_history_tree_10_removes,2967,0,0,0,0,0,0,2521,2516,0,0,0,5037,0,0,0,0,0,5,0,0,0,0,0,0,0
68,10018649925317144938,0,0,0,0,0,0,0,0,0,0,0,0,0,0,0,0,0,0,0,0,0,0,318,0,2318,66051,0,0,0,65864,0,0,0,20,318,809,0,0,0,0,184,0,0,0,0,2614,_history_tree_10_updates,1955,0,0,0,0,0,0,4955,2614,0,0,0,7569,0,0,0,0,0,2319,0,0,0,0,0,0,0
68,10018649925317144938,0,0,0,0,0,0,0,0,0,0,0,0,0,0,0,0,0,0,0,0,0,0,975,0,6,8946,0,0,0,8933,0,0,0,19,2527,3,0,0,0,0,13,0,0,0,0,2533,_history_tree_9_removes,2978,0,0,0,0,0,0,2539,2533,0,0,0,5072,0,0,0,0,0,6,0,0,0,0,0,0,0
68,10018649925317144938,0,0,0,0,0,0,0,0,0,0,0,0,0,0,0,0,0,0,0,0,0,0,316,0,2299,65868,0,0,0,65671,0,0,0,18,316,774,0,0,0,0,196,0,0,0,0,2584,_history_tree_9_updates,1967,0,0,0,0,0,0,4913,2584,0,0,0,7497,0,0,0,0,0,2298,0,0,0,0,0,0,0
68,10018649925317144938,0,0,0,0,0,0,0,0,0,0,0,0,0,0,0,0,0,0,0,0,0,0,986,0,7,9286,0,0,0,9272,0,0,0,17,2547,4,0,0,0,0,14,0,0,0,0,2554,_history_tree_8_removes,3004,0,0,0,0,0,0,2561,2554,0,0,0,5113,0,0,0,0,0,7,0,0,0,0,0,0,0
68,10018649925317144938,0,0,0,0,0,0,0,0,0,0,0,0,0,0,0,0,0,0,0,0,0,0,363,0,2350,67480,0,0,0,67272,0,0,0,16,363,844,0,0,0,0,209,0,0,0,0,2673,_history_tree_8_updates,2005,0,0,0,0,0,0,5061,2673,0,0,0,7734,0,0,0,0,0,2348,0,0,0,0,0,0,0
68,10018649925317144938,0,0,0,0,0,0,0,0,0,0,0,0,0,0,0,0,0,0,0,0,0,0,947,0,8,9099,0,0,0,9086,0,0,0,15,2475,1,0,0,0,0,13,0,0,0,0,2483,_history_tree_7_removes,2925,0,0,0,0,0,0,2491,2483,0,0,0,4974,0,0,0,0,0,8,0,0,0,0,0,0,0
68,10018649925317144938,0,0,0,0,0,0,0,0,0,0,0,0,0,0,0,0,0,0,0,0,0,0,333,0,2353,67408,0,0,0,67202,0,0,0,14,333,859,0,0,0,0,206,0,0,0,0,2645,_history_tree_7_updates,1953,0,0,0,0,0,0,5037,2645,0,0,0,7682,0,0,0,0,0,2351,0,0,0,0,0,0,0
68,10018649925317144938,0,0,0,0,0,0,0,0,0,0,0,0,0,0,0,0,0,0,0,0,0,0,918,0,8,8956,0,0,0,8942,0,0,0,13,2493,4,0,0,0,0,14,0,0,0,0,2501,_history_tree_6_removes,2922,0,0,0,0,0,0,2509,2501,0,0,0,5010,0,0,0,0,0,8,0,0,0,0,0,0,0
68,10018649925317144938,0,0,0,0,0,0,0,0,0,0,0,0,0,22012988,22605581,0,0,0,0,0,0,0,346,0,2342,67055,0,0,0,66862,0,0,0,0,347,848,0,0,0,0,194,0,0,0,0,2630,_history_tree_0_updates,1959,0,1481356,0,0,0,0,5032,2630,0,0,0,7662,0,0,0,0,0,2343,0,0,0,0,706281,0,0
68,10018649925317144938,0,0,0,0,0,0,0,0,0,0,0,0,0,0,0,0,0,0,0,0,0,0,920,0,9,9100,0,0,0,9075,0,0,0,1,2508,3,0,0,0,0,25,0,0,0,0,2517,_history_tree_0_removes,2960,0,0,0,0,0,0,2526,2517,0,0,0,5043,0,0,0,0,0,9,0,0,0,0,0,0,0
68,10018649925317144938,0,0,0,0,0,0,0,0,0,0,0,0,0,0,0,0,0,0,0,0,0,0,330,0,2350,67272,0,0,0,67055,0,0,0,2,330,872,0,0,0,0,217,0,0,0,0,2654,_history_tree_1_updates,1937,0,0,0,0,0,0,5030,2654,0,0,0,7684,0,0,0,0,0,2350,0,0,0,0,0,0,0
68,10018649925317144938,0,0,0,0,0,0,0,0,0,0,0,0,0,0,0,0,0,0,0,0,0,0,958,0,9,9073,0,0,0,9061,0,0,0,3,2494,3,0,0,0,0,12,0,0,0,0,2503,_history_tree_1_removes,2960,0,0,0,0,0,0,2512,2503,0,0,0,5015,0,0,0,0,0,9,0,0,0,0,0,0,0
68,10018649925317144938,0,0,0,0,0,0,0,0,0,0,0,0,0,0,0,0,0,0,0,0,0,0,355,0,2341,67246,0,0,0,67039,0,0,0,4,355,809,0,0,0,0,202,0,0,0,0,2695,_history_tree_2_updates,2023,0,0,0,0,0,0,5037,2695,0,0,0,7732,0,0,0,0,0,2340,0,0,0,0,0,0,0
68,10018649925317144938,0,0,0,0,0,0,0,0,0,0,0,0,0,0,0,0,0,0,0,0,0,0,972,0,7,9236,0,0,0,9217,0,0,0,5,2582,2,0,0,0,0,18,0,0,0,0,2589,_history_tree_2_removes,3030,0,0,0,0,0,0,2596,2589,0,0,0,5185,0,0,0,0,0,7,0,0,0,0,0,0,0
68,10018649925317144938,0,0,0,0,0,0,0,0,0,0,0,0,0,0,0,0,0,0,0,0,0,0,332,0,2346,67503,0,0,0,67301,0,0,0,6,332,829,0,0,0,0,202,0,0,0,0,2633,_history_tree_3_updates,1969,0,0,0,0,0,0,5020,2633,0,0,0,7653,0,0,0,0,0,2342,0,0,0,0,0,0,0
68,10018649925317144938,0,0,0,0,0,0,0,0,0,0,0,0,0,0,0,0,0,0,0,0,0,0,1007,0,8,9367,0,0,0,9352,0,0,0,7,2530,3,0,0,0,0,15,0,0,0,0,2538,_history_tree_3_removes,2975,0,0,0,0,0,0,2546,2538,0,0,0,5084,0,0,0,0,0,8,0,0,0,0,0,0,0
68,10018649925317144938,0,0,0,0,0,0,0,0,0,0,0,0,0,0,0,0,0,0,0,0,0,0,351,0,2358,67335,0,0,0,67087,0,0,0,8,351,847,0,0,0,0,246,0,0,0,0,2687,_history_tree_4_updates,1992,0,0,0,0,0,0,5072,2687,0,0,0,7759,0,0,0,0,0,2362,0,0,0,0,0,0,0
68,10018649925317144938,0,0,0,0,0,0,0,0,0,0,0,0,0,0,0,0,0,0,0,0,0,0,957,0,8,9022,0,0,0,9004,0,0,0,9,2554,1,0,0,0,0,18,0,0,0,0,2562,_history_tree_4_removes,2993,0,0,0,0,0,0,2570,2562,0,0,0,5132,0,0,0,0,0,8,0,0,0,0,0,0,0
68,10018649925317144938,0,0,0,0,0,0,0,0,0,0,0,0,0,0,0,0,0,0,0,0,0,0,338,0,2366,68033,0,0,0,67786,0,0,0,10,338,835,0,0,0,0,247,0,0,0,0,2699,_history_tree_5_updates,1985,0,0,0,0,0,0,5071,2699,0,0,0,7770,0,0,0,0,0,2367,0,0,0,0,0,0,0
68,10018649925317144938,0,0,0,0,0,0,0,0,0,0,0,0,0,0,0,0,0,0,0,0,0,0,1011,0,7,9315,0,0,0,9310,0,0,0,11,2579,3,0,0,0,0,5,0,0,0,0,2585,_history_tree_5_removes,3021,0,0,0,0,0,0,2592,2585,0,0,0,5177,0,0,0,0,0,7,0,0,0,0,0,0,0
68,10018649925317144938,0,0,0,0,0,0,0,0,0,0,0,0,0,0,0,0,0,0,0,0,0,0,338,0,2318,66289,0,0,0,66075,0,0,0,12,338,844,0,0,0,0,212,0,0,0,0,2552,_history_tree_6_updates,1934,0,0,0,0,0,0,4973,2551,0,0,0,7524,0,0,0,0,0,2317,0,0,0,0,0,0,0
68,10018649925317144938,0,0,0,0,0,0,0,0,0,0,0,0,0,0,0,0,0,0,0,0,0,0,989,0,8,9329,0,0,0,9309,0,0,0,29,2586,3,0,0,0,0,20,0,0,0,0,2594,_history_tree_14_removes,3047,0,0,0,0,0,0,2602,2594,0,0,0,5196,0,0,0,0,0,8,0,0,0,0,0,0,0
68,10018649925317144938,0,0,0,0,0,0,0,0,0,0,0,0,0,0,0,0,0,0,0,0,0,0,323,0,2344,67380,0,0,0,67170,0,0,0,30,323,845,0,0,0,0,210,0,0,0,0,2652,_history_tree_15_updates,1942,0,0,0,0,0,0,5014,2652,0,0,0,7666,0,0,0,0,0,2347,0,0,0,0,0,0,0
68,10018649925317144938,0,0,0,0,0,0,0,0,0,0,0,0,0,0,0,0,0,0,0,0,0,0,981,0,9,9264,0,0,0,9255,0,0,0,31,2506,3,0,0,0,0,9,0,0,0,0,2515,_history_tree_15_removes,2940,0,0,0,0,0,0,2524,2515,0,0,0,5039,0,0,0,0,0,9,0,0,0,0,0,0,0
68,10018649925317144938,0,0,0,0,0,0,0,0,0,0,0,0,0,0,0,0,0,0,0,0,0,0,362,0,2352,67711,0,0,0,67513,0,0,0,32,362,890,0,0,0,0,196,0,0,0,0,2700,_history_tree_16_updates,1947,0,0,0,0,0,0,5066,2700,0,0,0,7766,0,0,0,0,0,2352,0,0,0,0,0,0,0
68,10018649925317144938,0,0,0,0,0,0,0,0,0,0,0,0,0,0,0,0,0,0,0,0,0,0,1020,0,8,9425,0,0,0,9405,0,0,0,33,2459,1,0,0,0,0,20,0,0,0,0,2467,_history_tree_16_removes,2897,0,0,0,0,0,0,2475,2467,0,0,0,4942,0,0,0,0,0,8,0,0,0,0,0,0,0
68,10018649925317144938,0,0,0,0,0,0,0,0,0,0,0,0,0,0,0,0,0,0,0,0,0,0,377,0,2362,143936,0,0,0,71751,0,0,0,34,10411,2740,0,0,0,0,217,0,0,0,0,6237,_history_tree_17_updates,3921,0,0,0,0,0,0,15136,12474,0,0,0,21373,0,0,0,0,0,2363,0,0,0,0,0,0,0
68,10018649925317144938,0,0,0,0,0,0,0,0,0,0,0,0,0,0,0,0,0,0,0,0,0,0,854,0,20,9053,0,0,0,9035,0,0,0,35,2411,13,0,0,0,0,18,0,0,0,0,2432,_history_tree_17_removes,2851,0,0,0,0,0,0,2452,2432,0,0,0,4884,0,0,0,0,0,20,0,0,0,0,0,0,0
68,10018649925317144938,0,0,0,0,0,0,0,0,0,0,0,0,0,0,0,0,0,0,0,0,0,0,337,0,2368,68026,0,0,0,67790,0,0,0,36,337,874,0,0,0,0,239,0,0,0,0,2702,_history_tree_18_updates,1944,0,0,0,0,0,0,5073,2702,0,0,0,7775,0,0,0,0,0,2368,0,0,0,0,0,0,0
68,10018649925317144938,0,0,0,0,0,0,0,0,0,0,0,0,0,0,0,0,0,0,0,0,0,0,1010,0,6,9316,0,0,0,9304,0,0,0,37,2492,2,0,0,0,0,12,0,0,0,0,2498,_history_tree_18_removes,2942,0,0,0,0,0,0,2504,2498,0,0,0,5002,0,0,0,0,0,6,0,0,0,0,0,0,0
68,10018649925317144938,0,0,0,0,0,0,0,0,0,0,0,0,0,0,0,0,0,0,0,0,0,0,330,0,2384,68017,0,0,0,67818,0,0,0,38,330,831,0,0,0,0,199,0,0,0,0,2650,_history_tree_19_updates,1993,0,0,0,0,0,0,5097,2650,0,0,0,7747,0,0,0,0,0,2383,0,0,0,0,0,0,0
68,10018649925317144938,0,0,0,0,0,0,0,0,0,0,0,0,0,0,0,0,0,0,0,0,0,0,993,0,5,9114,0,0,0,9096,0,0,0,39,2600,1,0,0,0,0,18,0,0,0,0,2605,_history_tree_19_removes,3030,0,0,0,0,0,0,2610,2605,0,0,0,5215,0,0,0,0,0,5,0,0,0,0,0,0,0
68,10018649925317144938,48888,0,0,0,0,0,44707,0,0,0,0,0,0,0,0,0,0,0,0,0,0,0,0,0,1,291945,0,0,0,95679,0,0,0,40,0,0,0,0,0,0,2128,0,0,93602,0,0,warehouse,0,0,0,0,0,0,0,1,0,0,0,0,1,193821,0,0,193817,1,0,0,0,0,93600,0,0,0
68,10018649925317144938,0,0,0,0,0,0,0,0,0,0,0,0,0,0,0,0,0,0,0,0,0,0,0,0,0,0,0,0,0,0,0,0,0,41,0,0,0,0,0,0,0,0,0,0,0,0,_warehouse_graveyard,0,0,0,0,0,0,0,0,0,0,0,0,0,0,0,0,0,0,0,0,0,0,0,0,0,0
68,10018649925317144938,96181,0,0,0,0,0,94497,0,0,0,0,0,0,0,0,0,0,0,0,0,0,0,0,0,0,296406,0,0,0,192871,0,0,0,42,0,0,0,0,0,0,1049,0,0,190690,0,0,district,0,0,0,0,0,0,0,0,0,0,0,0,0,102437,0,0,102437,0,0,0,0,0,190693,0,0,0
68,10018649925317144938,0,0,0,0,0,0,0,0,0,0,0,0,0,0,0,0,0,0,0,0,0,0,0,0,0,0,0,0,0,0,0,0,0,43,0,0,0,0,0,0,0,0,0,0,0,0,_district_graveyard,0,0,0,0,0,0,0,0,0,0,0,0,0,0,0,0,0,0,0,0,0,0,0,0,0,0
68,10018649925317144938,62852,0,0,0,0,0,59834,0,0,0,0,0,0,0,0,0,0,0,0,0,0,0,0,0,0,787079,0,0,0,122701,0,0,0,44,0,0,0,0,0,0,4,0,0,122684,0,0,customer,0,0,0,0,0,0,0,0,0,0,0,0,0,139644,0,0,139644,0,0,0,0,0,122686,0,0,0
68,10018649925317144938,0,0,0,0,0,0,0,0,0,0,0,0,0,0,0,0,0,0,0,0,0,0,0,0,0,0,0,0,0,0,0,0,0,45,0,0,0,0,0,0,0,0,0,0,0,0,_customer_graveyard,0,0,0,0,0,0,0,0,0,0,0,0,0,0,0,0,0,0,0,0,0,0,0,0,0,0
68,10018649925317144938,0,0,0,0,0,0,0,0,0,0,0,0,0,0,0,0,0,0,0,0,0,0,0,0,0,182404,0,0,0,0,0,0,0,46,0,0,0,0,0,0,60799,0,0,0,0,0,customerwdl,0,0,0,0,0,0,0,0,0,0,0,60795,0,60794,0,0,60794,0,0,0,0,0,0,0,0,0
68,10018649925317144938,0,0,0,0,0,0,0,0,0,0,0,0,0,0,0,0,0,0,0,0,0,0,0,0,0,0,0,0,0,0,0,0,0,47,0,0,0,0,0,0,0,0,0,0,0,0,_customerwdl_graveyard,0,0,0,0,0,0,0,0,0,0,0,0,0,0,0,0,0,0,0,0,0,0,0,0,0,0
68,10018649925317144938,0,0,0,0,0,0,0,0,0,0,0,0,0,0,0,0,0,0,0,0,0,0,0,0,2205,117762,0,0,0,39254,0,0,0,48,0,0,0,0,0,0,0,0,0,0,0,0,history,0,0,0,0,0,0,0,2231,0,0,0,0,2231,0,0,0,0,0,0,0,0,0,0,0,0,0
68,10018649925317144938,0,0,0,0,0,0,0,0,0,0,0,0,0,0,0,0,0,0,0,0,0,0,0,0,0,0,0,0,0,0,0,0,0,49,0,0,0,0,0,0,0,0,0,0,0,0,_history_graveyard,0,0,0,0,0,0,0,0,0,0,0,0,0,0,0,0,0,0,0,0,0,0,0,0,0,0
68,10018649925317144938,42873,85630,0,85630,0,0,42758,0,0,0,0,0,0,0,0,0,0,0,0,0,0,0,53836,0,2058,1155257,0,0,0,271808,0,12148,0,50,21,0,0,0,0,0,113264,0,0,0,0,0,neworder,93302,12148,0,0,0,0,0,3888,8,0,0,85932,3889,98080,0,0,98079,0,1805,0,0,0,0,0,0,0
68,10018649925317144938,0,0,0,0,0,0,0,0,0,0,0,0,0,0,0,0,0,0,0,0,0,0,0,0,0,0,0,0,0,0,0,0,0,51,0,0,0,0,0,0,0,0,0,0,0,0,_neworder_graveyard,0,0,0,0,0,0,0,0,0,0,0,0,0,0,0,0,0,0,0,0,0,0,0,0,0,0
68,10018649925317144938,43410,0,0,0,0,0,42223,0,0,0,0,0,0,0,0,0,0,0,0,0,0,0,0,0,4277,831714,0,0,0,188099,0,0,0,52,0,0,0,0,0,0,0,0,0,85635,0,0,order,0,0,0,0,0,0,0,4279,0,0,0,0,4279,89137,0,0,89136,0,0,0,0,0,85634,0,0,0
68,10018649925317144938,0,0,0,0,0,0,0,0,0,0,0,0,0,0,0,0,0,0,0,0,0,0,0,0,0,0,0,0,0,0,0,0,0,53,0,0,0,0,0,0,0,0,0,0,0,0,_order_graveyard,0,0,0,0,0,0,0,0,0,0,0,0,0,0,0,0,0,0,0,0,0,0,0,0,0,0
68,10018649925317144938,0,0,0,0,0,0,0,0,0,0,0,0,0,0,0,0,3503,0,0,0,0,0,0,0,1432,309324,0,0,0,99605,0,0,0,54,0,0,0,0,0,0,3503,0,0,0,0,0,order_wdc,0,0,0,0,0,0,0,1433,0,0,0,0,1433,3504,0,0,3504,0,0,0,0,0,0,0,0,0
68,10018649925317144938,0,0,0,0,0,0,0,0,0,0,0,0,0,0,0,0,0,0,0,0,0,0,0,0,0,0,0,0,0,0,0,0,0,55,0,0,0,0,0,0,0,0,0,0,0,0,_order_wdc_graveyard,0,0,0,0,0,0,0,0,0,0,0,0,0,0,0,0,0,0,0,0,0,0,0,0,0,0
68,10018649925317144938,433425,0,0,0,0,0,423522,0,0,0,0,0,0,0,0,0,0,0,0,0,0,0,99198,0,58309,7622701,0,0,0,1893250,0,1204,0,56,0,0,0,0,0,0,12423,0,0,856960,0,0,orderline,1802887,1204,0,0,0,0,0,59098,0,0,0,12333,59100,1815265,0,0,1815273,0,0,0,0,0,856954,0,0,0
68,10018649925317144938,0,0,0,0,0,0,0,0,0,0,0,0,0,0,0,0,0,0,0,0,0,0,0,0,0,0,0,0,0,0,0,0,0,57,0,0,0,0,0,0,0,0,0,0,0,0,_orderline_graveyard,0,0,0,0,0,0,0,0,0,0,0,0,0,0,0,0,0,0,0,0,0,0,0,0,0,0
68,10018649925317144938,0,0,0,0,0,0,0,0,0,0,0,0,0,0,0,0,0,0,0,0,0,0,0,0,0,1955534,0,0,0,0,0,0,0,58,0,0,0,0,0,0,0,0,0,0,0,0,item,0,0,0,0,0,0,0,0,0,0,0,0,0,977774,0,0,977773,0,0,0,0,0,0,0,0,0
69,10018649925317144938,0,0,0,0,0,0,0,0,0,0,0,0,0,0,0,0,0,0,0,0,0,0,0,0,0,0,0,0,0,0,0,0,0,61,0,0,0,0,0,0,0,0,0,0,0,0,_stock_graveyard,0,0,0,0,0,0,0,0,0,0,0,0,0,0,0,0,0,0,0,0,0,0,0,0,0,0
69,10018649925317144938,503561,0,0,0,0,0,491769,0,0,0,0,0,0,0,0,0,0,0,0,0,0,0,0,0,0,15156569,0,0,0,996534,0,0,0,60,0,0,0,0,0,0,1046,0,0,995359,0,0,stock,0,0,0,0,0,0,0,0,0,0,0,0,0,2791516,0,0,2791505,0,0,0,0,0,995382,0,0,0
69,10018649925317144938,0,0,0,0,0,0,0,0,0,0,0,0,0,0,0,0,0,0,0,0,0,0,0,0,0,0,0,0,0,0,0,0,0,59,0,0,0,0,0,0,0,0,0,0,0,0,_item_graveyard,0,0,0,0,0,0,0,0,0,0,0,0,0,0,0,0,0,0,0,0,0,0,0,0,0,0
69,10018649925317144938,0,0,0,0,0,0,0,0,0,0,0,0,0,0,0,0,0,0,0,0,0,0,318,0,2386,68766,0,0,0,68580,0,0,0,28,318,816,0,0,0,0,190,0,0,0,0,2688,_history_tree_14_updates,2019,0,0,0,0,0,0,5090,2688,0,0,0,7778,0,0,0,0,0,2386,0,0,0,0,0,0,0
69,10018649925317144938,0,0,0,0,0,0,0,0,0,0,0,0,0,0,0,0,0,0,0,0,0,0,1049,0,5,9411,0,0,0,9399,0,0,0,27,2547,2,0,0,0,0,12,0,0,0,0,2552,_history_tree_13_removes,3019,0,0,0,0,0,0,2557,2552,0,0,0,5109,0,0,0,0,0,5,0,0,0,0,0,0,0
69,10018649925317144938,0,0,0,0,0,0,0,0,0,0,0,0,0,0,0,0,0,0,0,0,0,0,342,0,2392,68722,0,0,0,68505,0,0,0,26,342,882,0,0,0,0,217,0,0,0,0,2700,_history_tree_13_updates,1988,0,0,0,0,0,0,5126,2700,0,0,0,7826,0,0,0,0,0,2392,0,0,0,0,0,0,0
69,10018649925317144938,0,0,0,0,0,0,0,0,0,0,0,0,0,0,0,0,0,0,0,0,0,0,989,0,4,9008,0,0,0,8990,0,0,0,25,2658,2,0,0,0,0,18,0,0,0,0,2662,_history_tree_12_removes,3099,0,0,0,0,0,0,2666,2662,0,0,0,5328,0,0,0,0,0,4,0,0,0,0,0,0,0
69,10018649925317144938,0,0,0,0,0,0,0,0,0,0,0,0,0,0,0,0,0,0,0,0,0,0,292,0,2359,67272,0,0,0,67097,0,0,0,24,292,791,0,0,0,0,175,0,0,0,0,2628,_history_tree_12_updates,1976,0,0,0,0,0,0,5010,2628,0,0,0,7638,0,0,0,0,0,2359,0,0,0,0,0,0,0
69,10018649925317144938,0,0,0,0,0,0,0,0,0,0,0,0,0,0,0,0,0,0,0,0,0,0,1053,0,7,9606,0,0,0,9588,0,0,0,23,2644,3,0,0,0,0,18,0,0,0,0,2651,_history_tree_11_removes,3103,0,0,0,0,0,0,2658,2651,0,0,0,5309,0,0,0,0,0,7,0,0,0,0,0,0,0
69,10018649925317144938,0,0,0,0,0,0,0,0,0,0,0,0,0,0,0,0,0,0,0,0,0,0,309,0,2389,68773,0,0,0,68588,0,0,0,22,309,812,0,0,0,0,185,0,0,0,0,2696,_history_tree_11_updates,2010,0,0,0,0,0,0,5086,2695,0,0,0,7781,0,0,0,0,0,2388,0,0,0,0,0,0,0
69,10018649925317144938,0,0,0,0,0,0,0,0,0,0,0,0,0,0,0,0,0,0,0,0,0,0,1057,0,5,9534,0,0,0,9509,0,0,0,21,2545,1,0,0,0,0,25,0,0,0,0,2550,_history_tree_10_removes,3028,0,0,0,0,0,0,2555,2550,0,0,0,5105,0,0,0,0,0,5,0,0,0,0,0,0,0
69,10018649925317144938,0,0,0,0,0,0,0,0,0,0,0,0,0,0,0,0,0,0,0,0,0,0,339,0,2389,68829,0,0,0,68662,0,0,0,20,339,851,0,0,0,0,167,0,0,0,0,2724,_history_tree_10_updates,2013,0,0,0,0,0,0,5117,2724,0,0,0,7841,0,0,0,0,0,2389,0,0,0,0,0,0,0
69,10018649925317144938,0,0,0,0,0,0,0,0,0,0,0,0,0,0,0,0,0,0,0,0,0,0,1031,0,5,9295,0,0,0,9276,0,0,0,19,2640,3,0,0,0,0,19,0,0,0,0,2646,_history_tree_9_removes,3095,0,0,0,0,0,0,2651,2646,0,0,0,5297,0,0,0,0,0,5,0,0,0,0,0,0,0
69,10018649925317144938,0,0,0,0,0,0,0,0,0,0,0,0,0,0,0,0,0,0,0,0,0,0,348,0,2392,68617,0,0,0,68341,0,0,0,18,348,834,0,0,0,0,274,0,0,0,0,2715,_history_tree_9_updates,2027,0,0,0,0,0,0,5132,2715,0,0,0,7847,0,0,0,0,0,2393,0,0,0,0,0,0,0
69,10018649925317144938,0,0,0,0,0,0,0,0,0,0,0,0,0,0,0,0,0,0,0,0,0,0,980,0,5,9138,0,0,0,9122,0,0,0,17,2693,2,0,0,0,0,16,0,0,0,0,2698,_history_tree_8_removes,3144,0,0,0,0,0,0,2703,2698,0,0,0,5401,0,0,0,0,0,5,0,0,0,0,0,0,0
69,10018649925317144938,0,0,0,0,0,0,0,0,0,0,0,0,0,0,0,0,0,0,0,0,0,0,375,0,2360,67408,0,0,0,67163,0,0,0,16,375,769,0,0,0,0,242,0,0,0,0,2730,_history_tree_8_updates,2089,0,0,0,0,0,0,5094,2730,0,0,0,7824,0,0,0,0,0,2359,0,0,0,0,0,0,0
69,10018649925317144938,0,0,0,0,0,0,0,0,0,0,0,0,0,0,0,0,0,0,0,0,0,0,1078,0,3,9240,0,0,0,9231,0,0,0,15,2578,1,0,0,0,0,9,0,0,0,0,2581,_history_tree_7_removes,3066,0,0,0,0,0,0,2584,2581,0,0,0,5165,0,0,0,0,0,3,0,0,0,0,0,0,0
69,10018649925317144938,0,0,0,0,0,0,0,0,0,0,0,0,0,0,0,0,0,0,0,0,0,0,323,0,2366,67735,0,0,0,67541,0,0,0,14,323,805,0,0,0,0,196,0,0,0,0,2676,_history_tree_7_updates,2023,0,0,0,0,0,0,5056,2676,0,0,0,7732,0,0,0,0,0,2367,0,0,0,0,0,0,0
69,10018649925317144938,0,0,0,0,0,0,0,0,0,0,0,0,0,0,0,0,0,0,0,0,0,0,982,0,11,9608,0,0,0,9591,0,0,0,13,2577,7,0,0,0,0,17,0,0,0,0,2588,_history_tree_6_removes,3008,0,0,0,0,0,0,2599,2588,0,0,0,5187,0,0,0,0,0,11,0,0,0,0,0,0,0
69,10018649925317144938,0,0,0,0,0,0,0,0,0,0,0,0,0,22369994,22926996,0,0,0,0,0,0,0,373,0,2373,67713,0,0,0,67506,0,0,0,0,373,812,0,0,0,0,208,0,0,0,0,2728,_history_tree_0_updates,2077,0,1500298,0,0,0,0,5120,2728,0,0,0,7849,0,0,0,0,0,2374,0,0,0,0,709614,0,0
69,10018649925317144938,0,0,0,0,0,0,0,0,0,0,0,0,0,0,0,0,0,0,0,0,0,0,954,0,6,8989,0,0,0,8975,0,0,0,1,2674,1,0,0,0,0,14,0,0,0,0,2680,_history_tree_0_removes,3131,0,0,0,0,0,0,2686,2680,0,0,0,5366,0,0,0,0,0,6,0,0,0,0,0,0,0
69,10018649925317144938,0,0,0,0,0,0,0,0,0,0,0,0,0,0,0,0,0,0,0,0,0,0,340,0,2389,68558,0,0,0,68348,0,0,0,2,340,848,0,0,0,0,208,0,0,0,0,2713,_history_tree_1_updates,1992,0,0,0,0,0,0,5117,2713,0,0,0,7830,0,0,0,0,0,2388,0,0,0,0,0,0,0
69,10018649925317144938,0,0,0,0,0,0,0,0,0,0,0,0,0,0,0,0,0,0,0,0,0,0,1001,0,7,9460,0,0,0,9445,0,0,0,3,2583,3,0,0,0,0,15,0,0,0,0,2590,_history_tree_1_removes,3034,0,0,0,0,0,0,2597,2590,0,0,0,5187,0,0,0,0,0,7,0,0,0,0,0,0,0
69,10018649925317144938,0,0,0,0,0,0,0,0,0,0,0,0,0,0,0,0,0,0,0,0,0,0,342,0,2390,68296,0,0,0,68073,0,0,0,4,342,822,0,0,0,0,221,0,0,0,0,2708,_history_tree_2_updates,2030,0,0,0,0,0,0,5122,2708,0,0,0,7830,0,0,0,0,0,2391,0,0,0,0,0,0,0
69,10018649925317144938,0,0,0,0,0,0,0,0,0,0,0,0,0,0,0,0,0,0,0,0,0,0,948,0,8,9200,0,0,0,9184,0,0,0,5,2621,3,0,0,0,0,16,0,0,0,0,2629,_history_tree_2_removes,3069,0,0,0,0,0,0,2637,2629,0,0,0,5266,0,0,0,0,0,8,0,0,0,0,0,0,0
69,10018649925317144938,0,0,0,0,0,0,0,0,0,0,0,0,0,0,0,0,0,0,0,0,0,0,352,0,2415,69220,0,0,0,69013,0,0,0,6,352,863,0,0,0,0,207,0,0,0,0,2706,_history_tree_3_updates,2032,0,0,0,0,0,0,5186,2708,0,0,0,7894,0,0,0,0,0,2419,0,0,0,0,0,0,0
69,10018649925317144938,0,0,0,0,0,0,0,0,0,0,0,0,0,0,0,0,0,0,0,0,0,0,1002,0,9,9386,0,0,0,9377,0,0,0,7,2615,4,0,0,0,0,9,0,0,0,0,2624,_history_tree_3_removes,3073,0,0,0,0,0,0,2633,2624,0,0,0,5257,0,0,0,0,0,9,0,0,0,0,0,0,0
69,10018649925317144938,0,0,0,0,0,0,0,0,0,0,0,0,0,0,0,0,0,0,0,0,0,0,318,0,2353,67350,0,0,0,67109,0,0,0,8,318,777,0,0,0,0,242,0,0,0,0,2662,_history_tree_4_updates,2034,0,0,0,0,0,0,5023,2662,0,0,0,7685,0,0,0,0,0,2352,0,0,0,0,0,0,0
69,10018649925317144938,0,0,0,0,0,0,0,0,0,0,0,0,0,0,0,0,0,0,0,0,0,0,965,0,6,9095,0,0,0,9077,0,0,0,9,2666,2,0,0,0,0,18,0,0,0,0,2672,_history_tree_4_removes,3135,0,0,0,0,0,0,2678,2672,0,0,0,5350,0,0,0,0,0,6,0,0,0,0,0,0,0
69,10018649925317144938,0,0,0,0,0,0,0,0,0,0,0,0,0,0,0,0,0,0,0,0,0,0,329,0,2347,66989,0,0,0,66788,0,0,0,10,329,779,0,0,0,0,199,0,0,0,0,2674,_history_tree_5_updates,2036,0,0,0,0,0,0,5024,2674,0,0,0,7698,0,0,0,0,0,2348,0,0,0,0,0,0,0
69,10018649925317144938,0,0,0,0,0,0,0,0,0,0,0,0,0,0,0,0,0,0,0,0,0,0,969,0,4,8985,0,0,0,8969,0,0,0,11,2626,2,0,0,0,0,16,0,0,0,0,2630,_history_tree_5_removes,3073,0,0,0,0,0,0,2634,2630,0,0,0,5264,0,0,0,0,0,4,0,0,0,0,0,0,0
69,10018649925317144938,0,0,0,0,0,0,0,0,0,0,0,0,0,0,0,0,0,0,0,0,0,0,360,0,2423,69754,0,0,0,69540,0,0,0,12,360,885,0,0,0,0,214,0,0,0,0,2676,_history_tree_6_updates,2009,0,0,0,0,0,0,5207,2676,0,0,0,7883,0,0,0,0,0,2424,0,0,0,0,0,0,0
69,10018649925317144938,0,0,0,0,0,0,0,0,0,0,0,0,0,0,0,0,0,0,0,0,0,0,1087,0,6,9581,0,0,0,9563,0,0,0,29,2612,2,0,0,0,0,18,0,0,0,0,2618,_history_tree_14_removes,3083,0,0,0,0,0,0,2624,2618,0,0,0,5242,0,0,0,0,0,6,0,0,0,0,0,0,0
69,10018649925317144938,0,0,0,0,0,0,0,0,0,0,0,0,0,0,0,0,0,0,0,0,0,0,373,0,2380,68336,0,0,0,68133,0,0,0,30,374,867,0,0,0,0,201,0,0,0,0,2712,_history_tree_15_updates,2026,0,0,0,0,0,0,5133,2712,0,0,0,7845,0,0,0,0,0,2379,0,0,0,0,0,0,0
69,10018649925317144938,0,0,0,0,0,0,0,0,0,0,0,0,0,0,0,0,0,0,0,0,0,0,938,0,9,9293,0,0,0,9281,0,0,0,31,2535,2,0,0,0,0,12,0,0,0,0,2544,_history_tree_15_removes,2987,0,0,0,0,0,0,2553,2544,0,0,0,5097,0,0,0,0,0,9,0,0,0,0,0,0,0
69,10018649925317144938,0,0,0,0,0,0,0,0,0,0,0,0,0,0,0,0,0,0,0,0,0,0,366,0,2419,69564,0,0,0,69344,0,0,0,32,366,875,0,0,0,0,222,0,0,0,0,2773,_history_tree_16_updates,2042,0,0,0,0,0,0,5205,2773,0,0,0,7978,0,0,0,0,0,2419,0,0,0,0,0,0,0
69,10018649925317144938,0,0,0,0,0,0,0,0,0,0,0,0,0,0,0,0,0,0,0,0,0,0,1055,0,8,9650,0,0,0,9636,0,0,0,33,2601,3,0,0,0,0,14,0,0,0,0,2609,_history_tree_16_removes,3078,0,0,0,0,0,0,2617,2609,0,0,0,5226,0,0,0,0,0,8,0,0,0,0,0,0,0
69,10018649925317144938,0,0,0,0,0,0,0,0,0,0,0,0,0,0,0,0,0,0,0,0,0,0,381,0,2375,145578,0,0,0,72588,0,0,0,34,10667,2756,0,0,0,0,201,0,0,0,0,6397,_history_tree_17_updates,4007,0,0,0,0,0,0,15417,12794,0,0,0,21814,0,0,0,0,0,2375,0,0,0,0,0,0,0
69,10018649925317144938,0,0,0,0,0,0,0,0,0,0,0,0,0,0,0,0,0,0,0,0,0,0,882,0,19,9329,0,0,0,9316,0,0,0,35,2477,12,0,0,0,0,13,0,0,0,0,2495,_history_tree_17_removes,2918,0,0,0,0,0,0,2515,2496,0,0,0,5011,0,0,0,0,0,19,0,0,0,0,0,0,0
69,10018649925317144938,0,0,0,0,0,0,0,0,0,0,0,0,0,0,0,0,0,0,0,0,0,0,331,0,2355,67559,0,0,0,67380,0,0,0,36,331,806,0,0,0,0,178,0,0,0,0,2686,_history_tree_18_updates,1993,0,0,0,0,0,0,5042,2686,0,0,0,7728,0,0,0,0,0,2355,0,0,0,0,0,0,0
69,10018649925317144938,0,0,0,0,0,0,0,0,0,0,0,0,0,0,0,0,0,0,0,0,0,0,1020,0,6,9212,0,0,0,9201,0,0,0,37,2593,2,0,0,0,0,11,0,0,0,0,2599,_history_tree_18_removes,3035,0,0,0,0,0,0,2605,2599,0,0,0,5204,0,0,0,0,0,6,0,0,0,0,0,0,0
69,10018649925317144938,0,0,0,0,0,0,0,0,0,0,0,0,0,0,0,0,0,0,0,0,0,0,330,0,2305,65639,0,0,0,65386,0,0,0,38,330,710,0,0,0,0,254,0,0,0,0,2630,_history_tree_19_updates,2044,0,0,0,0,0,0,4941,2630,0,0,0,7571,0,0,0,0,0,2306,0,0,0,0,0,0,0
69,10018649925317144938,0,0,0,0,0,0,0,0,0,0,0,0,0,0,0,0,0,0,0,0,0,0,925,0,2,8585,0,0,0,8575,0,0,0,39,2682,0,0,0,0,0,10,0,0,0,0,2684,_history_tree_19_removes,3114,0,0,0,0,0,0,2687,2685,0,0,0,5372,0,0,0,0,0,2,0,0,0,0,0,0,0
69,10018649925317144938,49204,0,0,0,0,0,45533,0,0,0,0,0,0,0,0,0,0,0,0,0,0,0,0,0,0,295705,0,0,0,96770,0,0,0,40,0,0,0,0,0,0,2152,0,0,94725,0,0,warehouse,0,0,0,0,0,0,0,0,0,0,0,0,0,196477,0,0,196476,0,0,0,0,0,94730,0,0,0
69,10018649925317144938,0,0,0,0,0,0,0,0,0,0,0,0,0,0,0,0,0,0,0,0,0,0,0,0,0,0,0,0,0,0,0,0,0,41,0,0,0,0,0,0,0,0,0,0,0,0,_warehouse_graveyard,0,0,0,0,0,0,0,0,0,0,0,0,0,0,0,0,0,0,0,0,0,0,0,0,0,0
69,10018649925317144938,97850,0,0,0,0,0,95480,0,0,0,0,0,0,0,0,0,0,0,0,0,0,0,0,0,0,300330,0,0,0,195561,0,0,0,42,0,0,0,0,0,0,998,0,0,193333,0,0,district,0,0,0,0,0,0,0,0,0,0,0,0,0,103716,0,0,103716,0,0,0,0,0,193341,0,0,0
69,10018649925317144938,0,0,0,0,0,0,0,0,0,0,0,0,0,0,0,0,0,0,0,0,0,0,0,0,0,0,0,0,0,0,0,0,0,43,0,0,0,0,0,0,0,0,0,0,0,0,_district_graveyard,0,0,0,0,0,0,0,0,0,0,0,0,0,0,0,0,0,0,0,0,0,0,0,0,0,0
69,10018649925317144938,63280,0,0,0,0,0,60430,0,0,0,0,0,0,0,0,0,0,0,0,0,0,0,0,0,0,796739,0,0,0,123729,0,0,0,44,0,0,0,0,0,0,4,0,0,123716,0,0,customer,0,0,0,0,0,0,0,0,0,0,0,0,0,141853,0,0,141854,0,0,0,0,0,123713,0,0,0
69,10018649925317144938,0,0,0,0,0,0,0,0,0,0,0,0,0,0,0,0,0,0,0,0,0,0,0,0,0,0,0,0,0,0,0,0,0,45,0,0,0,0,0,0,0,0,0,0,0,0,_customer_graveyard,0,0,0,0,0,0,0,0,0,0,0,0,0,0,0,0,0,0,0,0,0,0,0,0,0,0
69,10018649925317144938,0,0,0,0,0,0,0,0,0,0,0,0,0,0,0,0,0,0,0,0,0,0,0,0,0,184889,0,0,0,0,0,0,0,46,0,0,0,0,0,0,61631,0,0,0,0,0,customerwdl,0,0,0,0,0,0,0,0,0,0,0,61633,0,61633,0,0,61633,0,0,0,0,0,0,0,0,0
69,10018649925317144938,0,0,0,0,0,0,0,0,0,0,0,0,0,0,0,0,0,0,0,0,0,0,0,0,0,0,0,0,0,0,0,0,0,47,0,0,0,0,0,0,0,0,0,0,0,0,_customerwdl_graveyard,0,0,0,0,0,0,0,0,0,0,0,0,0,0,0,0,0,0,0,0,0,0,0,0,0,0
69,10018649925317144938,0,0,0,0,0,0,0,0,0,0,0,0,0,0,0,0,0,0,0,0,0,0,0,0,2239,119640,0,0,0,39880,0,0,0,48,0,0,0,0,0,0,0,0,0,0,0,0,history,0,0,0,0,0,0,0,2263,0,0,0,0,2263,0,0,0,0,0,0,0,0,0,0,0,0,0
69,10018649925317144938,0,0,0,0,0,0,0,0,0,0,0,0,0,0,0,0,0,0,0,0,0,0,0,0,0,0,0,0,0,0,0,0,0,49,0,0,0,0,0,0,0,0,0,0,0,0,_history_graveyard,0,0,0,0,0,0,0,0,0,0,0,0,0,0,0,0,0,0,0,0,0,0,0,0,0,0
69,10018649925317144938,43083,86050,0,86050,0,0,42993,0,0,0,0,0,0,0,0,0,0,0,0,0,0,0,53367,0,2096,1164885,0,0,0,274275,0,11171,0,50,40,0,0,0,0,0,114013,0,0,0,0,0,neworder,92164,11172,0,0,0,0,0,3940,4,0,0,86382,3940,97554,0,0,97556,0,1802,0,0,0,0,0,0,0
69,10018649925317144938,0,0,0,0,0,0,0,0,0,0,0,0,0,0,0,0,0,0,0,0,0,0,0,0,0,0,0,0,0,0,0,0,0,51,0,0,0,0,0,0,0,0,0,0,0,0,_neworder_graveyard,0,0,0,0,0,0,0,0,0,0,0,0,0,0,0,0,0,0,0,0,0,0,0,0,0,0
69,10018649925317144938,43715,0,0,0,0,0,42364,0,0,0,0,0,0,0,0,0,0,0,0,0,0,0,0,0,4348,839352,0,0,0,190172,0,0,0,52,0,0,0,0,0,0,0,0,0,86077,0,0,order,0,0,0,0,0,0,0,4351,0,0,0,0,4351,89610,0,0,89610,0,0,0,0,0,86077,0,0,0
69,10018649925317144938,0,0,0,0,0,0,0,0,0,0,0,0,0,0,0,0,0,0,0,0,0,0,0,0,0,0,0,0,0,0,0,0,0,53,0,0,0,0,0,0,0,0,0,0,0,0,_order_graveyard,0,0,0,0,0,0,0,0,0,0,0,0,0,0,0,0,0,0,0,0,0,0,0,0,0,0
69,10018649925317144938,0,0,0,0,0,0,0,0,0,0,0,0,0,0,0,0,3535,0,0,0,0,0,0,0,1367,313905,0,0,0,101101,0,0,0,54,0,0,0,0,0,0,3535,0,0,0,0,0,order_wdc,0,0,0,0,0,0,0,1369,0,0,0,0,1369,3535,0,0,3535,0,0,0,0,0,0,0,0,0
69,10018649925317144938,0,0,0,0,0,0,0,0,0,0,0,0,0,0,0,0,0,0,0,0,0,0,0,0,0,0,0,0,0,0,0,0,0,55,0,0,0,0,0,0,0,0,0,0,0,0,_order_wdc_graveyard,0,0,0,0,0,0,0,0,0,0,0,0,0,0,0,0,0,0,0,0,0,0,0,0,0,0
69,10018649925317144938,435442,0,0,0,0,0,425472,0,0,0,0,0,0,0,0,0,0,0,0,0,0,0,100863,0,59293,7709027,0,0,0,1914663,0,874,0,56,0,0,0,0,0,0,12580,0,0,860908,0,0,orderline,1834080,874,0,0,0,0,0,60092,0,0,0,12519,60091,1846547,0,0,1846512,0,0,0,0,0,860911,0,0,0
69,10018649925317144938,0,0,0,0,0,0,0,0,0,0,0,0,0,0,0,0,0,0,0,0,0,0,0,0,0,0,0,0,0,0,0,0,0,57,0,0,0,0,0,0,0,0,0,0,0,0,_orderline_graveyard,0,0,0,0,0,0,0,0,0,0,0,0,0,0,0,0,0,0,0,0,0,0,0,0,0,0
69,10018649925317144938,0,0,0,0,0,0,0,0,0,0,0,0,0,0,0,0,0,0,0,0,0,0,0,0,0,1988866,0,0,0,0,0,0,0,58,0,0,0,0,0,0,0,0,0,0,0,0,item,0,0,0,0,0,0,0,0,0,0,0,0,0,994488,0,0,994494,0,0,0,0,0,0,0,0,0
70,10018649925317144938,0,0,0,0,0,0,0,0,0,0,0,0,0,0,0,0,0,0,0,0,0,0,0,0,0,0,0,0,0,0,0,0,0,61,0,0,0,0,0,0,0,0,0,0,0,0,_stock_graveyard,0,0,0,0,0,0,0,0,0,0,0,0,0,0,0,0,0,0,0,0,0,0,0,0,0,0
70,10018649925317144938,494254,0,0,0,0,0,482655,0,0,0,0,0,0,0,0,0,0,0,0,0,0,0,0,0,0,14932911,0,0,0,977734,0,0,0,60,0,0,0,0,0,0,1031,0,0,976866,0,0,stock,0,0,0,0,0,0,0,0,0,0,0,0,0,2754478,0,0,2754481,0,0,0,0,0,976850,0,0,0
70,10018649925317144938,0,0,0,0,0,0,0,0,0,0,0,0,0,0,0,0,0,0,0,0,0,0,0,0,0,0,0,0,0,0,0,0,0,59,0,0,0,0,0,0,0,0,0,0,0,0,_item_graveyard,0,0,0,0,0,0,0,0,0,0,0,0,0,0,0,0,0,0,0,0,0,0,0,0,0,0
70,10018649925317144938,0,0,0,0,0,0,0,0,0,0,0,0,0,0,0,0,0,0,0,0,0,0,334,0,2355,67898,0,0,0,67660,0,0,0,28,334,801,0,0,0,0,232,0,0,0,0,2684,_history_tree_14_updates,2001,0,0,0,0,0,0,5044,2685,0,0,0,7729,0,0,0,0,0,2355,0,0,0,0,0,0,0
70,10018649925317144938,0,0,0,0,0,0,0,0,0,0,0,0,0,0,0,0,0,0,0,0,0,0,1016,0,6,9239,0,0,0,9229,0,0,0,27,2590,3,0,0,0,0,10,0,0,0,0,2597,_history_tree_13_removes,3044,0,0,0,0,0,0,2603,2597,0,0,0,5200,0,0,0,0,0,6,0,0,0,0,0,0,0
70,10018649925317144938,0,0,0,0,0,0,0,0,0,0,0,0,0,0,0,0,0,0,0,0,0,0,334,0,2353,67454,0,0,0,67249,0,0,0,26,334,814,0,0,0,0,199,0,0,0,0,2654,_history_tree_13_updates,1988,0,0,0,0,0,0,5039,2654,0,0,0,7693,0,0,0,0,0,2352,0,0,0,0,0,0,0
70,10018649925317144938,0,0,0,0,0,0,0,0,0,0,0,0,0,0,0,0,0,0,0,0,0,0,1027,0,5,9307,0,0,0,9287,0,0,0,25,2516,2,0,0,0,0,20,0,0,0,0,2521,_history_tree_12_removes,2952,0,0,0,0,0,0,2526,2521,0,0,0,5047,0,0,0,0,0,5,0,0,0,0,0,0,0
70,10018649925317144938,0,0,0,0,0,0,0,0,0,0,0,0,0,0,0,0,0,0,0,0,0,0,344,0,2358,67652,0,0,0,67471,0,0,0,24,344,862,0,0,0,0,180,0,0,0,0,2690,_history_tree_12_updates,1953,0,0,0,0,0,0,5060,2690,0,0,0,7750,0,0,0,0,0,2358,0,0,0,0,0,0,0
70,10018649925317144938,0,0,0,0,0,0,0,0,0,0,0,0,0,0,0,0,0,0,0,0,0,0,1066,0,7,9218,0,0,0,9199,0,0,0,23,2540,2,0,0,0,0,19,0,0,0,0,2547,_history_tree_11_removes,3004,0,0,0,0,0,0,2554,2547,0,0,0,5101,0,0,0,0,0,7,0,0,0,0,0,0,0
70,10018649925317144938,0,0,0,0,0,0,0,0,0,0,0,0,0,0,0,0,0,0,0,0,0,0,330,0,2339,67185,0,0,0,66980,0,0,0,22,330,835,0,0,0,0,203,0,0,0,0,2654,_history_tree_11_updates,1963,0,0,0,0,0,0,5008,2654,0,0,0,7662,0,0,0,0,0,2338,0,0,0,0,0,0,0
70,10018649925317144938,0,0,0,0,0,0,0,0,0,0,0,0,0,0,0,0,0,0,0,0,0,0,991,0,5,9091,0,0,0,9080,0,0,0,21,2638,1,0,0,0,0,11,0,0,0,0,2643,_history_tree_10_removes,3092,0,0,0,0,0,0,2648,2643,0,0,0,5291,0,0,0,0,0,5,0,0,0,0,0,0,0
70,10018649925317144938,0,0,0,0,0,0,0,0,0,0,0,0,0,0,0,0,0,0,0,0,0,0,328,0,2347,67166,0,0,0,66958,0,0,0,20,328,772,0,0,0,0,207,0,0,0,0,2669,_history_tree_10_updates,2033,0,0,0,0,0,0,5021,2669,0,0,0,7690,0,0,0,0,0,2346,0,0,0,0,0,0,0
70,10018649925317144938,0,0,0,0,0,0,0,0,0,0,0,0,0,0,0,0,0,0,0,0,0,0,1018,0,5,9267,0,0,0,9253,0,0,0,19,2617,2,0,0,0,0,14,0,0,0,0,2621,_history_tree_9_removes,3071,0,0,0,0,0,0,2626,2621,0,0,0,5247,0,0,0,0,0,5,0,0,0,0,0,0,0
70,10018649925317144938,0,0,0,0,0,0,0,0,0,0,0,0,0,0,0,0,0,0,0,0,0,0,325,0,2347,67397,0,0,0,67197,0,0,0,18,325,788,0,0,0,0,200,0,0,0,0,2647,_history_tree_9_updates,2012,0,0,0,0,0,0,5020,2647,0,0,0,7667,0,0,0,0,0,2348,0,0,0,0,0,0,0
70,10018649925317144938,0,0,0,0,0,0,0,0,0,0,0,0,0,0,0,0,0,0,0,0,0,0,989,0,5,9068,0,0,0,9058,0,0,0,17,2589,1,0,0,0,0,10,0,0,0,0,2594,_history_tree_8_removes,2990,0,0,0,0,0,0,2599,2594,0,0,0,5193,0,0,0,0,0,5,0,0,0,0,0,0,0
70,10018649925317144938,0,0,0,0,0,0,0,0,0,0,0,0,0,0,0,0,0,0,0,0,0,0,322,0,2331,66813,0,0,0,66629,0,0,0,16,322,796,0,0,0,0,184,0,0,0,0,2648,_history_tree_8_updates,1962,0,0,0,0,0,0,4987,2648,0,0,0,7635,0,0,0,0,0,2334,0,0,0,0,0,0,0
70,10018649925317144938,0,0,0,0,0,0,0,0,0,0,0,0,0,0,0,0,0,0,0,0,0,0,1016,0,6,9296,0,0,0,9287,0,0,0,15,2553,1,0,0,0,0,9,0,0,0,0,2559,_history_tree_7_removes,3004,0,0,0,0,0,0,2565,2559,0,0,0,5124,0,0,0,0,0,6,0,0,0,0,0,0,0
70,10018649925317144938,0,0,0,0,0,0,0,0,0,0,0,0,0,0,0,0,0,0,0,0,0,0,350,0,2371,67995,0,0,0,67787,0,0,0,14,350,863,0,0,0,0,207,0,0,0,0,2700,_history_tree_7_updates,1988,0,0,0,0,0,0,5092,2700,0,0,0,7792,0,0,0,0,0,2370,0,0,0,0,0,0,0
70,10018649925317144938,0,0,0,0,0,0,0,0,0,0,0,0,0,0,0,0,0,0,0,0,0,0,1025,0,9,9317,0,0,0,9305,0,0,0,13,2600,5,0,0,0,0,12,0,0,0,0,2609,_history_tree_6_removes,3052,0,0,0,0,0,0,2618,2609,0,0,0,5227,0,0,0,0,0,9,0,0,0,0,0,0,0
70,10018649925317144938,0,0,0,0,0,0,0,0,0,0,0,0,0,22063872,22620820,0,0,0,0,0,0,0,354,0,2335,67029,0,0,0,66827,0,0,0,0,354,842,0,0,0,0,203,0,0,0,0,2643,_history_tree_0_updates,1957,0,1482966,0,0,0,0,5026,2645,0,0,0,7670,0,0,0,0,0,2335,0,0,0,0,700770,0,0
70,10018649925317144938,0,0,0,0,0,0,0,0,0,0,0,0,0,0,0,0,0,0,0,0,0,0,992,0,7,9162,0,0,0,9149,0,0,0,1,2540,3,0,0,0,0,13,0,0,0,0,2547,_history_tree_0_removes,2984,0,0,0,0,0,0,2554,2547,0,0,0,5101,0,0,0,0,0,7,0,0,0,0,0,0,0
70,10018649925317144938,0,0,0,0,0,0,0,0,0,0,0,0,0,0,0,0,0,0,0,0,0,0,302,0,2370,68324,0,0,0,68094,0,0,0,2,302,832,0,0,0,0,230,0,0,0,0,2672,_history_tree_1_updates,1962,0,0,0,0,0,0,5043,2672,0,0,0,7715,0,0,0,0,0,2371,0,0,0,0,0,0,0
70,10018649925317144938,0,0,0,0,0,0,0,0,0,0,0,0,0,0,0,0,0,0,0,0,0,0,1087,0,5,9593,0,0,0,9577,0,0,0,3,2619,1,0,0,0,0,16,0,0,0,0,2625,_history_tree_1_removes,3061,0,0,0,0,0,0,2630,2625,0,0,0,5255,0,0,0,0,0,5,0,0,0,0,0,0,0
70,10018649925317144938,0,0,0,0,0,0,0,0,0,0,0,0,0,0,0,0,0,0,0,0,0,0,367,0,2316,66123,0,0,0,65912,0,0,0,4,367,745,0,0,0,0,212,0,0,0,0,2683,_history_tree_2_updates,2066,0,0,0,0,0,0,4999,2683,0,0,0,7682,0,0,0,0,0,2316,0,0,0,0,0,0,0
70,10018649925317144938,0,0,0,0,0,0,0,0,0,0,0,0,0,0,0,0,0,0,0,0,0,0,978,0,5,8789,0,0,0,8780,0,0,0,5,2680,1,0,0,0,0,9,0,0,0,0,2685,_history_tree_2_removes,3120,0,0,0,0,0,0,2690,2685,0,0,0,5375,0,0,0,0,0,5,0,0,0,0,0,0,0
70,10018649925317144938,0,0,0,0,0,0,0,0,0,0,0,0,0,0,0,0,0,0,0,0,0,0,353,0,2327,67014,0,0,0,66844,0,0,0,6,353,778,0,0,0,0,170,0,0,0,0,2652,_history_tree_3_updates,2022,0,0,0,0,0,0,5006,2650,0,0,0,7656,0,0,0,0,0,2326,0,0,0,0,0,0,0
70,10018649925317144938,0,0,0,0,0,0,0,0,0,0,0,0,0,0,0,0,0,0,0,0,0,0,1017,0,4,9356,0,0,0,9337,0,0,0,7,2577,1,0,0,0,0,19,0,0,0,0,2582,_history_tree_3_removes,3004,0,0,0,0,0,0,2586,2582,0,0,0,5168,0,0,0,0,0,4,0,0,0,0,0,0,0
70,10018649925317144938,0,0,0,0,0,0,0,0,0,0,0,0,0,0,0,0,0,0,0,0,0,0,364,0,2342,67234,0,0,0,67017,0,0,0,8,364,819,0,0,0,0,215,0,0,0,0,2701,_history_tree_4_updates,2019,0,0,0,0,0,0,5047,2701,0,0,0,7748,0,0,0,0,0,2342,0,0,0,0,0,0,0
70,10018649925317144938,0,0,0,0,0,0,0,0,0,0,0,0,0,0,0,0,0,0,0,0,0,0,988,0,6,9174,0,0,0,9164,0,0,0,9,2568,2,0,0,0,0,10,0,0,0,0,2574,_history_tree_4_removes,3027,0,0,0,0,0,0,2580,2574,0,0,0,5154,0,0,0,0,0,6,0,0,0,0,0,0,0
70,10018649925317144938,0,0,0,0,0,0,0,0,0,0,0,0,0,0,0,0,0,0,0,0,0,0,342,0,2371,68174,0,0,0,67955,0,0,0,10,342,843,0,0,0,0,219,0,0,0,0,2700,_history_tree_5_updates,1993,0,0,0,0,0,0,5082,2700,0,0,0,7782,0,0,0,0,0,2369,0,0,0,0,0,0,0
70,10018649925317144938,0,0,0,0,0,0,0,0,0,0,0,0,0,0,0,0,0,0,0,0,0,0,1023,0,6,9420,0,0,0,9406,0,0,0,11,2550,2,0,0,0,0,14,0,0,0,0,2557,_history_tree_5_removes,2996,0,0,0,0,0,0,2563,2557,0,0,0,5120,0,0,0,0,0,6,0,0,0,0,0,0,0
70,10018649925317144938,0,0,0,0,0,0,0,0,0,0,0,0,0,0,0,0,0,0,0,0,0,0,320,0,2336,67272,0,0,0,67087,0,0,0,12,320,798,0,0,0,0,183,0,0,0,0,2583,_history_tree_6_updates,1973,0,0,0,0,0,0,4992,2583,0,0,0,7575,0,0,0,0,0,2336,0,0,0,0,0,0,0
70,10018649925317144938,0,0,0,0,0,0,0,0,0,0,0,0,0,0,0,0,0,0,0,0,0,0,1030,0,4,9430,0,0,0,9410,0,0,0,29,2604,2,0,0,0,0,20,0,0,0,0,2608,_history_tree_14_removes,3062,0,0,0,0,0,0,2612,2608,0,0,0,5220,0,0,0,0,0,4,0,0,0,0,0,0,0
70,10018649925317144938,0,0,0,0,0,0,0,0,0,0,0,0,0,0,0,0,0,0,0,0,0,0,375,0,2321,65727,0,0,0,65521,0,0,0,30,375,807,0,0,0,0,205,0,0,0,0,2662,_history_tree_15_updates,2028,0,0,0,0,0,0,5016,2662,0,0,0,7678,0,0,0,0,0,2320,0,0,0,0,0,0,0
70,10018649925317144938,0,0,0,0,0,0,0,0,0,0,0,0,0,0,0,0,0,0,0,0,0,0,879,0,7,8542,0,0,0,8528,0,0,0,31,2624,2,0,0,0,0,14,0,0,0,0,2631,_history_tree_15_removes,3067,0,0,0,0,0,0,2638,2631,0,0,0,5271,0,0,0,0,0,7,0,0,0,0,0,0,0
70,10018649925317144938,0,0,0,0,0,0,0,0,0,0,0,0,0,0,0,0,0,0,0,0,0,0,364,0,2330,66771,0,0,0,66567,0,0,0,32,364,815,0,0,0,0,201,0,0,0,0,2677,_history_tree_16_updates,1974,0,0,0,0,0,0,5021,2677,0,0,0,7703,0,0,0,0,0,2330,0,0,0,0,0,0,0
70,10018649925317144938,0,0,0,0,0,0,0,0,0,0,0,0,0,0,0,0,0,0,0,0,0,0,990,0,6,9084,0,0,0,9066,0,0,0,33,2535,1,0,0,0,0,18,0,0,0,0,2541,_history_tree_16_removes,2954,0,0,0,0,0,0,2547,2541,0,0,0,5088,0,0,0,0,0,6,0,0,0,0,0,0,0
70,10018649925317144938,0,0,0,0,0,0,0,0,0,0,0,0,0,0,0,0,0,0,0,0,0,0,331,0,2375,144760,0,0,0,72192,0,0,0,34,10315,2705,0,0,0,0,187,0,0,0,0,6204,_history_tree_17_updates,3910,0,0,0,0,0,0,15064,12408,0,0,0,21268,0,0,0,0,0,2374,0,0,0,0,0,0,0
70,10018649925317144938,0,0,0,0,0,0,0,0,0,0,0,0,0,0,0,0,0,0,0,0,0,0,890,0,17,9161,0,0,0,9149,0,0,0,35,2407,11,0,0,0,0,12,0,0,0,0,2424,_history_tree_17_removes,2851,0,0,0,0,0,0,2440,2423,0,0,0,4863,0,0,0,0,0,17,0,0,0,0,0,0,0
70,10018649925317144938,0,0,0,0,0,0,0,0,0,0,0,0,0,0,0,0,0,0,0,0,0,0,356,0,2367,67864,0,0,0,67669,0,0,0,36,357,883,0,0,0,0,193,0,0,0,0,2694,_history_tree_18_updates,1991,0,0,0,0,0,0,5090,2694,0,0,0,7784,0,0,0,0,0,2367,0,0,0,0,0,0,0
70,10018649925317144938,0,0,0,0,0,0,0,0,0,0,0,0,0,0,0,0,0,0,0,0,0,0,1019,0,6,9310,0,0,0,9296,0,0,0,37,2536,2,0,0,0,0,14,0,0,0,0,2543,_history_tree_18_removes,3011,0,0,0,0,0,0,2549,2543,0,0,0,5092,0,0,0,0,0,6,0,0,0,0,0,0,0
70,10018649925317144938,0,0,0,0,0,0,0,0,0,0,0,0,0,0,0,0,0,0,0,0,0,0,315,0,2401,69179,0,0,0,68998,0,0,0,38,315,861,0,0,0,0,179,0,0,0,0,2633,_history_tree_19_updates,1979,0,0,0,0,0,0,5115,2633,0,0,0,7748,0,0,0,0,0,2399,0,0,0,0,0,0,0
70,10018649925317144938,0,0,0,0,0,0,0,0,0,0,0,0,0,0,0,0,0,0,0,0,0,0,1003,0,11,9588,0,0,0,9573,0,0,0,39,2537,8,0,0,0,0,15,0,0,0,0,2548,_history_tree_19_removes,2987,0,0,0,0,0,0,2558,2547,0,0,0,5105,0,0,0,0,0,11,0,0,0,0,0,0,0
70,10018649925317144938,49040,0,0,0,0,0,44797,0,0,0,0,0,0,0,0,0,0,0,0,0,0,0,0,0,0,291955,0,0,0,95729,0,0,0,40,0,0,0,0,0,0,2075,0,0,93852,0,0,warehouse,0,0,0,0,0,0,0,0,0,0,0,0,0,193878,0,0,193880,0,0,0,0,0,93852,0,0,0
70,10018649925317144938,0,0,0,0,0,0,0,0,0,0,0,0,0,0,0,0,0,0,0,0,0,0,0,0,0,0,0,0,0,0,0,0,0,41,0,0,0,0,0,0,0,0,0,0,0,0,_warehouse_graveyard,0,0,0,0,0,0,0,0,0,0,0,0,0,0,0,0,0,0,0,0,0,0,0,0,0,0
70,10018649925317144938,96163,0,0,0,0,0,94700,0,0,0,0,0,0,0,0,0,0,0,0,0,0,0,0,0,0,296649,0,0,0,192965,0,0,0,42,0,0,0,0,0,0,902,0,0,190857,0,0,district,0,0,0,0,0,0,0,0,0,0,0,0,0,102722,0,0,102722,0,0,0,0,0,190842,0,0,0
70,10018649925317144938,0,0,0,0,0,0,0,0,0,0,0,0,0,0,0,0,0,0,0,0,0,0,0,0,0,0,0,0,0,0,0,0,0,43,0,0,0,0,0,0,0,0,0,0,0,0,_district_graveyard,0,0,0,0,0,0,0,0,0,0,0,0,0,0,0,0,0,0,0,0,0,0,0,0,0,0
70,10018649925317144938,63158,0,0,0,0,0,60143,0,0,0,0,0,0,0,0,0,0,0,0,0,0,0,0,0,0,789271,0,0,0,123301,0,0,0,44,0,0,0,0,0,0,4,0,0,123300,0,0,customer,0,0,0,0,0,0,0,0,0,0,0,0,0,139787,0,0,139787,0,0,0,0,0,123304,0,0,0
70,10018649925317144938,0,0,0,0,0,0,0,0,0,0,0,0,0,0,0,0,0,0,0,0,0,0,0,0,0,0,0,0,0,0,0,0,0,45,0,0,0,0,0,0,0,0,0,0,0,0,_customer_graveyard,0,0,0,0,0,0,0,0,0,0,0,0,0,0,0,0,0,0,0,0,0,0,0,0,0,0
70,10018649925317144938,0,0,0,0,0,0,0,0,0,0,0,0,0,0,0,0,0,0,0,0,0,0,0,0,0,182802,0,0,0,0,0,0,0,46,0,0,0,0,0,0,60935,0,0,0,0,0,customerwdl,0,0,0,0,0,0,0,0,0,0,0,60931,0,60931,0,0,60931,0,0,0,0,0,0,0,0,0
70,10018649925317144938,0,0,0,0,0,0,0,0,0,0,0,0,0,0,0,0,0,0,0,0,0,0,0,0,0,0,0,0,0,0,0,0,0,47,0,0,0,0,0,0,0,0,0,0,0,0,_customerwdl_graveyard,0,0,0,0,0,0,0,0,0,0,0,0,0,0,0,0,0,0,0,0,0,0,0,0,0,0
70,10018649925317144938,0,0,0,0,0,0,0,0,0,0,0,0,0,0,0,0,0,0,0,0,0,0,0,0,2220,118737,0,0,0,39580,0,0,0,48,0,0,0,0,0,0,0,0,0,0,0,0,history,0,0,0,0,0,0,0,2247,0,0,0,0,2247,0,0,0,0,0,0,0,0,0,0,0,0,0
70,10018649925317144938,0,0,0,0,0,0,0,0,0,0,0,0,0,0,0,0,0,0,0,0,0,0,0,0,0,0,0,0,0,0,0,0,0,49,0,0,0,0,0,0,0,0,0,0,0,0,_history_graveyard,0,0,0,0,0,0,0,0,0,0,0,0,0,0,0,0,0,0,0,0,0,0,0,0,0,0
70,10018649925317144938,43029,85900,0,85900,0,0,42941,0,0,0,0,0,0,0,0,0,0,0,0,0,0,0,53139,0,2057,1158728,0,0,0,272224,0,11021,0,50,26,0,0,0,0,0,114014,0,0,0,0,0,neworder,91903,11021,0,0,0,0,0,3867,0,1,0,86259,3869,97283,0,0,97282,0,1781,0,0,0,0,0,0,0
70,10018649925317144938,0,0,0,0,0,0,0,0,0,0,0,0,0,0,0,0,0,0,0,0,0,0,0,0,0,0,0,0,0,0,0,0,0,51,0,0,0,0,0,0,0,0,0,0,0,0,_neworder_graveyard,0,0,0,0,0,0,0,0,0,0,0,0,0,0,0,0,0,0,0,0,0,0,0,0,0,0
70,10018649925317144938,43526,0,0,0,0,0,42464,0,0,0,0,0,0,0,0,0,0,0,0,0,0,0,0,0,4252,832994,0,0,0,188213,0,0,0,52,0,0,0,0,0,0,0,0,0,85991,0,0,order,0,0,0,0,0,0,0,4254,0,0,0,0,4254,89451,0,0,89451,0,0,0,0,0,85988,0,0,0
70,10018649925317144938,0,0,0,0,0,0,0,0,0,0,0,0,0,0,0,0,0,0,0,0,0,0,0,0,0,0,0,0,0,0,0,0,0,53,0,0,0,0,0,0,0,0,0,0,0,0,_order_graveyard,0,0,0,0,0,0,0,0,0,0,0,0,0,0,0,0,0,0,0,0,0,0,0,0,0,0
70,10018649925317144938,0,0,0,0,0,0,0,0,0,0,0,0,0,0,0,0,3462,0,0,0,0,0,0,0,1443,308613,0,0,0,99409,0,0,0,54,0,0,0,0,0,0,3463,0,0,0,0,0,order_wdc,0,0,0,0,0,0,0,1444,0,0,0,0,1444,3463,0,0,3463,0,0,0,0,0,0,0,0,0
70,10018649925317144938,0,0,0,0,0,0,0,0,0,0,0,0,0,0,0,0,0,0,0,0,0,0,0,0,0,0,0,0,0,0,0,0,0,55,0,0,0,0,0,0,0,0,0,0,0,0,_order_wdc_graveyard,0,0,0,0,0,0,0,0,0,0,0,0,0,0,0,0,0,0,0,0,0,0,0,0,0,0
70,10018649925317144938,434956,0,0,0,0,0,424840,0,0,0,0,0,0,0,0,0,0,0,0,0,0,0,99733,0,58236,7627213,0,0,0,1894395,0,835,0,56,0,0,0,0,0,0,12414,0,0,859763,0,0,orderline,1811569,835,0,0,0,0,0,59049,0,0,0,12342,59049,1823861,0,0,1823861,0,0,0,0,0,859744,0,0,0
70,10018649925317144938,0,0,0,0,0,0,0,0,0,0,0,0,0,0,0,0,0,0,0,0,0,0,0,0,0,0,0,0,0,0,0,0,0,57,0,0,0,0,0,0,0,0,0,0,0,0,_orderline_graveyard,0,0,0,0,0,0,0,0,0,0,0,0,0,0,0,0,0,0,0,0,0,0,0,0,0,0
70,10018649925317144938,0,0,0,0,0,0,0,0,0,0,0,0,0,0,0,0,0,0,0,0,0,0,0,0,0,1952654,0,0,0,0,0,0,0,58,0,0,0,0,0,0,0,0,0,0,0,0,item,0,0,0,0,0,0,0,0,0,0,0,0,0,976329,0,0,976321,0,0,0,0,0,0,0,0,0
71,10018649925317144938,0,0,0,0,0,0,0,0,0,0,0,0,0,0,0,0,0,0,0,0,0,0,0,0,0,0,0,0,0,0,0,0,0,61,0,0,0,0,0,0,0,0,0,0,0,0,_stock_graveyard,0,0,0,0,0,0,0,0,0,0,0,0,0,0,0,0,0,0,0,0,0,0,0,0,0,0
71,10018649925317144938,503878,0,0,0,0,0,491852,0,0,0,0,0,0,0,0,0,0,0,0,0,0,0,0,0,0,15056042,0,0,0,996686,0,0,0,60,0,0,0,0,0,0,1066,0,0,995712,0,0,stock,0,0,0,0,0,0,0,0,0,0,0,0,0,2766252,0,0,2766248,0,0,0,0,0,995729,0,0,0
71,10018649925317144938,0,0,0,0,0,0,0,0,0,0,0,0,0,0,0,0,0,0,0,0,0,0,0,0,0,0,0,0,0,0,0,0,0,59,0,0,0,0,0,0,0,0,0,0,0,0,_item_graveyard,0,0,0,0,0,0,0,0,0,0,0,0,0,0,0,0,0,0,0,0,0,0,0,0,0,0
71,10018649925317144938,0,0,0,0,0,0,0,0,0,0,0,0,0,0,0,0,0,0,0,0,0,0,366,0,2380,68245,0,0,0,68045,0,0,0,28,366,880,0,0,0,0,200,0,0,0,0,2700,_history_tree_14_updates,1987,0,0,0,0,0,0,5128,2699,0,0,0,7827,0,0,0,0,0,2381,0,0,0,0,0,0,0
71,10018649925317144938,0,0,0,0,0,0,0,0,0,0,0,0,0,0,0,0,0,0,0,0,0,0,1074,0,6,9598,0,0,0,9582,0,0,0,27,2564,2,0,0,0,0,17,0,0,0,0,2569,_history_tree_13_removes,3048,0,0,0,0,0,0,2575,2569,0,0,0,5144,0,0,0,0,0,6,0,0,0,0,0,0,0
71,10018649925317144938,0,0,0,0,0,0,0,0,0,0,0,0,0,0,0,0,0,0,0,0,0,0,315,0,2386,68663,0,0,0,68486,0,0,0,26,315,880,0,0,0,0,177,0,0,0,0,2668,_history_tree_13_updates,1955,0,0,0,0,0,0,5088,2668,0,0,0,7757,0,0,0,0,0,2387,0,0,0,0,0,0,0
71,10018649925317144938,0,0,0,0,0,0,0,0,0,0,0,0,0,0,0,0,0,0,0,0,0,0,998,0,7,9442,0,0,0,9431,0,0,0,25,2603,4,0,0,0,0,11,0,0,0,0,2610,_history_tree_12_removes,3067,0,0,0,0,0,0,2617,2610,0,0,0,5227,0,0,0,0,0,7,0,0,0,0,0,0,0
71,10018649925317144938,0,0,0,0,0,0,0,0,0,0,0,0,0,0,0,0,0,0,0,0,0,0,317,0,2397,68674,0,0,0,68487,0,0,0,24,317,864,0,0,0,0,183,0,0,0,0,2673,_history_tree_12_updates,1972,0,0,0,0,0,0,5111,2673,0,0,0,7785,0,0,0,0,0,2398,0,0,0,0,0,0,0
71,10018649925317144938,0,0,0,0,0,0,0,0,0,0,0,0,0,0,0,0,0,0,0,0,0,0,991,0,12,9523,0,0,0,9507,0,0,0,23,2534,6,0,0,0,0,16,0,0,0,0,2546,_history_tree_11_removes,2966,0,0,0,0,0,0,2558,2546,0,0,0,5104,0,0,0,0,0,12,0,0,0,0,0,0,0
71,10018649925317144938,0,0,0,0,0,0,0,0,0,0,0,0,0,0,0,0,0,0,0,0,0,0,358,0,2421,69447,0,0,0,69234,0,0,0,22,358,906,0,0,0,0,214,0,0,0,0,2706,_history_tree_11_updates,1997,0,0,0,0,0,0,5201,2706,0,0,0,7907,0,0,0,0,0,2423,0,0,0,0,0,0,0
71,10018649925317144938,0,0,0,0,0,0,0,0,0,0,0,0,0,0,0,0,0,0,0,0,0,0,966,0,8,8974,0,0,0,8963,0,0,0,21,2576,3,0,0,0,0,11,0,0,0,0,2584,_history_tree_10_removes,3013,0,0,0,0,0,0,2592,2584,0,0,0,5176,0,0,0,0,0,8,0,0,0,0,0,0,0
71,10018649925317144938,0,0,0,0,0,0,0,0,0,0,0,0,0,0,0,0,0,0,0,0,0,0,363,0,2365,67464,0,0,0,67252,0,0,0,20,363,857,0,0,0,0,212,0,0,0,0,2705,_history_tree_10_updates,1979,0,0,0,0,0,0,5094,2705,0,0,0,7799,0,0,0,0,0,2366,0,0,0,0,0,0,0
71,10018649925317144938,0,0,0,0,0,0,0,0,0,0,0,0,0,0,0,0,0,0,0,0,0,0,935,0,7,8798,0,0,0,8781,0,0,0,19,2562,1,0,0,0,0,17,0,0,0,0,2569,_history_tree_9_removes,3004,0,0,0,0,0,0,2576,2569,0,0,0,5145,0,0,0,0,0,7,0,0,0,0,0,0,0
71,10018649925317144938,0,0,0,0,0,0,0,0,0,0,0,0,0,0,0,0,0,0,0,0,0,0,359,0,2356,66988,0,0,0,66767,0,0,0,18,359,849,0,0,0,0,219,0,0,0,0,2691,_history_tree_9_updates,1997,0,0,0,0,0,0,5071,2691,0,0,0,7762,0,0,0,0,0,2356,0,0,0,0,0,0,0
71,10018649925317144938,0,0,0,0,0,0,0,0,0,0,0,0,0,0,0,0,0,0,0,0,0,0,924,0,7,8744,0,0,0,8734,0,0,0,17,2660,3,0,0,0,0,10,0,0,0,0,2667,_history_tree_8_removes,3084,0,0,0,0,0,0,2675,2668,0,0,0,5343,0,0,0,0,0,7,0,0,0,0,0,0,0
71,10018649925317144938,0,0,0,0,0,0,0,0,0,0,0,0,0,0,0,0,0,0,0,0,0,0,343,0,2372,67289,0,0,0,67072,0,0,0,16,343,796,0,0,0,0,219,0,0,0,0,2673,_history_tree_8_updates,2030,0,0,0,0,0,0,5083,2673,0,0,0,7756,0,0,0,0,0,2368,0,0,0,0,0,0,0
71,10018649925317144938,0,0,0,0,0,0,0,0,0,0,0,0,0,0,0,0,0,0,0,0,0,0,1037,0,7,9336,0,0,0,9319,0,0,0,15,2595,3,0,0,0,0,17,0,0,0,0,2602,_history_tree_7_removes,3030,0,0,0,0,0,0,2609,2603,0,0,0,5213,0,0,0,0,0,7,0,0,0,0,0,0,0
71,10018649925317144938,0,0,0,0,0,0,0,0,0,0,0,0,0,0,0,0,0,0,0,0,0,0,299,0,2360,67758,0,0,0,67532,0,0,0,14,299,808,0,0,0,0,225,0,0,0,0,2630,_history_tree_7_updates,1948,0,0,0,0,0,0,5019,2630,0,0,0,7649,0,0,0,0,0,2361,0,0,0,0,0,0,0
71,10018649925317144938,0,0,0,0,0,0,0,0,0,0,0,0,0,0,0,0,0,0,0,0,0,0,962,0,10,9198,0,0,0,9186,0,0,0,13,2517,7,0,0,0,0,12,0,0,0,0,2527,_history_tree_6_removes,2960,0,0,0,0,0,0,2537,2527,0,0,0,5064,0,0,0,0,0,10,0,0,0,0,0,0,0
71,10018649925317144938,0,0,0,0,0,0,0,0,0,0,0,0,0,22355493,22898238,0,0,0,0,0,0,0,340,0,2398,68400,0,0,0,68198,0,0,0,0,340,879,0,0,0,0,201,0,0,0,0,2668,_history_tree_0_updates,1974,0,1503739,0,0,0,0,5135,2666,0,0,0,7801,0,0,0,0,0,2398,0,0,0,0,719296,0,0
71,10018649925317144938,0,0,0,0,0,0,0,0,0,0,0,0,0,0,0,0,0,0,0,0,0,0,929,0,10,9133,0,0,0,9120,0,0,0,1,2542,4,0,0,0,0,13,0,0,0,0,2552,_history_tree_0_removes,2982,0,0,0,0,0,0,2562,2552,0,0,0,5114,0,0,0,0,0,10,0,0,0,0,0,0,0
71,10018649925317144938,0,0,0,0,0,0,0,0,0,0,0,0,0,0,0,0,0,0,0,0,0,0,367,0,2374,67884,0,0,0,67656,0,0,0,2,367,857,0,0,0,0,228,0,0,0,0,2704,_history_tree_1_updates,2032,0,0,0,0,0,0,5113,2704,0,0,0,7817,0,0,0,0,0,2372,0,0,0,0,0,0,0
71,10018649925317144938,0,0,0,0,0,0,0,0,0,0,0,0,0,0,0,0,0,0,0,0,0,0,967,0,11,9138,0,0,0,9118,0,0,0,3,2597,5,0,0,0,0,20,0,0,0,0,2607,_history_tree_1_removes,3062,0,0,0,0,0,0,2618,2607,0,0,0,5225,0,0,0,0,0,11,0,0,0,0,0,0,0
71,10018649925317144938,0,0,0,0,0,0,0,0,0,0,0,0,0,0,0,0,0,0,0,0,0,0,321,0,2401,68832,0,0,0,68628,0,0,0,4,321,855,0,0,0,0,203,0,0,0,0,2689,_history_tree_2_updates,1970,0,0,0,0,0,0,5124,2689,0,0,0,7813,0,0,0,0,0,2402,0,0,0,0,0,0,0
71,10018649925317144938,0,0,0,0,0,0,0,0,0,0,0,0,0,0,0,0,0,0,0,0,0,0,1010,0,9,9393,0,0,0,9379,0,0,0,5,2574,3,0,0,0,0,14,0,0,0,0,2583,_history_tree_2_removes,2990,0,0,0,0,0,0,2592,2583,0,0,0,5175,0,0,0,0,0,9,0,0,0,0,0,0,0
71,10018649925317144938,0,0,0,0,0,0,0,0,0,0,0,0,0,0,0,0,0,0,0,0,0,0,357,0,2403,68922,0,0,0,68691,0,0,0,6,357,846,0,0,0,0,232,0,0,0,0,2701,_history_tree_3_updates,2039,0,0,0,0,0,0,5162,2701,0,0,0,7863,0,0,0,0,0,2402,0,0,0,0,0,0,0
71,10018649925317144938,0,0,0,0,0,0,0,0,0,0,0,0,0,0,0,0,0,0,0,0,0,0,1010,0,7,9444,0,0,0,9424,0,0,0,7,2639,4,0,0,0,0,20,0,0,0,0,2645,_history_tree_3_removes,3085,0,0,0,0,0,0,2652,2645,0,0,0,5297,0,0,0,0,0,7,0,0,0,0,0,0,0
71,10018649925317144938,0,0,0,0,0,0,0,0,0,0,0,0,0,0,0,0,0,0,0,0,0,0,356,0,2383,68284,0,0,0,68105,0,0,0,8,356,929,0,0,0,0,177,0,0,0,0,2692,_history_tree_4_updates,1967,0,0,0,0,0,0,5122,2692,0,0,0,7814,0,0,0,0,0,2383,0,0,0,0,0,0,0
71,10018649925317144938,0,0,0,0,0,0,0,0,0,0,0,0,0,0,0,0,0,0,0,0,0,0,980,0,9,9322,0,0,0,9313,0,0,0,9,2466,3,0,0,0,0,9,0,0,0,0,2475,_history_tree_4_removes,2959,0,0,0,0,0,0,2484,2475,0,0,0,4959,0,0,0,0,0,9,0,0,0,0,0,0,0
71,10018649925317144938,0,0,0,0,0,0,0,0,0,0,0,0,0,0,0,0,0,0,0,0,0,0,283,0,2377,68247,0,0,0,68022,0,0,0,10,283,785,0,0,0,0,223,0,0,0,0,2663,_history_tree_5_updates,1998,0,0,0,0,0,0,5041,2663,0,0,0,7704,0,0,0,0,0,2380,0,0,0,0,0,0,0
71,10018649925317144938,0,0,0,0,0,0,0,0,0,0,0,0,0,0,0,0,0,0,0,0,0,0,1012,0,6,9347,0,0,0,9332,0,0,0,11,2676,1,0,0,0,0,15,0,0,0,0,2681,_history_tree_5_removes,3116,0,0,0,0,0,0,2687,2681,0,0,0,5368,0,0,0,0,0,6,0,0,0,0,0,0,0
71,10018649925317144938,0,0,0,0,0,0,0,0,0,0,0,0,0,0,0,0,0,0,0,0,0,0,382,0,2398,68620,0,0,0,68408,0,0,0,12,382,941,0,0,0,0,210,0,0,0,0,2629,_history_tree_6_updates,1956,0,0,0,0,0,0,5179,2629,0,0,0,7808,0,0,0,0,0,2399,0,0,0,0,0,0,0
71,10018649925317144938,0,0,0,0,0,0,0,0,0,0,0,0,0,0,0,0,0,0,0,0,0,0,971,0,12,9273,0,0,0,9255,0,0,0,29,2534,7,0,0,0,0,18,0,0,0,0,2546,_history_tree_14_removes,2976,0,0,0,0,0,0,2558,2546,0,0,0,5104,0,0,0,0,0,12,0,0,0,0,0,0,0
71,10018649925317144938,0,0,0,0,0,0,0,0,0,0,0,0,0,0,0,0,0,0,0,0,0,0,300,0,2400,68932,0,0,0,68721,0,0,0,30,300,847,0,0,0,0,212,0,0,0,0,2675,_history_tree_15_updates,1972,0,0,0,0,0,0,5102,2675,0,0,0,7777,0,0,0,0,0,2401,0,0,0,0,0,0,0
71,10018649925317144938,0,0,0,0,0,0,0,0,0,0,0,0,0,0,0,0,0,0,0,0,0,0,1014,0,8,9481,0,0,0,9467,0,0,0,31,2610,2,0,0,0,0,14,0,0,0,0,2618,_history_tree_15_removes,3052,0,0,0,0,0,0,2626,2618,0,0,0,5242,0,0,0,0,0,8,0,0,0,0,0,0,0
71,10018649925317144938,0,0,0,0,0,0,0,0,0,0,0,0,0,0,0,0,0,0,0,0,0,0,328,0,2392,68701,0,0,0,68479,0,0,0,32,328,837,0,0,0,0,221,0,0,0,0,2717,_history_tree_16_updates,2019,0,0,0,0,0,0,5112,2717,0,0,0,7824,0,0,0,0,0,2390,0,0,0,0,0,0,0
71,10018649925317144938,0,0,0,0,0,0,0,0,0,0,0,0,0,0,0,0,0,0,0,0,0,0,1029,0,7,9379,0,0,0,9365,0,0,0,33,2593,2,0,0,0,0,14,0,0,0,0,2600,_history_tree_16_removes,3064,0,0,0,0,0,0,2607,2600,0,0,0,5207,0,0,0,0,0,7,0,0,0,0,0,0,0
71,10018649925317144938,0,0,0,0,0,0,0,0,0,0,0,0,0,0,0,0,0,0,0,0,0,0,330,0,2405,147648,0,0,0,73621,0,0,0,34,10333,2737,0,0,0,0,203,0,0,0,0,6225,_history_tree_17_updates,3904,0,0,0,0,0,0,15153,12458,0,0,0,21382,0,0,0,0,0,2407,0,0,0,0,0,0,0
71,10018649925317144938,0,0,0,0,0,0,0,0,0,0,0,0,0,0,0,0,0,0,0,0,0,0,905,0,22,9691,0,0,0,9684,0,0,0,35,2399,17,0,0,0,0,7,0,0,0,0,2421,_history_tree_17_removes,2835,0,0,0,0,0,0,2443,2421,0,0,0,4864,0,0,0,0,0,22,0,0,0,0,0,0,0
71,10018649925317144938,0,0,0,0,0,0,0,0,0,0,0,0,0,0,0,0,0,0,0,0,0,0,319,0,2345,66582,0,0,0,66365,0,0,0,36,319,816,0,0,0,0,216,0,0,0,0,2629,_history_tree_18_updates,1954,0,0,0,0,0,0,5009,2629,0,0,0,7638,0,0,0,0,0,2345,0,0,0,0,0,0,0
71,10018649925317144938,0,0,0,0,0,0,0,0,0,0,0,0,0,0,0,0,0,0,0,0,0,0,922,0,7,8672,0,0,0,8664,0,0,0,37,2552,3,0,0,0,0,8,0,0,0,0,2558,_history_tree_18_removes,2975,0,0,0,0,0,0,2565,2558,0,0,0,5123,0,0,0,0,0,7,0,0,0,0,0,0,0
71,10018649925317144938,0,0,0,0,0,0,0,0,0,0,0,0,0,0,0,0,0,0,0,0,0,0,310,0,2350,67671,0,0,0,67462,0,0,0,38,310,808,0,0,0,0,209,0,0,0,0,2618,_history_tree_19_updates,1972,0,0,0,0,0,0,5011,2618,0,0,0,7629,0,0,0,0,0,2351,0,0,0,0,0,0,0
71,10018649925317144938,0,0,0,0,0,0,0,0,0,0,0,0,0,0,0,0,0,0,0,0,0,0,1077,0,6,9508,0,0,0,9493,0,0,0,39,2637,4,0,0,0,0,16,0,0,0,0,2643,_history_tree_19_removes,3093,0,0,0,0,0,0,2649,2643,0,0,0,5292,0,0,0,0,0,6,0,0,0,0,0,0,0
71,10018649925317144938,49655,0,0,0,0,0,45764,0,0,0,0,0,0,0,0,0,0,0,0,0,0,0,0,0,0,297032,0,0,0,97395,0,0,0,40,0,0,0,0,0,0,2128,0,0,95415,0,0,warehouse,0,0,0,0,0,0,0,0,0,0,0,0,0,197202,0,0,197202,0,0,0,0,0,95414,0,0,0
71,10018649925317144938,0,0,0,0,0,0,0,0,0,0,0,0,0,0,0,0,0,0,0,0,0,0,0,0,0,0,0,0,0,0,0,0,0,41,0,0,0,0,0,0,0,0,0,0,0,0,_warehouse_graveyard,0,0,0,0,0,0,0,0,0,0,0,0,0,0,0,0,0,0,0,0,0,0,0,0,0,0
71,10018649925317144938,97961,0,0,0,0,0,96204,0,0,0,0,0,0,0,0,0,0,0,0,0,0,0,0,0,0,301604,0,0,0,196281,0,0,0,42,0,0,0,0,0,0,977,0,0,194158,0,0,district,0,0,0,0,0,0,0,0,0,0,0,0,0,104291,0,0,104292,0,0,0,0,0,194163,0,0,0
71,10018649925317144938,0,0,0,0,0,0,0,0,0,0,0,0,0,0,0,0,0,0,0,0,0,0,0,0,0,0,0,0,0,0,0,0,0,43,0,0,0,0,0,0,0,0,0,0,0,0,_district_graveyard,0,0,0,0,0,0,0,0,0,0,0,0,0,0,0,0,0,0,0,0,0,0,0,0,0,0
71,10018649925317144938,63619,0,0,0,0,0,60476,0,0,0,0,0,0,0,0,0,0,0,0,0,0,0,0,0,0,798063,0,0,0,124111,0,0,0,44,0,0,0,0,0,0,8,0,0,124096,0,0,customer,0,0,0,0,0,0,0,0,0,0,0,0,0,141901,0,0,141900,0,0,0,0,0,124099,0,0,0
71,10018649925317144938,0,0,0,0,0,0,0,0,0,0,0,0,0,0,0,0,0,0,0,0,0,0,0,0,0,0,0,0,0,0,0,0,0,45,0,0,0,0,0,0,0,0,0,0,0,0,_customer_graveyard,0,0,0,0,0,0,0,0,0,0,0,0,0,0,0,0,0,0,0,0,0,0,0,0,0,0
71,10018649925317144938,0,0,0,0,0,0,0,0,0,0,0,0,0,0,0,0,0,0,0,0,0,0,0,0,0,186873,0,0,0,0,0,0,0,46,0,0,0,0,0,0,62290,0,0,0,0,0,customerwdl,0,0,0,0,0,0,0,0,0,0,0,62292,0,62292,0,0,62292,0,0,0,0,0,0,0,0,0
71,10018649925317144938,0,0,0,0,0,0,0,0,0,0,0,0,0,0,0,0,0,0,0,0,0,0,0,0,0,0,0,0,0,0,0,0,0,47,0,0,0,0,0,0,0,0,0,0,0,0,_customerwdl_graveyard,0,0,0,0,0,0,0,0,0,0,0,0,0,0,0,0,0,0,0,0,0,0,0,0,0,0
71,10018649925317144938,0,0,0,0,0,0,0,0,0,0,0,0,0,0,0,0,0,0,0,0,0,0,0,0,2244,119811,0,0,0,39936,0,0,0,48,0,0,0,0,0,0,0,0,0,0,0,0,history,0,0,0,0,0,0,0,2272,0,0,0,0,2272,0,0,0,0,0,0,0,0,0,0,0,0,0
71,10018649925317144938,0,0,0,0,0,0,0,0,0,0,0,0,0,0,0,0,0,0,0,0,0,0,0,0,0,0,0,0,0,0,0,0,0,49,0,0,0,0,0,0,0,0,0,0,0,0,_history_graveyard,0,0,0,0,0,0,0,0,0,0,0,0,0,0,0,0,0,0,0,0,0,0,0,0,0,0
71,10018649925317144938,43272,86421,0,86424,0,0,43136,0,0,0,0,0,0,0,0,0,0,0,0,0,0,0,53780,0,2117,1168999,0,0,0,275051,0,14262,0,50,24,0,0,0,0,0,114600,0,0,0,0,0,neworder,95931,14261,0,0,0,0,0,3976,0,0,0,86677,3976,100935,0,0,100934,0,1832,0,0,0,0,0,0,0
71,10018649925317144938,0,0,0,0,0,0,0,0,0,0,0,0,0,0,0,0,0,0,0,0,0,0,0,0,0,0,0,0,0,0,0,0,0,51,0,0,0,0,0,0,0,0,0,0,0,0,_neworder_graveyard,0,0,0,0,0,0,0,0,0,0,0,0,0,0,0,0,0,0,0,0,0,0,0,0,0,0
71,10018649925317144938,43754,0,0,0,0,0,42622,0,0,0,0,0,0,0,0,0,0,0,0,0,0,0,0,0,4368,841374,0,0,0,190583,0,0,0,52,0,0,0,0,0,0,0,0,0,86372,0,0,order,0,0,0,0,0,0,0,4374,0,0,0,0,4374,89874,0,0,89875,0,0,0,0,0,86372,0,0,0
71,10018649925317144938,0,0,0,0,0,0,0,0,0,0,0,0,0,0,0,0,0,0,0,0,0,0,0,0,0,0,0,0,0,0,0,0,0,53,0,0,0,0,0,0,0,0,0,0,0,0,_order_graveyard,0,0,0,0,0,0,0,0,0,0,0,0,0,0,0,0,0,0,0,0,0,0,0,0,0,0
71,10018649925317144938,0,0,0,0,0,0,0,0,0,0,0,0,0,0,0,0,3501,0,0,0,0,0,0,0,1425,314301,0,0,0,101266,0,0,0,54,0,0,0,0,0,0,3501,0,0,0,0,0,order_wdc,0,0,0,0,0,0,0,1426,0,0,0,0,1426,3500,0,0,3500,0,0,0,0,0,0,0,0,0
71,10018649925317144938,0,0,0,0,0,0,0,0,0,0,0,0,0,0,0,0,0,0,0,0,0,0,0,0,0,0,0,0,0,0,0,0,0,55,0,0,0,0,0,0,0,0,0,0,0,0,_order_wdc_graveyard,0,0,0,0,0,0,0,0,0,0,0,0,0,0,0,0,0,0,0,0,0,0,0,0,0,0
71,10018649925317144938,437131,0,0,0,0,0,427159,0,0,0,0,0,0,0,0,0,0,0,0,0,0,0,99395,0,59336,7725834,0,0,0,1919007,0,955,0,56,0,0,0,0,0,0,12450,0,0,864320,0,0,orderline,1806199,955,0,0,0,0,0,60143,0,0,0,12373,60144,1818553,0,0,1818553,0,0,0,0,0,864335,0,0,0
71,10018649925317144938,0,0,0,0,0,0,0,0,0,0,0,0,0,0,0,0,0,0,0,0,0,0,0,0,0,0,0,0,0,0,0,0,0,57,0,0,0,0,0,0,0,0,0,0,0,0,_orderline_graveyard,0,0,0,0,0,0,0,0,0,0,0,0,0,0,0,0,0,0,0,0,0,0,0,0,0,0
71,10018649925317144938,0,0,0,0,0,0,0,0,0,0,0,0,0,0,0,0,0,0,0,0,0,0,0,0,0,1990549,0,0,0,0,0,0,0,58,0,0,0,0,0,0,0,0,0,0,0,0,item,0,0,0,0,0,0,0,0,0,0,0,0,0,995237,0,0,995240,0,0,0,0,0,0,0,0,0
72,10018649925317144938,0,0,0,0,0,0,0,0,0,0,0,0,0,0,0,0,0,0,0,0,0,0,0,0,0,0,0,0,0,0,0,0,0,61,0,0,0,0,0,0,0,0,0,0,0,0,_stock_graveyard,0,0,0,0,0,0,0,0,0,0,0,0,0,0,0,0,0,0,0,0,0,0,0,0,0,0
72,10018649925317144938,496457,0,0,0,0,0,483719,0,0,0,0,0,0,0,0,0,0,0,0,0,0,0,0,0,0,14862579,0,0,0,981265,0,0,0,60,0,0,0,0,0,0,1143,0,0,980200,0,0,stock,0,0,0,0,0,0,0,0,0,0,0,0,0,2733171,0,0,2733163,0,0,0,0,0,980208,0,0,0
72,10018649925317144938,0,0,0,0,0,0,0,0,0,0,0,0,0,0,0,0,0,0,0,0,0,0,0,0,0,0,0,0,0,0,0,0,0,59,0,0,0,0,0,0,0,0,0,0,0,0,_item_graveyard,0,0,0,0,0,0,0,0,0,0,0,0,0,0,0,0,0,0,0,0,0,0,0,0,0,0
72,10018649925317144938,0,0,0,0,0,0,0,0,0,0,0,0,0,0,0,0,0,0,0,0,0,0,306,0,2327,66412,0,0,0,66210,0,0,0,28,306,821,0,0,0,0,202,0,0,0,0,2606,_history_tree_14_updates,1949,0,0,0,0,0,0,4958,2606,0,0,0,7564,0,0,0,0,0,2326,0,0,0,0,0,0,0
72,10018649925317144938,0,0,0,0,0,0,0,0,0,0,0,0,0,0,0,0,0,0,0,0,0,0,1008,0,7,9496,0,0,0,9480,0,0,0,27,2555,3,0,0,0,0,15,0,0,0,0,2562,_history_tree_13_removes,3009,0,0,0,0,0,0,2569,2562,0,0,0,5131,0,0,0,0,0,7,0,0,0,0,0,0,0
72,10018649925317144938,0,0,0,0,0,0,0,0,0,0,0,0,0,0,0,0,0,0,0,0,0,0,365,0,2358,67948,0,0,0,67736,0,0,0,26,365,833,0,0,0,0,212,0,0,0,0,2713,_history_tree_13_updates,2017,0,0,0,0,0,0,5081,2713,0,0,0,7793,0,0,0,0,0,2358,0,0,0,0,0,0,0
72,10018649925317144938,0,0,0,0,0,0,0,0,0,0,0,0,0,0,0,0,0,0,0,0,0,0,978,0,8,9066,0,0,0,9052,0,0,0,25,2500,2,0,0,0,0,14,0,0,0,0,2508,_history_tree_12_removes,2968,0,0,0,0,0,0,2516,2508,0,0,0,5026,0,0,0,0,0,8,0,0,0,0,0,0,0
72,10018649925317144938,0,0,0,0,0,0,0,0,0,0,0,0,0,0,0,0,0,0,0,0,0,0,320,0,2334,66964,0,0,0,66748,0,0,0,24,320,839,0,0,0,0,215,0,0,0,0,2630,_history_tree_12_updates,1950,0,0,0,0,0,0,4989,2630,0,0,0,7618,0,0,0,0,0,2334,0,0,0,0,0,0,0
72,10018649925317144938,0,0,0,0,0,0,0,0,0,0,0,0,0,0,0,0,0,0,0,0,0,0,958,0,8,9122,0,0,0,9106,0,0,0,23,2552,4,0,0,0,0,16,0,0,0,0,2560,_history_tree_11_removes,2986,0,0,0,0,0,0,2568,2560,0,0,0,5128,0,0,0,0,0,8,0,0,0,0,0,0,0
72,10018649925317144938,0,0,0,0,0,0,0,0,0,0,0,0,0,0,0,0,0,0,0,0,0,0,319,0,2325,66693,0,0,0,66476,0,0,0,22,320,825,0,0,0,0,215,0,0,0,0,2615,_history_tree_11_updates,1940,0,0,0,0,0,0,4971,2615,0,0,0,7586,0,0,0,0,0,2326,0,0,0,0,0,0,0
72,10018649925317144938,0,0,0,0,0,0,0,0,0,0,0,0,0,0,0,0,0,0,0,0,0,0,975,0,7,9104,0,0,0,9088,0,0,0,21,2528,1,0,0,0,0,16,0,0,0,0,2535,_history_tree_10_removes,2960,0,0,0,0,0,0,2542,2535,0,0,0,5077,0,0,0,0,0,7,0,0,0,0,0,0,0
72,10018649925317144938,0,0,0,0,0,0,0,0,0,0,0,0,0,0,0,0,0,0,0,0,0,0,365,0,2346,67252,0,0,0,67040,0,0,0,20,365,856,0,0,0,0,211,0,0,0,0,2696,_history_tree_10_updates,1966,0,0,0,0,0,0,5058,2696,0,0,0,7754,0,0,0,0,0,2346,0,0,0,0,0,0,0
72,10018649925317144938,0,0,0,0,0,0,0,0,0,0,0,0,0,0,0,0,0,0,0,0,0,0,973,0,7,9152,0,0,0,9142,0,0,0,19,2568,3,0,0,0,0,10,0,0,0,0,2575,_history_tree_9_removes,3009,0,0,0,0,0,0,2583,2576,0,0,0,5159,0,0,0,0,0,7,0,0,0,0,0,0,0
72,10018649925317144938,0,0,0,0,0,0,0,0,0,0,0,0,0,0,0,0,0,0,0,0,0,0,333,0,2358,67599,0,0,0,67391,0,0,0,18,333,840,0,0,0,0,202,0,0,0,0,2662,_history_tree_9_updates,1947,0,0,0,0,0,0,5048,2662,0,0,0,7710,0,0,0,0,0,2357,0,0,0,0,0,0,0
72,10018649925317144938,0,0,0,0,0,0,0,0,0,0,0,0,0,0,0,0,0,0,0,0,0,0,1058,0,4,9371,0,0,0,9352,0,0,0,17,2613,0,0,0,0,0,19,0,0,0,0,2617,_history_tree_8_removes,3072,0,0,0,0,0,0,2620,2616,0,0,0,5236,0,0,0,0,0,4,0,0,0,0,0,0,0
72,10018649925317144938,0,0,0,0,0,0,0,0,0,0,0,0,0,0,0,0,0,0,0,0,0,0,279,0,2346,67587,0,0,0,67360,0,0,0,16,279,783,0,0,0,0,224,0,0,0,0,2625,_history_tree_8_updates,1959,0,0,0,0,0,0,4972,2625,0,0,0,7597,0,0,0,0,0,2347,0,0,0,0,0,0,0
72,10018649925317144938,0,0,0,0,0,0,0,0,0,0,0,0,0,0,0,0,0,0,0,0,0,0,1002,0,8,9261,0,0,0,9243,0,0,0,15,2527,1,0,0,0,0,19,0,0,0,0,2535,_history_tree_7_removes,2976,0,0,0,0,0,0,2543,2534,0,0,0,5076,0,0,0,0,0,8,0,0,0,0,0,0,0
72,10018649925317144938,0,0,0,0,0,0,0,0,0,0,0,0,0,0,0,0,0,0,0,0,0,0,335,0,2374,68007,0,0,0,67797,0,0,0,14,335,864,0,0,0,0,210,0,0,0,0,2693,_history_tree_7_updates,1966,0,0,0,0,0,0,5084,2693,0,0,0,7777,0,0,0,0,0,2375,0,0,0,0,0,0,0
72,10018649925317144938,0,0,0,0,0,0,0,0,0,0,0,0,0,0,0,0,0,0,0,0,0,0,983,0,6,9160,0,0,0,9139,0,0,0,13,2591,3,0,0,0,0,21,0,0,0,0,2597,_history_tree_6_removes,3051,0,0,0,0,0,0,2603,2597,0,0,0,5200,0,0,0,0,0,6,0,0,0,0,0,0,0
72,10018649925317144938,0,0,0,0,0,0,0,0,0,0,0,0,0,22030421,22553985,0,0,0,0,0,0,0,384,0,2317,66222,0,0,0,65981,0,0,0,0,384,860,0,0,0,0,237,0,0,0,0,2650,_history_tree_0_updates,1968,0,1479916,0,0,0,0,5016,2650,0,0,0,7666,0,0,0,0,0,2316,0,0,0,0,696709,0,0
72,10018649925317144938,0,0,0,0,0,0,0,0,0,0,0,0,0,0,0,0,0,0,0,0,0,0,936,0,9,8875,0,0,0,8864,0,0,0,1,2503,3,0,0,0,0,11,0,0,0,0,2512,_history_tree_0_removes,2947,0,0,0,0,0,0,2521,2512,0,0,0,5033,0,0,0,0,0,9,0,0,0,0,0,0,0
72,10018649925317144938,0,0,0,0,0,0,0,0,0,0,0,0,0,0,0,0,0,0,0,0,0,0,335,0,2352,67450,0,0,0,67246,0,0,0,2,335,860,0,0,0,0,203,0,0,0,0,2663,_history_tree_1_updates,1952,0,0,0,0,0,0,5042,2663,0,0,0,7705,0,0,0,0,0,2354,0,0,0,0,0,0,0
72,10018649925317144938,0,0,0,0,0,0,0,0,0,0,0,0,0,0,0,0,0,0,0,0,0,0,992,0,5,9224,0,0,0,9211,0,0,0,3,2517,1,0,0,0,0,13,0,0,0,0,2522,_history_tree_1_removes,2966,0,0,0,0,0,0,2527,2522,0,0,0,5049,0,0,0,0,0,5,0,0,0,0,0,0,0
72,10018649925317144938,0,0,0,0,0,0,0,0,0,0,0,0,0,0,0,0,0,0,0,0,0,0,318,0,2331,66957,0,0,0,66737,0,0,0,4,318,812,0,0,0,0,217,0,0,0,0,2643,_history_tree_2_updates,1964,0,0,0,0,0,0,4979,2643,0,0,0,7622,0,0,0,0,0,2330,0,0,0,0,0,0,0
72,10018649925317144938,0,0,0,0,0,0,0,0,0,0,0,0,0,0,0,0,0,0,0,0,0,0,987,0,5,9205,0,0,0,9191,0,0,0,5,2579,0,0,0,0,0,14,0,0,0,0,2584,_history_tree_2_removes,3033,0,0,0,0,0,0,2589,2584,0,0,0,5173,0,0,0,0,0,5,0,0,0,0,0,0,0
72,10018649925317144938,0,0,0,0,0,0,0,0,0,0,0,0,0,0,0,0,0,0,0,0,0,0,349,0,2297,65643,0,0,0,65450,0,0,0,6,349,753,0,0,0,0,192,0,0,0,0,2608,_history_tree_3_updates,2013,0,0,0,0,0,0,4944,2608,0,0,0,7552,0,0,0,0,0,2298,0,0,0,0,0,0,0
72,10018649925317144938,0,0,0,0,0,0,0,0,0,0,0,0,0,0,0,0,0,0,0,0,0,0,924,0,6,8823,0,0,0,8807,0,0,0,7,2605,3,0,0,0,0,16,0,0,0,0,2611,_history_tree_3_removes,3047,0,0,0,0,0,0,2617,2611,0,0,0,5228,0,0,0,0,0,6,0,0,0,0,0,0,0
72,10018649925317144938,0,0,0,0,0,0,0,0,0,0,0,0,0,0,0,0,0,0,0,0,0,0,329,0,2359,67642,0,0,0,67431,0,0,0,8,330,853,0,0,0,0,211,0,0,0,0,2653,_history_tree_4_updates,1972,0,0,0,0,0,0,5048,2653,0,0,0,7701,0,0,0,0,0,2359,0,0,0,0,0,0,0
72,10018649925317144938,0,0,0,0,0,0,0,0,0,0,0,0,0,0,0,0,0,0,0,0,0,0,988,0,10,9246,0,0,0,9229,0,0,0,9,2540,3,0,0,0,0,17,0,0,0,0,2551,_history_tree_4_removes,3005,0,0,0,0,0,0,2561,2551,0,0,0,5112,0,0,0,0,0,10,0,0,0,0,0,0,0
72,10018649925317144938,0,0,0,0,0,0,0,0,0,0,0,0,0,0,0,0,0,0,0,0,0,0,340,0,2354,67489,0,0,0,67292,0,0,0,10,340,867,0,0,0,0,196,0,0,0,0,2655,_history_tree_5_updates,1957,0,0,0,0,0,0,5046,2655,0,0,0,7701,0,0,0,0,0,2353,0,0,0,0,0,0,0
72,10018649925317144938,0,0,0,0,0,0,0,0,0,0,0,0,0,0,0,0,0,0,0,0,0,0,991,0,9,9233,0,0,0,9212,0,0,0,11,2514,3,0,0,0,0,21,0,0,0,0,2523,_history_tree_5_removes,2971,0,0,0,0,0,0,2532,2523,0,0,0,5055,0,0,0,0,0,9,0,0,0,0,0,0,0
72,10018649925317144938,0,0,0,0,0,0,0,0,0,0,0,0,0,0,0,0,0,0,0,0,0,0,291,0,2317,66436,0,0,0,66227,0,0,0,12,291,783,0,0,0,0,209,0,0,0,0,2557,_history_tree_6_updates,1953,0,0,0,0,0,0,4925,2557,0,0,0,7482,0,0,0,0,0,2317,0,0,0,0,0,0,0
72,10018649925317144938,0,0,0,0,0,0,0,0,0,0,0,0,0,0,0,0,0,0,0,0,0,0,924,0,7,8872,0,0,0,8855,0,0,0,29,2543,2,0,0,0,0,17,0,0,0,0,2550,_history_tree_14_removes,2997,0,0,0,0,0,0,2557,2550,0,0,0,5107,0,0,0,0,0,7,0,0,0,0,0,0,0
72,10018649925317144938,0,0,0,0,0,0,0,0,0,0,0,0,0,0,0,0,0,0,0,0,0,0,346,0,2315,66029,0,0,0,65818,0,0,0,30,346,832,0,0,0,0,212,0,0,0,0,2607,_history_tree_15_updates,1941,0,0,0,0,0,0,4975,2607,0,0,0,7582,0,0,0,0,0,2315,0,0,0,0,0,0,0
72,10018649925317144938,0,0,0,0,0,0,0,0,0,0,0,0,0,0,0,0,0,0,0,0,0,0,958,0,10,8867,0,0,0,8852,0,0,0,31,2532,6,0,0,0,0,15,0,0,0,0,2542,_history_tree_15_removes,2982,0,0,0,0,0,0,2552,2542,0,0,0,5094,0,0,0,0,0,10,0,0,0,0,0,0,0
72,10018649925317144938,0,0,0,0,0,0,0,0,0,0,0,0,0,0,0,0,0,0,0,0,0,0,334,0,2344,67011,0,0,0,66794,0,0,0,32,334,813,0,0,0,0,218,0,0,0,0,2654,_history_tree_16_updates,1979,0,0,0,0,0,0,5022,2654,0,0,0,7676,0,0,0,0,0,2344,0,0,0,0,0,0,0
72,10018649925317144938,0,0,0,0,0,0,0,0,0,0,0,0,0,0,0,0,0,0,0,0,0,0,977,0,8,9089,0,0,0,9075,0,0,0,33,2597,4,0,0,0,0,14,0,0,0,0,2605,_history_tree_16_removes,3014,0,0,0,0,0,0,2613,2605,0,0,0,5220,0,0,0,0,0,8,0,0,0,0,0,0,0
72,10018649925317144938,0,0,0,0,0,0,0,0,0,0,0,0,0,0,0,0,0,0,0,0,0,0,320,0,2379,145046,0,0,0,72302,0,0,0,34,10506,2696,0,0,0,0,221,0,0,0,0,6301,_history_tree_17_updates,4022,0,0,0,0,0,0,15257,12593,1,0,0,21554,0,0,0,0,0,2379,0,0,0,0,0,0,0
72,10018649925317144938,0,0,0,0,0,0,0,0,0,0,0,0,0,0,0,0,0,0,0,0,0,0,836,0,23,9134,0,0,0,9122,0,0,0,35,2473,15,0,0,0,0,12,0,0,0,0,2496,_history_tree_17_removes,2912,0,0,0,0,0,0,2520,2497,0,0,0,5017,0,0,0,0,0,23,0,0,0,0,0,0,0
72,10018649925317144938,0,0,0,0,0,0,0,0,0,0,0,0,0,0,0,0,0,0,0,0,0,0,332,0,2353,67572,0,0,0,67358,0,0,0,36,332,856,0,0,0,0,214,0,0,0,0,2658,_history_tree_18_updates,1976,0,0,0,0,0,0,5039,2658,0,0,0,7697,0,0,0,0,0,2354,0,0,0,0,0,0,0
72,10018649925317144938,0,0,0,0,0,0,0,0,0,0,0,0,0,0,0,0,0,0,0,0,0,0,1005,0,8,9296,0,0,0,9284,0,0,0,37,2502,3,0,0,0,0,12,0,0,0,0,2510,_history_tree_18_removes,2971,0,0,0,0,0,0,2518,2510,0,0,0,5028,0,0,0,0,0,8,0,0,0,0,0,0,0
72,10018649925317144938,0,0,0,0,0,0,0,0,0,0,0,0,0,0,0,0,0,0,0,0,0,0,315,0,2372,67994,0,0,0,67774,0,0,0,38,315,877,0,0,0,0,219,0,0,0,0,2566,_history_tree_19_updates,1918,0,0,0,0,0,0,5059,2566,0,0,0,7625,0,0,0,0,0,2372,0,0,0,0,0,0,0
72,10018649925317144938,0,0,0,0,0,0,0,0,0,0,0,0,0,0,0,0,0,0,0,0,0,0,972,0,10,9143,0,0,0,9128,0,0,0,39,2481,5,0,0,0,0,14,0,0,0,0,2491,_history_tree_19_removes,2916,0,0,0,0,0,0,2501,2491,0,0,0,4992,0,0,0,0,0,10,0,0,0,0,0,0,0
72,10018649925317144938,48553,0,0,0,0,0,44881,0,0,0,0,0,0,0,0,0,0,0,0,0,0,0,0,0,0,291430,0,0,0,95424,0,0,0,40,0,0,0,0,0,0,2037,0,0,93431,0,0,warehouse,0,0,0,0,0,0,0,0,0,0,0,0,0,193701,0,0,193700,0,0,0,0,0,93427,0,0,0
72,10018649925317144938,0,0,0,0,0,0,0,0,0,0,0,0,0,0,0,0,0,0,0,0,0,0,0,0,0,0,0,0,0,0,0,0,0,41,0,0,0,0,0,0,0,0,0,0,0,0,_warehouse_graveyard,0,0,0,0,0,0,0,0,0,0,0,0,0,0,0,0,0,0,0,0,0,0,0,0,0,0
72,10018649925317144938,95966,0,0,0,0,0,94651,0,0,0,0,0,0,0,0,0,0,0,0,0,0,0,0,0,0,296137,0,0,0,192847,0,0,0,42,0,0,0,0,0,0,1047,0,0,190624,0,0,district,0,0,0,0,0,0,0,0,0,0,0,0,0,102195,0,0,102194,0,0,0,0,0,190626,0,0,0
72,10018649925317144938,0,0,0,0,0,0,0,0,0,0,0,0,0,0,0,0,0,0,0,0,0,0,0,0,0,0,0,0,0,0,0,0,0,43,0,0,0,0,0,0,0,0,0,0,0,0,_district_graveyard,0,0,0,0,0,0,0,0,0,0,0,0,0,0,0,0,0,0,0,0,0,0,0,0,0,0
72,10018649925317144938,62199,0,0,0,0,0,59881,0,0,0,0,0,0,0,0,0,0,0,0,0,0,0,0,0,0,785952,0,0,0,122073,0,0,0,44,0,0,0,0,0,0,4,0,0,122073,0,0,customer,0,0,0,0,0,0,0,0,0,0,0,0,0,139909,0,0,139910,0,0,0,0,0,122069,0,0,0
72,10018649925317144938,0,0,0,0,0,0,0,0,0,0,0,0,0,0,0,0,0,0,0,0,0,0,0,0,0,0,0,0,0,0,0,0,0,45,0,0,0,0,0,0,0,0,0,0,0,0,_customer_graveyard,0,0,0,0,0,0,0,0,0,0,0,0,0,0,0,0,0,0,0,0,0,0,0,0,0,0
72,10018649925317144938,0,0,0,0,0,0,0,0,0,0,0,0,0,0,0,0,0,0,0,0,0,0,0,0,0,182520,0,0,0,0,0,0,0,46,0,0,0,0,0,0,60838,0,0,0,0,0,customerwdl,0,0,0,0,0,0,0,0,0,0,0,60840,0,60840,0,0,60840,0,0,0,0,0,0,0,0,0
72,10018649925317144938,0,0,0,0,0,0,0,0,0,0,0,0,0,0,0,0,0,0,0,0,0,0,0,0,0,0,0,0,0,0,0,0,0,47,0,0,0,0,0,0,0,0,0,0,0,0,_customerwdl_graveyard,0,0,0,0,0,0,0,0,0,0,0,0,0,0,0,0,0,0,0,0,0,0,0,0,0,0
72,10018649925317144938,0,0,0,0,0,0,0,0,0,0,0,0,0,0,0,0,0,0,0,0,0,0,0,0,2212,117966,0,0,0,39322,0,0,0,48,0,0,0,0,0,0,0,0,0,0,0,0,history,0,0,0,0,0,0,0,2248,0,0,0,0,2248,0,0,0,0,0,0,0,0,0,0,0,0,0
72,10018649925317144938,0,0,0,0,0,0,0,0,0,0,0,0,0,0,0,0,0,0,0,0,0,0,0,0,0,0,0,0,0,0,0,0,0,49,0,0,0,0,0,0,0,0,0,0,0,0,_history_graveyard,0,0,0,0,0,0,0,0,0,0,0,0,0,0,0,0,0,0,0,0,0,0,0,0,0,0
72,10018649925317144938,42542,84979,0,84976,0,0,42424,0,0,0,0,0,0,0,0,0,0,0,0,0,0,0,52413,0,2046,1150269,0,0,0,270596,0,13727,0,50,0,0,0,0,0,0,112816,0,0,0,0,0,neworder,93656,13727,0,0,0,0,0,3835,0,0,0,85286,3836,99014,0,0,99015,0,1785,0,0,0,0,0,0,0
72,10018649925317144938,0,0,0,0,0,0,0,0,0,0,0,0,0,0,0,0,0,0,0,0,0,0,0,0,0,0,0,0,0,0,0,0,0,51,0,0,0,0,0,0,0,0,0,0,0,0,_neworder_graveyard,0,0,0,0,0,0,0,0,0,0,0,0,0,0,0,0,0,0,0,0,0,0,0,0,0,0
72,10018649925317144938,43345,0,0,0,0,0,41655,0,0,0,0,0,0,0,0,0,0,0,0,0,0,0,0,0,4265,828406,0,0,0,187586,0,0,0,52,0,0,0,0,0,0,0,0,0,85003,0,0,order,0,0,0,0,0,0,0,4269,0,0,0,0,4269,88553,0,0,88553,0,0,0,0,0,85006,0,0,0
72,10018649925317144938,0,0,0,0,0,0,0,0,0,0,0,0,0,0,0,0,0,0,0,0,0,0,0,0,0,0,0,0,0,0,0,0,0,53,0,0,0,0,0,0,0,0,0,0,0,0,_order_graveyard,0,0,0,0,0,0,0,0,0,0,0,0,0,0,0,0,0,0,0,0,0,0,0,0,0,0
72,10018649925317144938,0,0,0,0,0,0,0,0,0,0,0,0,0,0,0,0,3549,0,0,0,0,0,0,0,1406,309824,0,0,0,99725,0,0,0,54,0,0,0,0,0,0,3548,0,0,0,0,0,order_wdc,0,0,0,0,0,0,0,1407,0,0,0,0,1407,3548,0,0,3548,0,0,0,0,0,0,0,0,0
72,10018649925317144938,0,0,0,0,0,0,0,0,0,0,0,0,0,0,0,0,0,0,0,0,0,0,0,0,0,0,0,0,0,0,0,0,0,55,0,0,0,0,0,0,0,0,0,0,0,0,_order_wdc_graveyard,0,0,0,0,0,0,0,0,0,0,0,0,0,0,0,0,0,0,0,0,0,0,0,0,0,0
72,10018649925317144938,429685,0,0,0,0,0,419878,0,0,0,0,0,0,0,0,0,0,0,0,0,0,0,98390,0,58434,7599882,0,0,0,1887604,0,1011,0,56,0,0,0,0,0,0,12370,0,0,849529,0,0,orderline,1788389,1011,0,0,0,0,0,59225,0,0,0,12307,59224,1800792,0,0,1800818,0,0,0,0,0,849513,0,0,0
72,10018649925317144938,0,0,0,0,0,0,0,0,0,0,0,0,0,0,0,0,0,0,0,0,0,0,0,0,0,0,0,0,0,0,0,0,0,57,0,0,0,0,0,0,0,0,0,0,0,0,_orderline_graveyard,0,0,0,0,0,0,0,0,0,0,0,0,0,0,0,0,0,0,0,0,0,0,0,0,0,0
72,10018649925317144938,0,0,0,0,0,0,0,0,0,0,0,0,0,0,0,0,0,0,0,0,0,0,0,0,0,1959255,0,0,0,0,0,0,0,58,0,0,0,0,0,0,0,0,0,0,0,0,item,0,0,0,0,0,0,0,0,0,0,0,0,0,979631,0,0,979632,0,0,0,0,0,0,0,0,0
73,10018649925317144938,0,0,0,0,0,0,0,0,0,0,0,0,0,0,0,0,0,0,0,0,0,0,0,0,0,0,0,0,0,0,0,0,0,61,0,0,0,0,0,0,0,0,0,0,0,0,_stock_graveyard,0,0,0,0,0,0,0,0,0,0,0,0,0,0,0,0,0,0,0,0,0,0,0,0,0,0
73,10018649925317144938,502731,0,0,0,0,0,490812,0,0,0,0,0,0,0,0,0,0,0,0,0,0,0,0,0,0,14944331,0,0,0,994741,0,0,0,60,0,0,0,0,0,0,1048,0,0,993585,0,0,stock,0,0,0,0,0,0,0,0,0,0,0,0,0,2740380,0,0,2740372,0,0,0,0,0,993570,0,0,0
73,10018649925317144938,0,0,0,0,0,0,0,0,0,0,0,0,0,0,0,0,0,0,0,0,0,0,0,0,0,0,0,0,0,0,0,0,0,59,0,0,0,0,0,0,0,0,0,0,0,0,_item_graveyard,0,0,0,0,0,0,0,0,0,0,0,0,0,0,0,0,0,0,0,0,0,0,0,0,0,0
73,10018649925317144938,0,0,0,0,0,0,0,0,0,0,0,0,0,0,0,0,0,0,0,0,0,0,346,0,2377,68286,0,0,0,68070,0,0,0,28,346,873,0,0,0,0,216,0,0,0,0,2691,_history_tree_14_updates,1989,0,0,0,0,0,0,5100,2691,0,0,0,7791,0,0,0,0,0,2377,0,0,0,0,0,0,0
73,10018649925317144938,0,0,0,0,0,0,0,0,0,0,0,0,0,0,0,0,0,0,0,0,0,0,1020,0,5,9429,0,0,0,9410,0,0,0,27,2557,1,0,0,0,0,19,0,0,0,0,2562,_history_tree_13_removes,3014,0,0,0,0,0,0,2567,2562,0,0,0,5129,0,0,0,0,0,5,0,0,0,0,0,0,0
73,10018649925317144938,0,0,0,0,0,0,0,0,0,0,0,0,0,0,0,0,0,0,0,0,0,0,313,0,2402,68993,0,0,0,68783,0,0,0,26,313,873,0,0,0,0,210,0,0,0,0,2706,_history_tree_13_updates,1961,0,0,0,0,0,0,5117,2706,0,0,0,7823,0,0,0,0,0,2401,0,0,0,0,0,0,0
73,10018649925317144938,0,0,0,0,0,0,0,0,0,0,0,0,0,0,0,0,0,0,0,0,0,0,988,0,7,9107,0,0,0,9095,0,0,0,25,2546,2,0,0,0,0,12,0,0,0,0,2553,_history_tree_12_removes,2993,0,0,0,0,0,0,2560,2553,0,0,0,5111,0,0,0,0,0,7,0,0,0,0,0,0,0
73,10018649925317144938,0,0,0,0,0,0,0,0,0,0,0,0,0,0,0,0,0,0,0,0,0,0,350,0,2382,68073,0,0,0,67887,0,0,0,24,350,854,0,0,0,0,185,0,0,0,0,2713,_history_tree_12_updates,1991,0,0,0,0,0,0,5114,2713,0,0,0,7827,0,0,0,0,0,2382,0,0,0,0,0,0,0
73,10018649925317144938,0,0,0,0,0,0,0,0,0,0,0,0,0,0,0,0,0,0,0,0,0,0,995,0,7,9296,0,0,0,9282,0,0,0,23,2637,3,0,0,0,0,14,0,0,0,0,2644,_history_tree_11_removes,3072,0,0,0,0,0,0,2651,2644,0,0,0,5295,0,0,0,0,0,7,0,0,0,0,0,0,0
73,10018649925317144938,0,0,0,0,0,0,0,0,0,0,0,0,0,0,0,0,0,0,0,0,0,0,291,0,2387,68265,0,0,0,68061,0,0,0,22,291,813,0,0,0,0,205,0,0,0,0,2663,_history_tree_11_updates,1984,0,0,0,0,0,0,5064,2663,0,0,0,7727,0,0,0,0,0,2386,0,0,0,0,0,0,0
73,10018649925317144938,0,0,0,0,0,0,0,0,0,0,0,0,0,0,0,0,0,0,0,0,0,0,1000,0,7,9179,0,0,0,9169,0,0,0,21,2584,3,0,0,0,0,10,0,0,0,0,2591,_history_tree_10_removes,3041,0,0,0,0,0,0,2598,2591,0,0,0,5189,0,0,0,0,0,7,0,0,0,0,0,0,0
73,10018649925317144938,0,0,0,0,0,0,0,0,0,0,0,0,0,0,0,0,0,0,0,0,0,0,328,0,2374,67887,0,0,0,67690,0,0,0,20,328,848,0,0,0,0,195,0,0,0,0,2675,_history_tree_10_updates,1976,0,0,0,0,0,0,5075,2675,0,0,0,7750,0,0,0,0,0,2374,0,0,0,0,0,0,0
73,10018649925317144938,0,0,0,0,0,0,0,0,0,0,0,0,0,0,0,0,0,0,0,0,0,0,1040,0,6,9219,0,0,0,9208,0,0,0,19,2556,2,0,0,0,0,11,0,0,0,0,2562,_history_tree_9_removes,2996,0,0,0,0,0,0,2567,2561,0,0,0,5128,0,0,0,0,0,6,0,0,0,0,0,0,0
73,10018649925317144938,0,0,0,0,0,0,0,0,0,0,0,0,0,0,0,0,0,0,0,0,0,0,358,0,2384,68201,0,0,0,68006,0,0,0,18,358,883,0,0,0,0,196,0,0,0,0,2723,_history_tree_9_updates,1958,0,0,0,0,0,0,5125,2723,0,0,0,7848,0,0,0,0,0,2383,0,0,0,0,0,0,0
73,10018649925317144938,0,0,0,0,0,0,0,0,0,0,0,0,0,0,0,0,0,0,0,0,0,0,957,0,9,9185,0,0,0,9174,0,0,0,17,2579,4,0,0,0,0,11,0,0,0,0,2589,_history_tree_8_removes,3061,0,0,0,0,0,0,2598,2589,0,0,0,5187,0,0,0,0,0,9,0,0,0,0,0,0,0
73,10018649925317144938,0,0,0,0,0,0,0,0,0,0,0,0,0,0,0,0,0,0,0,0,0,0,366,0,2382,68098,0,0,0,67870,0,0,0,16,366,892,0,0,0,0,224,0,0,0,0,2727,_history_tree_8_updates,2006,0,0,0,0,0,0,5131,2727,0,0,0,7858,0,0,0,0,0,2383,0,0,0,0,0,0,0
73,10018649925317144938,0,0,0,0,0,0,0,0,0,0,0,0,0,0,0,0,0,0,0,0,0,0,1036,0,8,9749,0,0,0,9738,0,0,0,15,2558,3,0,0,0,0,10,0,0,0,0,2566,_history_tree_7_removes,3027,0,0,0,0,0,0,2574,2566,0,0,0,5140,0,0,0,0,0,8,0,0,0,0,0,0,0
73,10018649925317144938,0,0,0,0,0,0,0,0,0,0,0,0,0,0,0,0,0,0,0,0,0,0,339,0,2384,68943,0,0,0,68744,0,0,0,14,339,852,0,0,0,0,201,0,0,0,0,2682,_history_tree_7_updates,1999,0,0,0,0,0,0,5103,2682,0,0,0,7785,0,0,0,0,0,2380,0,0,0,0,0,0,0
73,10018649925317144938,0,0,0,0,0,0,0,0,0,0,0,0,0,0,0,0,0,0,0,0,0,0,1039,0,9,9496,0,0,0,9480,0,0,0,13,2641,5,0,0,0,0,16,0,0,0,0,2650,_history_tree_6_removes,3072,0,0,0,0,0,0,2659,2650,0,0,0,5309,0,0,0,0,0,9,0,0,0,0,0,0,0
73,10018649925317144938,0,0,0,0,0,0,0,0,0,0,0,0,0,22281331,22816092,0,0,0,0,0,0,0,386,0,2406,68942,0,0,0,68748,0,0,0,0,386,897,0,0,0,0,192,0,0,0,0,2761,_history_tree_0_updates,2018,0,1504426,0,0,0,0,5199,2761,0,0,0,7961,0,0,0,0,0,2407,0,0,0,0,718622,0,0
73,10018649925317144938,0,0,0,0,0,0,0,0,0,0,0,0,0,0,0,0,0,0,0,0,0,0,963,0,11,9442,0,0,0,9422,0,0,0,1,2573,6,0,0,0,0,20,0,0,0,0,2584,_history_tree_0_removes,3018,0,0,0,0,0,0,2595,2584,0,0,0,5179,0,0,0,0,0,11,0,0,0,0,0,0,0
73,10018649925317144938,0,0,0,0,0,0,0,0,0,0,0,0,0,0,0,0,0,0,0,0,0,0,313,0,2396,68872,0,0,0,68676,0,0,0,2,313,858,0,0,0,0,195,0,0,0,0,2695,_history_tree_1_updates,1975,0,0,0,0,0,0,5103,2695,0,0,0,7798,0,0,0,0,0,2395,0,0,0,0,0,0,0
73,10018649925317144938,0,0,0,0,0,0,0,0,0,0,0,0,0,0,0,0,0,0,0,0,0,0,1006,0,8,9508,0,0,0,9497,0,0,0,3,2553,4,0,0,0,0,11,0,0,0,0,2561,_history_tree_1_removes,3009,0,0,0,0,0,0,2569,2561,0,0,0,5130,0,0,0,0,0,8,0,0,0,0,0,0,0
73,10018649925317144938,0,0,0,0,0,0,0,0,0,0,0,0,0,0,0,0,0,0,0,0,0,0,339,0,2407,69012,0,0,0,68819,0,0,0,4,339,864,0,0,0,0,191,0,0,0,0,2730,_history_tree_2_updates,2017,0,0,0,0,0,0,5152,2730,0,0,0,7882,0,0,0,0,0,2406,0,0,0,0,0,0,0
73,10018649925317144938,0,0,0,0,0,0,0,0,0,0,0,0,0,0,0,0,0,0,0,0,0,0,1010,0,9,9458,0,0,0,9449,0,0,0,5,2578,4,0,0,0,0,9,0,0,0,0,2587,_history_tree_2_removes,3037,0,0,0,0,0,0,2596,2587,0,0,0,5183,0,0,0,0,0,9,0,0,0,0,0,0,0
73,10018649925317144938,0,0,0,0,0,0,0,0,0,0,0,0,0,0,0,0,0,0,0,0,0,0,387,0,2385,67762,0,0,0,67563,0,0,0,6,387,907,0,0,0,0,200,0,0,0,0,2700,_history_tree_3_updates,2002,0,0,0,0,0,0,5158,2700,0,0,0,7858,0,0,0,0,0,2386,0,0,0,0,0,0,0
73,10018649925317144938,0,0,0,0,0,0,0,0,0,0,0,0,0,0,0,0,0,0,0,0,0,0,946,0,9,8935,0,0,0,8926,0,0,0,7,2555,3,0,0,0,0,9,0,0,0,0,2564,_history_tree_3_removes,2996,0,0,0,0,0,0,2574,2565,0,0,0,5139,0,0,0,0,0,9,0,0,0,0,0,0,0
73,10018649925317144938,0,0,0,0,0,0,0,0,0,0,0,0,0,0,0,0,0,0,0,0,0,0,325,0,2364,67334,0,0,0,67123,0,0,0,8,325,862,0,0,0,0,212,0,0,0,0,2638,_history_tree_4_updates,1942,0,0,0,0,0,0,5053,2638,0,0,0,7691,0,0,0,0,0,2364,0,0,0,0,0,0,0
73,10018649925317144938,0,0,0,0,0,0,0,0,0,0,0,0,0,0,0,0,0,0,0,0,0,0,931,0,10,8967,0,0,0,8957,0,0,0,9,2563,4,0,0,0,0,10,0,0,0,0,2572,_history_tree_4_removes,2982,0,0,0,0,0,0,2582,2572,0,0,0,5154,0,0,0,0,0,10,0,0,0,0,0,0,0
73,10018649925317144938,0,0,0,0,0,0,0,0,0,0,0,0,0,0,0,0,0,0,0,0,0,0,365,0,2390,68868,0,0,0,68662,0,0,0,10,365,876,0,0,0,0,205,0,0,0,0,2752,_history_tree_5_updates,2012,0,0,0,0,0,0,5143,2752,0,0,0,7895,0,0,0,0,0,2388,0,0,0,0,0,0,0
73,10018649925317144938,0,0,0,0,0,0,0,0,0,0,0,0,0,0,0,0,0,0,0,0,0,0,1020,0,7,9536,0,0,0,9523,0,0,0,11,2546,3,0,0,0,0,13,0,0,0,0,2553,_history_tree_5_removes,3007,0,0,0,0,0,0,2560,2553,0,0,0,5113,0,0,0,0,0,7,0,0,0,0,0,0,0
73,10018649925317144938,0,0,0,0,0,0,0,0,0,0,0,0,0,0,0,0,0,0,0,0,0,0,277,0,2424,69393,0,0,0,69189,0,0,0,12,277,850,0,0,0,0,204,0,0,0,0,2607,_history_tree_6_updates,1954,0,0,0,0,0,0,5125,2607,0,0,0,7732,0,0,0,0,0,2424,0,0,0,0,0,0,0
73,10018649925317144938,0,0,0,0,0,0,0,0,0,0,0,0,0,0,0,0,0,0,0,0,0,0,1032,0,7,9304,0,0,0,9287,0,0,0,29,2568,3,0,0,0,0,17,0,0,0,0,2575,_history_tree_14_removes,3055,0,0,0,0,0,0,2582,2575,0,0,0,5157,0,0,0,0,0,7,0,0,0,0,0,0,0
73,10018649925317144938,0,0,0,0,0,0,0,0,0,0,0,0,0,0,0,0,0,0,0,0,0,0,351,0,2388,68198,0,0,0,67997,0,0,0,30,351,890,0,0,0,0,199,0,0,0,0,2713,_history_tree_15_updates,1968,0,0,0,0,0,0,5127,2713,0,0,0,7840,0,0,0,0,0,2388,0,0,0,0,0,0,0
73,10018649925317144938,0,0,0,0,0,0,0,0,0,0,0,0,0,0,0,0,0,0,0,0,0,0,975,0,9,9179,0,0,0,9171,0,0,0,31,2556,4,0,0,0,0,8,0,0,0,0,2565,_history_tree_15_removes,2995,0,0,0,0,0,0,2574,2565,0,0,0,5139,0,0,0,0,0,9,0,0,0,0,0,0,0
73,10018649925317144938,0,0,0,0,0,0,0,0,0,0,0,0,0,0,0,0,0,0,0,0,0,0,329,0,2378,68249,0,0,0,68060,0,0,0,32,329,858,0,0,0,0,190,0,0,0,0,2692,_history_tree_16_updates,1966,0,0,0,0,0,0,5086,2692,0,0,0,7778,0,0,0,0,0,2378,0,0,0,0,0,0,0
73,10018649925317144938,0,0,0,0,0,0,0,0,0,0,0,0,0,0,0,0,0,0,0,0,0,0,1061,0,5,9435,0,0,0,9428,0,0,0,33,2568,1,0,0,0,0,7,0,0,0,0,2573,_history_tree_16_removes,2997,0,0,0,0,0,0,2578,2573,0,0,0,5149,0,0,0,0,0,5,0,0,0,0,0,0,0
73,10018649925317144938,0,0,0,0,0,0,0,0,0,0,0,0,0,0,0,0,0,0,0,0,0,0,323,0,2364,144486,0,0,0,72037,0,0,0,34,10684,2687,0,0,0,0,206,0,0,0,0,6415,_history_tree_17_updates,4066,0,0,0,0,0,0,15412,12830,0,0,0,21827,0,0,0,0,0,2364,0,0,0,0,0,0,0
73,10018649925317144938,0,0,0,0,0,0,0,0,0,0,0,0,0,0,0,0,0,0,0,0,0,0,857,0,19,9185,0,0,0,9171,0,0,0,35,2527,10,0,0,0,0,14,0,0,0,0,2546,_history_tree_17_removes,2966,0,0,0,0,0,0,2564,2545,0,0,0,5109,0,0,0,0,0,19,0,0,0,0,0,0,0
73,10018649925317144938,0,0,0,0,0,0,0,0,0,0,0,0,0,0,0,0,0,0,0,0,0,0,326,0,2382,68404,0,0,0,68173,0,0,0,36,326,860,0,0,0,0,229,0,0,0,0,2658,_history_tree_18_updates,1977,0,0,0,0,0,0,5090,2658,0,0,0,7748,0,0,0,0,0,2382,0,0,0,0,0,0,0
73,10018649925317144938,0,0,0,0,0,0,0,0,0,0,0,0,0,0,0,0,0,0,0,0,0,0,987,0,11,9414,0,0,0,9399,0,0,0,37,2532,5,0,0,0,0,15,0,0,0,0,2543,_history_tree_18_removes,2975,0,0,0,0,0,0,2554,2543,0,0,0,5097,0,0,0,0,0,11,0,0,0,0,0,0,0
73,10018649925317144938,0,0,0,0,0,0,0,0,0,0,0,0,0,0,0,0,0,0,0,0,0,0,339,0,2344,67057,0,0,0,66856,0,0,0,38,339,826,0,0,0,0,199,0,0,0,0,2586,_history_tree_19_updates,1962,0,0,0,0,0,0,5027,2586,0,0,0,7613,0,0,0,0,0,2344,0,0,0,0,0,0,0
73,10018649925317144938,0,0,0,0,0,0,0,0,0,0,0,0,0,0,0,0,0,0,0,0,0,0,986,0,8,9122,0,0,0,9105,0,0,0,39,2569,5,0,0,0,0,17,0,0,0,0,2577,_history_tree_19_removes,2990,0,0,0,0,0,0,2585,2577,0,0,0,5162,0,0,0,0,0,8,0,0,0,0,0,0,0
73,10018649925317144938,49400,0,0,0,0,0,45579,0,0,0,0,0,0,0,0,0,0,0,0,0,0,0,0,0,0,295957,0,0,0,96954,0,0,0,40,0,0,0,0,0,0,2055,0,0,94982,0,0,warehouse,0,0,0,0,0,0,0,0,0,0,0,0,0,196646,0,0,196648,0,0,0,0,0,94991,0,0,0
73,10018649925317144938,0,0,0,0,0,0,0,0,0,0,0,0,0,0,0,0,0,0,0,0,0,0,0,0,0,0,0,0,0,0,0,0,0,41,0,0,0,0,0,0,0,0,0,0,0,0,_warehouse_graveyard,0,0,0,0,0,0,0,0,0,0,0,0,0,0,0,0,0,0,0,0,0,0,0,0,0,0
73,10018649925317144938,97572,0,0,0,0,0,95986,0,0,0,0,0,0,0,0,0,0,0,0,0,0,0,0,0,0,300460,0,0,0,195725,0,0,0,42,0,0,0,0,0,0,951,0,0,193558,0,0,district,0,0,0,0,0,0,0,0,0,0,0,0,0,103735,0,0,103735,0,0,0,0,0,193559,0,0,0
73,10018649925317144938,0,0,0,0,0,0,0,0,0,0,0,0,0,0,0,0,0,0,0,0,0,0,0,0,0,0,0,0,0,0,0,0,0,43,0,0,0,0,0,0,0,0,0,0,0,0,_district_graveyard,0,0,0,0,0,0,0,0,0,0,0,0,0,0,0,0,0,0,0,0,0,0,0,0,0,0
73,10018649925317144938,64085,0,0,0,0,0,60692,0,0,0,0,0,0,0,0,0,0,0,0,0,0,0,0,0,0,800190,0,0,0,124784,0,0,0,44,0,0,0,0,0,0,3,0,0,124786,0,0,customer,0,0,0,0,0,0,0,0,0,0,0,0,0,141941,0,0,141940,0,0,0,0,0,124787,0,0,0
73,10018649925317144938,0,0,0,0,0,0,0,0,0,0,0,0,0,0,0,0,0,0,0,0,0,0,0,0,0,0,0,0,0,0,0,0,0,45,0,0,0,0,0,0,0,0,0,0,0,0,_customer_graveyard,0,0,0,0,0,0,0,0,0,0,0,0,0,0,0,0,0,0,0,0,0,0,0,0,0,0
73,10018649925317144938,0,0,0,0,0,0,0,0,0,0,0,0,0,0,0,0,0,0,0,0,0,0,0,0,0,185049,0,0,0,0,0,0,0,46,0,0,0,0,0,0,61683,0,0,0,0,0,customerwdl,0,0,0,0,0,0,0,0,0,0,0,61679,0,61680,0,0,61680,0,0,0,0,0,0,0,0,0
73,10018649925317144938,0,0,0,0,0,0,0,0,0,0,0,0,0,0,0,0,0,0,0,0,0,0,0,0,0,0,0,0,0,0,0,0,0,47,0,0,0,0,0,0,0,0,0,0,0,0,_customerwdl_graveyard,0,0,0,0,0,0,0,0,0,0,0,0,0,0,0,0,0,0,0,0,0,0,0,0,0,0
73,10018649925317144938,0,0,0,0,0,0,0,0,0,0,0,0,0,0,0,0,0,0,0,0,0,0,0,0,2242,119874,0,0,0,39959,0,0,0,48,0,0,0,0,0,0,0,0,0,0,0,0,history,0,0,0,0,0,0,0,2266,0,0,0,0,2266,0,0,0,0,0,0,0,0,0,0,0,0,0
73,10018649925317144938,0,0,0,0,0,0,0,0,0,0,0,0,0,0,0,0,0,0,0,0,0,0,0,0,0,0,0,0,0,0,0,0,0,49,0,0,0,0,0,0,0,0,0,0,0,0,_history_graveyard,0,0,0,0,0,0,0,0,0,0,0,0,0,0,0,0,0,0,0,0,0,0,0,0,0,0
73,10018649925317144938,43595,87018,0,87020,0,0,43465,0,0,0,0,0,0,0,0,0,0,0,0,0,0,0,53639,0,2109,1174668,0,0,0,276040,0,13065,0,50,51,0,0,0,0,0,115504,0,0,0,0,0,neworder,94880,13065,0,0,0,0,0,3999,0,0,0,87301,3999,100366,0,0,100365,0,1841,0,0,0,0,0,0,0
73,10018649925317144938,0,0,0,0,0,0,0,0,0,0,0,0,0,0,0,0,0,0,0,0,0,0,0,0,0,0,0,0,0,0,0,0,0,51,0,0,0,0,0,0,0,0,0,0,0,0,_neworder_graveyard,0,0,0,0,0,0,0,0,0,0,0,0,0,0,0,0,0,0,0,0,0,0,0,0,0,0
73,10018649925317144938,44062,0,0,0,0,0,42960,0,0,0,0,0,0,0,0,0,0,0,0,0,0,0,0,0,4347,844956,0,0,0,190958,0,0,0,52,0,0,0,0,0,0,0,0,0,87014,0,0,order,0,0,0,0,0,0,0,4350,0,0,0,0,4350,90685,0,0,90686,0,0,0,0,0,87012,0,0,0
73,10018649925317144938,0,0,0,0,0,0,0,0,0,0,0,0,0,0,0,0,0,0,0,0,0,0,0,0,0,0,0,0,0,0,0,0,0,53,0,0,0,0,0,0,0,0,0,0,0,0,_order_graveyard,0,0,0,0,0,0,0,0,0,0,0,0,0,0,0,0,0,0,0,0,0,0,0,0,0,0
73,10018649925317144938,0,0,0,0,0,0,0,0,0,0,0,0,0,0,0,0,3673,0,0,0,0,0,0,0,1449,314077,0,0,0,101020,0,0,0,54,0,0,0,0,0,0,3673,0,0,0,0,0,order_wdc,0,0,0,0,0,0,0,1450,0,0,0,0,1450,3674,0,0,3674,0,0,0,0,0,0,0,0,0
73,10018649925317144938,0,0,0,0,0,0,0,0,0,0,0,0,0,0,0,0,0,0,0,0,0,0,0,0,0,0,0,0,0,0,0,0,0,55,0,0,0,0,0,0,0,0,0,0,0,0,_order_wdc_graveyard,0,0,0,0,0,0,0,0,0,0,0,0,0,0,0,0,0,0,0,0,0,0,0,0,0,0
73,10018649925317144938,439872,0,0,0,0,0,429897,0,0,0,0,0,0,0,0,0,0,0,0,0,0,0,98508,0,59125,7733448,0,0,0,1920843,0,876,0,56,0,0,0,0,0,0,12508,0,0,869786,0,0,orderline,1788967,876,0,0,0,0,0,59901,0,0,0,12433,59901,1801390,0,0,1801391,0,0,0,0,0,869802,0,0,0
73,10018649925317144938,0,0,0,0,0,0,0,0,0,0,0,0,0,0,0,0,0,0,0,0,0,0,0,0,0,0,0,0,0,0,0,0,0,57,0,0,0,0,0,0,0,0,0,0,0,0,_orderline_graveyard,0,0,0,0,0,0,0,0,0,0,0,0,0,0,0,0,0,0,0,0,0,0,0,0,0,0
73,10018649925317144938,0,0,0,0,0,0,0,0,0,0,0,0,0,0,0,0,0,0,0,0,0,0,0,0,0,1983611,0,0,0,0,0,0,0,58,0,0,0,0,0,0,0,0,0,0,0,0,item,0,0,0,0,0,0,0,0,0,0,0,0,0,991818,0,0,991819,0,0,0,0,0,0,0,0,0
74,10018649925317144938,0,0,0,0,0,0,0,0,0,0,0,0,0,0,0,0,0,0,0,0,0,0,0,0,0,0,0,0,0,0,0,0,0,61,0,0,0,0,0,0,0,0,0,0,0,0,_stock_graveyard,0,0,0,0,0,0,0,0,0,0,0,0,0,0,0,0,0,0,0,0,0,0,0,0,0,0
74,10018649925317144938,509596,0,0,0,0,0,497977,0,0,0,0,0,0,0,0,0,0,0,0,0,0,0,0,0,0,15339008,0,0,0,1008548,0,0,0,60,0,0,0,0,0,0,1103,0,0,1007480,0,0,stock,0,0,0,0,0,0,0,0,0,0,0,0,0,2824857,0,0,2824837,0,0,0,0,0,1007432,0,0,0
74,10018649925317144938,0,0,0,0,0,0,0,0,0,0,0,0,0,0,0,0,0,0,0,0,0,0,0,0,0,0,0,0,0,0,0,0,0,59,0,0,0,0,0,0,0,0,0,0,0,0,_item_graveyard,0,0,0,0,0,0,0,0,0,0,0,0,0,0,0,0,0,0,0,0,0,0,0,0,0,0
74,10018649925317144938,0,0,0,0,0,0,0,0,0,0,0,0,0,0,0,0,0,0,0,0,0,0,334,0,2423,69472,0,0,0,69247,0,0,0,28,334,753,0,0,0,0,225,0,0,0,0,2726,_history_tree_14_updates,2087,0,0,0,0,0,0,5149,2726,0,0,0,7875,0,0,0,0,0,2392,0,0,0,0,0,0,0
74,10018649925317144938,0,0,0,0,0,0,0,0,0,0,0,0,0,0,0,0,0,0,0,0,0,0,984,0,4,9166,0,0,0,9151,0,0,0,27,2725,2,0,0,0,0,15,0,0,0,0,2729,_history_tree_13_removes,3166,0,0,0,0,0,0,2733,2729,0,0,0,5462,0,0,0,0,0,4,0,0,0,0,0,0,0
74,10018649925317144938,0,0,0,0,0,0,0,0,0,0,0,0,0,0,0,0,0,0,0,0,0,0,324,0,2380,67949,0,0,0,67725,0,0,0,26,324,777,0,0,0,0,223,0,0,0,0,2678,_history_tree_13_updates,2046,0,0,0,0,0,0,5077,2678,0,0,0,7755,0,0,0,0,0,2374,0,0,0,0,0,0,0
74,10018649925317144938,0,0,0,0,0,0,0,0,0,0,0,0,0,0,0,0,0,0,0,0,0,0,1102,0,2,9741,0,0,0,9728,0,0,0,25,2684,0,0,0,0,0,13,0,0,0,0,2686,_history_tree_12_removes,3142,0,0,0,0,0,0,2688,2686,0,0,0,5374,0,0,0,0,0,2,0,0,0,0,0,0,0
74,10018649925317144938,0,0,0,0,0,0,0,0,0,0,0,0,0,0,0,0,0,0,0,0,0,0,380,0,2417,69712,0,0,0,69492,0,0,0,24,380,804,0,0,0,0,218,0,0,0,0,2772,_history_tree_12_updates,2104,0,0,0,0,0,0,5192,2772,0,0,0,7964,0,0,0,0,0,2395,0,0,0,0,0,0,0
74,10018649925317144938,0,0,0,0,0,0,0,0,0,0,0,0,0,0,0,0,0,0,0,0,0,0,1068,0,5,9487,0,0,0,9474,0,0,0,23,2715,2,0,0,0,0,13,0,0,0,0,2720,_history_tree_11_removes,3186,0,0,0,0,0,0,2725,2720,0,0,0,5445,0,0,0,0,0,5,0,0,0,0,0,0,0
74,10018649925317144938,0,0,0,0,0,0,0,0,0,0,0,0,0,0,0,0,0,0,0,0,0,0,333,0,2395,68870,0,0,0,68636,0,0,0,22,333,782,0,0,0,0,233,0,0,0,0,2717,_history_tree_11_updates,2069,0,0,0,0,0,0,5123,2717,0,0,0,7840,0,0,0,0,0,2395,0,0,0,0,0,0,0
74,10018649925317144938,0,0,0,0,0,0,0,0,0,0,0,0,0,0,0,0,0,0,0,0,0,0,1032,0,5,9235,0,0,0,9220,0,0,0,21,2684,1,0,0,0,0,15,0,0,0,0,2688,_history_tree_10_removes,3161,0,0,0,0,0,0,2693,2688,0,0,0,5381,0,0,0,0,0,4,0,0,0,0,0,0,0
74,10018649925317144938,0,0,0,0,0,0,0,0,0,0,0,0,0,0,0,0,0,0,0,0,0,0,370,0,2391,68512,0,0,0,68310,0,0,0,20,370,777,0,0,0,0,202,0,0,0,0,2741,_history_tree_10_updates,2098,0,0,0,0,0,0,5133,2741,0,0,0,7874,0,0,0,0,0,2372,0,0,0,0,0,0,0
74,10018649925317144938,0,0,0,0,0,0,0,0,0,0,0,0,0,0,0,0,0,0,0,0,0,0,1029,0,6,9437,0,0,0,9426,0,0,0,19,2642,1,0,0,0,0,11,0,0,0,0,2648,_history_tree_9_removes,3087,0,0,0,0,0,0,2654,2648,0,0,0,5302,0,0,0,0,0,6,0,0,0,0,0,0,0
74,10018649925317144938,0,0,0,0,0,0,0,0,0,0,0,0,0,0,0,0,0,0,0,0,0,0,338,0,2398,68856,0,0,0,68638,0,0,0,18,338,806,0,0,0,0,217,0,0,0,0,2715,_history_tree_9_updates,2036,0,0,0,0,0,0,5117,2715,0,0,0,7832,0,0,0,0,0,2381,0,0,0,0,0,0,0
74,10018649925317144938,0,0,0,0,0,0,0,0,0,0,0,0,0,0,0,0,0,0,0,0,0,0,1026,0,6,9137,0,0,0,9119,0,0,0,17,2652,1,0,0,0,0,18,0,0,0,0,2656,_history_tree_8_removes,3120,0,0,0,0,0,0,2662,2656,0,0,0,5318,0,0,0,0,0,5,0,0,0,0,0,0,0
74,10018649925317144938,0,0,0,0,0,0,0,0,0,0,0,0,0,0,0,0,0,0,0,0,0,0,368,0,2392,68514,0,0,0,68301,0,0,0,16,368,752,0,0,0,0,213,0,0,0,0,2723,_history_tree_8_updates,2103,0,0,0,0,0,0,5115,2723,0,0,0,7838,0,0,0,0,0,2355,0,0,0,0,0,0,0
74,10018649925317144938,0,0,0,0,0,0,0,0,0,0,0,0,0,0,0,0,0,0,0,0,0,0,1043,0,3,9263,0,0,0,9254,0,0,0,15,2684,0,0,0,0,0,9,0,0,0,0,2686,_history_tree_7_removes,3141,0,0,0,0,0,0,2689,2686,0,0,0,5375,0,0,0,0,0,2,0,0,0,0,0,0,0
74,10018649925317144938,0,0,0,0,0,0,0,0,0,0,0,0,0,0,0,0,0,0,0,0,0,0,338,0,2416,69079,0,0,0,68833,0,0,0,14,338,793,0,0,0,0,244,0,0,0,0,2716,_history_tree_7_updates,2047,0,0,0,0,0,0,5134,2716,0,0,0,7850,0,0,0,0,0,2380,0,0,0,0,0,0,0
74,10018649925317144938,0,0,0,0,0,0,0,0,0,0,0,0,0,0,0,0,0,0,0,0,0,0,1034,0,6,9502,0,0,0,9483,0,0,0,13,2653,4,0,0,0,0,19,0,0,0,0,2659,_history_tree_6_removes,3116,0,0,0,0,0,0,2665,2659,0,0,0,5324,0,0,0,0,0,6,0,0,0,0,0,0,0
74,10018649925317144938,0,0,0,0,0,0,0,0,0,0,0,0,0,22646824,23146857,0,0,0,0,0,0,0,390,0,2409,69378,0,0,0,69169,0,0,0,0,390,809,0,0,0,0,208,0,0,0,0,2740,_history_tree_0_updates,2081,0,1515763,0,0,0,0,5174,2740,0,0,0,7913,0,0,0,0,0,2375,0,0,0,0,720940,0,0
74,10018649925317144938,0,0,0,0,0,0,0,0,0,0,0,0,0,0,0,0,0,0,0,0,0,0,1092,0,5,9684,0,0,0,9670,0,0,0,1,2669,2,0,0,0,0,14,0,0,0,0,2674,_history_tree_0_removes,3152,0,0,0,0,0,0,2679,2674,0,0,0,5353,0,0,0,0,0,5,0,0,0,0,0,0,0
74,10018649925317144938,0,0,0,0,0,0,0,0,0,0,0,0,0,0,0,0,0,0,0,0,0,0,336,0,2418,69442,0,0,0,69210,0,0,0,2,336,840,0,0,0,0,232,0,0,0,0,2716,_history_tree_1_updates,2004,0,0,0,0,0,0,5139,2716,0,0,0,7855,0,0,0,0,0,2385,0,0,0,0,0,0,0
74,10018649925317144938,0,0,0,0,0,0,0,0,0,0,0,0,0,0,0,0,0,0,0,0,0,0,1084,0,5,9482,0,0,0,9461,0,0,0,3,2596,0,0,0,0,0,21,0,0,0,0,2600,_history_tree_1_removes,3067,0,0,0,0,0,0,2605,2600,0,0,0,5205,0,0,0,0,0,4,0,0,0,0,0,0,0
74,10018649925317144938,0,0,0,0,0,0,0,0,0,0,0,0,0,0,0,0,0,0,0,0,0,0,409,0,2405,69198,0,0,0,68981,0,0,0,4,409,838,0,0,0,0,217,0,0,0,0,2730,_history_tree_2_updates,2065,0,0,0,0,0,0,5172,2730,0,0,0,7902,0,0,0,0,0,2358,0,0,0,0,0,0,0
74,10018649925317144938,0,0,0,0,0,0,0,0,0,0,0,0,0,0,0,0,0,0,0,0,0,0,1032,0,8,9481,0,0,0,9461,0,0,0,5,2587,2,0,0,0,0,20,0,0,0,0,2593,_history_tree_2_removes,3082,0,0,0,0,0,0,2601,2593,0,0,0,5194,0,0,0,0,0,6,0,0,0,0,0,0,0
74,10018649925317144938,0,0,0,0,0,0,0,0,0,0,0,0,0,0,0,0,0,0,0,0,0,0,367,0,2385,68599,0,0,0,68381,0,0,0,6,367,772,0,0,0,0,216,0,0,0,0,2727,_history_tree_3_updates,2113,0,0,0,0,0,0,5137,2727,0,0,0,7864,0,0,0,0,0,2385,0,0,0,0,0,0,0
74,10018649925317144938,0,0,0,0,0,0,0,0,0,0,0,0,0,0,0,0,0,0,0,0,0,0,992,0,6,9428,0,0,0,9419,0,0,0,7,2703,4,0,0,0,0,9,0,0,0,0,2709,_history_tree_3_removes,3151,0,0,0,0,0,0,2714,2708,0,0,0,5422,0,0,0,0,0,6,0,0,0,0,0,0,0
74,10018649925317144938,0,0,0,0,0,0,0,0,0,0,0,0,0,0,0,0,0,0,0,0,0,0,350,0,2425,69827,0,0,0,69607,0,0,0,8,350,804,0,0,0,0,218,0,0,0,0,2744,_history_tree_4_updates,2063,0,0,0,0,0,0,5177,2744,0,0,0,7921,0,0,0,0,0,2402,0,0,0,0,0,0,0
74,10018649925317144938,0,0,0,0,0,0,0,0,0,0,0,0,0,0,0,0,0,0,0,0,0,0,1044,0,7,9684,0,0,0,9669,0,0,0,9,2647,2,0,0,0,0,15,0,0,0,0,2653,_history_tree_4_removes,3088,0,0,0,0,0,0,2660,2653,0,0,0,5313,0,0,0,0,0,6,0,0,0,0,0,0,0
74,10018649925317144938,0,0,0,0,0,0,0,0,0,0,0,0,0,0,0,0,0,0,0,0,0,0,368,0,2384,67978,0,0,0,67783,0,0,0,10,368,727,0,0,0,0,193,0,0,0,0,2720,_history_tree_5_updates,2104,0,0,0,0,0,0,5104,2720,0,0,0,7824,0,0,0,0,0,2352,0,0,0,0,0,0,0
74,10018649925317144938,0,0,0,0,0,0,0,0,0,0,0,0,0,0,0,0,0,0,0,0,0,0,983,0,6,9060,0,0,0,9044,0,0,0,11,2759,1,0,0,0,0,16,0,0,0,0,2764,_history_tree_5_removes,3220,0,0,0,0,0,0,2770,2764,0,0,0,5534,0,0,0,0,0,5,0,0,0,0,0,0,0
74,10018649925317144938,0,0,0,0,0,0,0,0,0,0,0,0,0,0,0,0,0,0,0,0,0,0,358,0,2380,68478,0,0,0,68280,0,0,0,12,358,800,0,0,0,0,196,0,0,0,0,2675,_history_tree_6_updates,2063,0,0,0,0,0,0,5117,2675,0,0,0,7792,0,0,0,0,0,2379,0,0,0,0,0,0,0
74,10018649925317144938,0,0,0,0,0,0,0,0,0,0,0,0,0,0,0,0,0,0,0,0,0,0,1026,0,5,9323,0,0,0,9305,0,0,0,29,2684,1,0,0,0,0,18,0,0,0,0,2688,_history_tree_14_removes,3124,0,0,0,0,0,0,2693,2688,0,0,0,5381,0,0,0,0,0,4,0,0,0,0,0,0,0
74,10018649925317144938,0,0,0,0,0,0,0,0,0,0,0,0,0,0,0,0,0,0,0,0,0,0,359,0,2402,68808,0,0,0,68599,0,0,0,30,359,777,0,0,0,0,208,0,0,0,0,2707,_history_tree_15_updates,2068,0,0,0,0,0,0,5118,2707,0,0,0,7825,0,0,0,0,0,2357,0,0,0,0,0,0,0
74,10018649925317144938,0,0,0,0,0,0,0,0,0,0,0,0,0,0,0,0,0,0,0,0,0,0,1044,0,6,9344,0,0,0,9333,0,0,0,31,2640,1,0,0,0,0,11,0,0,0,0,2645,_history_tree_15_removes,3113,0,0,0,0,0,0,2651,2645,0,0,0,5296,0,0,0,0,0,5,0,0,0,0,0,0,0
74,10018649925317144938,0,0,0,0,0,0,0,0,0,0,0,0,0,0,0,0,0,0,0,0,0,0,330,0,2425,69966,0,0,0,69761,0,0,0,32,330,817,0,0,0,0,203,0,0,0,0,2725,_history_tree_16_updates,2041,0,0,0,0,0,0,5149,2725,0,0,0,7874,0,0,0,0,0,2395,0,0,0,0,0,0,0
74,10018649925317144938,0,0,0,0,0,0,0,0,0,0,0,0,0,0,0,0,0,0,0,0,0,0,1093,0,6,9673,0,0,0,9658,0,0,0,33,2634,0,0,0,0,0,15,0,0,0,0,2638,_history_tree_16_removes,3118,0,0,0,0,0,0,2644,2638,0,0,0,5282,0,0,0,0,0,4,0,0,0,0,0,0,0
74,10018649925317144938,0,0,0,0,0,0,0,0,0,0,0,0,0,0,0,0,0,0,0,0,0,0,333,0,2373,144690,0,0,0,72141,0,0,0,34,10773,2631,0,0,0,0,205,0,0,0,0,6434,_history_tree_17_updates,4159,0,0,0,0,0,0,15445,12868,0,0,0,21879,0,0,0,0,0,2298,0,0,0,0,0,0,0
74,10018649925317144938,0,0,0,0,0,0,0,0,0,0,0,0,0,0,0,0,0,0,0,0,0,0,846,0,17,8937,0,0,0,8921,0,0,0,35,2553,10,0,0,0,0,16,0,0,0,0,2568,_history_tree_17_removes,3008,0,0,0,0,0,0,2585,2568,0,0,0,5153,0,0,0,0,0,15,0,0,0,0,0,0,0
74,10018649925317144938,0,0,0,0,0,0,0,0,0,0,0,0,0,0,0,0,0,0,0,0,0,0,371,0,2398,68363,0,0,0,68146,0,0,0,36,371,801,0,0,0,0,206,0,0,0,0,2712,_history_tree_18_updates,2064,0,0,0,0,0,0,5130,2712,0,0,0,7842,0,0,0,0,0,2361,0,0,0,0,0,0,0
74,10018649925317144938,0,0,0,0,0,0,0,0,0,0,0,0,0,0,0,0,0,0,0,0,0,0,983,0,7,9067,0,0,0,9051,0,0,0,37,2660,1,0,0,0,0,16,0,0,0,0,2667,_history_tree_18_removes,3135,0,0,0,0,0,0,2674,2667,0,0,0,5341,0,0,0,0,0,7,0,0,0,0,0,0,0
74,10018649925317144938,0,0,0,0,0,0,0,0,0,0,0,0,0,0,0,0,0,0,0,0,0,0,357,0,2418,69077,0,0,0,68850,0,0,0,38,357,732,0,0,0,0,227,0,0,0,0,2704,_history_tree_19_updates,2112,0,0,0,0,0,0,5138,2704,0,0,0,7842,0,0,0,0,0,2363,0,0,0,0,0,0,0
74,10018649925317144938,0,0,0,0,0,0,0,0,0,0,0,0,0,0,0,0,0,0,0,0,0,0,1019,0,5,9153,0,0,0,9138,0,0,0,39,2741,0,0,0,0,0,15,0,0,0,0,2744,_history_tree_19_removes,3205,0,0,0,0,0,0,2749,2744,0,0,0,5493,0,0,0,0,0,3,0,0,0,0,0,0,0
74,10018649925317144938,50026,0,0,0,0,0,45892,0,0,0,0,0,0,0,0,0,0,0,0,0,0,0,0,0,0,298783,0,0,0,97952,0,0,0,40,0,0,0,0,0,0,2153,0,0,95907,0,0,warehouse,0,0,0,0,0,0,0,0,0,0,0,0,0,198378,0,0,198374,0,0,0,0,0,95895,0,0,0
74,10018649925317144938,0,0,0,0,0,0,0,0,0,0,0,0,0,0,0,0,0,0,0,0,0,0,0,0,0,0,0,0,0,0,0,0,0,41,0,0,0,0,0,0,0,0,0,0,0,0,_warehouse_graveyard,0,0,0,0,0,0,0,0,0,0,0,0,0,0,0,0,0,0,0,0,0,0,0,0,0,0
74,10018649925317144938,98732,0,0,0,0,0,96424,0,0,0,0,0,0,0,0,0,0,0,0,0,0,0,0,0,0,303392,0,0,0,197399,0,0,0,42,0,0,0,0,0,0,1031,0,0,195130,0,0,district,0,0,0,0,0,0,0,0,0,0,0,0,0,104888,0,0,104888,0,0,0,0,0,195112,0,0,0
74,10018649925317144938,0,0,0,0,0,0,0,0,0,0,0,0,0,0,0,0,0,0,0,0,0,0,0,0,0,0,0,0,0,0,0,0,0,43,0,0,0,0,0,0,0,0,0,0,0,0,_district_graveyard,0,0,0,0,0,0,0,0,0,0,0,0,0,0,0,0,0,0,0,0,0,0,0,0,0,0
74,10018649925317144938,64159,0,0,0,0,0,60882,0,0,0,0,0,0,0,0,0,0,0,0,0,0,0,0,0,0,804624,0,0,0,125036,0,0,0,44,0,0,0,0,0,0,5,0,0,125027,0,0,customer,0,0,0,0,0,0,0,0,0,0,0,0,0,143157,0,0,143157,0,0,0,0,0,125020,0,0,0
74,10018649925317144938,0,0,0,0,0,0,0,0,0,0,0,0,0,0,0,0,0,0,0,0,0,0,0,0,0,0,0,0,0,0,0,0,0,45,0,0,0,0,0,0,0,0,0,0,0,0,_customer_graveyard,0,0,0,0,0,0,0,0,0,0,0,0,0,0,0,0,0,0,0,0,0,0,0,0,0,0
74,10018649925317144938,0,0,0,0,0,0,0,0,0,0,0,0,0,0,0,0,0,0,0,0,0,0,0,0,0,186003,0,0,0,0,0,0,0,46,0,0,0,0,0,0,62001,0,0,0,0,0,customerwdl,0,0,0,0,0,0,0,0,0,0,0,62000,0,61999,0,0,61999,0,0,0,0,0,0,0,0,0
74,10018649925317144938,0,0,0,0,0,0,0,0,0,0,0,0,0,0,0,0,0,0,0,0,0,0,0,0,0,0,0,0,0,0,0,0,0,47,0,0,0,0,0,0,0,0,0,0,0,0,_customerwdl_graveyard,0,0,0,0,0,0,0,0,0,0,0,0,0,0,0,0,0,0,0,0,0,0,0,0,0,0
74,10018649925317144938,0,0,0,0,0,0,0,0,0,0,0,0,0,0,0,0,0,0,0,0,0,0,0,0,2277,121662,0,0,0,40553,0,0,0,48,0,0,0,0,0,0,0,0,0,0,0,0,history,0,0,0,0,0,0,0,2304,0,0,0,0,2304,0,0,0,0,0,0,0,0,0,0,0,0,0
74,10018649925317144938,0,0,0,0,0,0,0,0,0,0,0,0,0,0,0,0,0,0,0,0,0,0,0,0,0,0,0,0,0,0,0,0,0,49,0,0,0,0,0,0,0,0,0,0,0,0,_history_graveyard,0,0,0,0,0,0,0,0,0,0,0,0,0,0,0,0,0,0,0,0,0,0,0,0,0,0
74,10018649925317144938,43365,85742,0,85740,0,0,43293,0,0,0,0,0,0,0,0,0,0,0,0,0,0,0,53108,0,2110,1171266,0,0,0,275079,0,9860,0,50,1,0,0,0,0,0,115330,0,0,0,0,0,neworder,91325,9860,0,0,0,0,0,3921,0,0,0,86955,3921,96814,0,0,96814,0,1810,0,0,0,0,0,0,0
74,10018649925317144938,0,0,0,0,0,0,0,0,0,0,0,0,0,0,0,0,0,0,0,0,0,0,0,0,0,0,0,0,0,0,0,0,0,51,0,0,0,0,0,0,0,0,0,0,0,0,_neworder_graveyard,0,0,0,0,0,0,0,0,0,0,0,0,0,0,0,0,0,0,0,0,0,0,0,0,0,0
74,10018649925317144938,43717,0,0,0,0,0,42935,0,0,0,0,0,0,0,0,0,0,0,0,0,0,0,0,0,4356,844332,0,0,0,191260,0,0,0,52,0,0,0,0,0,0,0,0,0,86652,0,0,order,0,0,0,0,0,0,0,4363,0,0,0,0,4363,90182,0,0,90180,0,0,0,0,0,86649,0,0,0
74,10018649925317144938,0,0,0,0,0,0,0,0,0,0,0,0,0,0,0,0,0,0,0,0,0,0,0,0,0,0,0,0,0,0,0,0,0,53,0,0,0,0,0,0,0,0,0,0,0,0,_order_graveyard,0,0,0,0,0,0,0,0,0,0,0,0,0,0,0,0,0,0,0,0,0,0,0,0,0,0
74,10018649925317144938,0,0,0,0,0,0,0,0,0,0,0,0,0,0,0,0,3530,0,0,0,0,0,0,0,1377,315453,0,0,0,101617,0,0,0,54,0,0,0,0,0,0,3530,0,0,0,0,0,order_wdc,0,0,0,0,0,0,0,1378,0,0,0,0,1378,3529,0,0,3529,0,0,0,0,0,0,0,0,0
74,10018649925317144938,0,0,0,0,0,0,0,0,0,0,0,0,0,0,0,0,0,0,0,0,0,0,0,0,0,0,0,0,0,0,0,0,0,55,0,0,0,0,0,0,0,0,0,0,0,0,_order_wdc_graveyard,0,0,0,0,0,0,0,0,0,0,0,0,0,0,0,0,0,0,0,0,0,0,0,0,0,0
74,10018649925317144938,437866,0,0,0,0,0,427802,0,0,0,0,0,0,0,0,0,0,0,0,0,0,0,101117,0,59534,7745256,0,0,0,1923712,0,942,0,56,0,0,0,0,0,0,12591,0,0,865606,0,0,orderline,1838156,942,0,0,0,0,0,60318,0,0,0,12526,60318,1850569,0,0,1850542,0,0,0,0,0,865555,0,0,0
74,10018649925317144938,0,0,0,0,0,0,0,0,0,0,0,0,0,0,0,0,0,0,0,0,0,0,0,0,0,0,0,0,0,0,0,0,0,57,0,0,0,0,0,0,0,0,0,0,0,0,_orderline_graveyard,0,0,0,0,0,0,0,0,0,0,0,0,0,0,0,0,0,0,0,0,0,0,0,0,0,0
74,10018649925317144938,0,0,0,0,0,0,0,0,0,0,0,0,0,0,0,0,0,0,0,0,0,0,0,0,0,1996701,0,0,0,0,0,0,0,58,0,0,0,0,0,0,0,0,0,0,0,0,item,0,0,0,0,0,0,0,0,0,0,0,0,0,998238,0,0,998227,0,0,0,0,0,0,0,0,0
75,10018649925317144938,0,0,0,0,0,0,0,0,0,0,0,0,0,0,0,0,0,0,0,0,0,0,0,0,0,0,0,0,0,0,0,0,0,61,0,0,0,0,0,0,0,0,0,0,0,0,_stock_graveyard,0,0,0,0,0,0,0,0,0,0,0,0,0,0,0,0,0,0,0,0,0,0,0,0,0,0
75,10018649925317144938,504528,0,0,0,0,0,492500,0,0,0,0,0,0,0,0,0,0,0,0,0,0,0,0,0,0,15110872,0,0,0,998189,0,0,0,60,0,0,0,0,0,0,1087,0,0,997094,0,0,stock,0,0,0,0,0,0,0,0,0,0,0,0,0,2778515,0,0,2778510,0,0,0,0,0,997175,0,0,0
75,10018649925317144938,0,0,0,0,0,0,0,0,0,0,0,0,0,0,0,0,0,0,0,0,0,0,0,0,0,0,0,0,0,0,0,0,0,59,0,0,0,0,0,0,0,0,0,0,0,0,_item_graveyard,0,0,0,0,0,0,0,0,0,0,0,0,0,0,0,0,0,0,0,0,0,0,0,0,0,0
75,10018649925317144938,0,0,0,0,0,0,0,0,0,0,0,0,0,0,0,0,0,0,0,0,0,0,397,0,2396,68831,0,0,0,68617,0,0,0,28,397,855,0,0,0,0,213,0,0,0,0,2815,_history_tree_14_updates,2103,0,0,0,0,0,0,5219,2815,0,0,0,8034,0,0,0,0,0,2426,0,0,0,0,0,0,0
75,10018649925317144938,0,0,0,0,0,0,0,0,0,0,0,0,0,0,0,0,0,0,0,0,0,0,1006,0,6,9285,0,0,0,9273,0,0,0,27,2649,2,0,0,0,0,12,0,0,0,0,2655,_history_tree_13_removes,3102,0,0,0,0,0,0,2661,2655,0,0,0,5316,0,0,0,0,0,6,0,0,0,0,0,0,0
75,10018649925317144938,0,0,0,0,0,0,0,0,0,0,0,0,0,0,0,0,0,0,0,0,0,0,336,0,2377,68194,0,0,0,67987,0,0,0,26,336,800,0,0,0,0,207,0,0,0,0,2708,_history_tree_13_updates,2027,0,0,0,0,0,0,5093,2708,0,0,0,7801,0,0,0,0,0,2380,0,0,0,0,0,0,0
75,10018649925317144938,0,0,0,0,0,0,0,0,0,0,0,0,0,0,0,0,0,0,0,0,0,0,1014,0,7,9335,0,0,0,9321,0,0,0,25,2623,2,0,0,0,0,14,0,0,0,0,2630,_history_tree_12_removes,3074,0,0,0,0,0,0,2637,2630,0,0,0,5267,0,0,0,0,0,7,0,0,0,0,0,0,0
75,10018649925317144938,0,0,0,0,0,0,0,0,0,0,0,0,0,0,0,0,0,0,0,0,0,0,353,0,2389,68513,0,0,0,68297,0,0,0,24,353,865,0,0,0,0,216,0,0,0,0,2755,_history_tree_12_updates,2020,0,0,0,0,0,0,5149,2755,0,0,0,7904,0,0,0,0,0,2407,0,0,0,0,0,0,0
75,10018649925317144938,0,0,0,0,0,0,0,0,0,0,0,0,0,0,0,0,0,0,0,0,0,0,1174,0,5,10149,0,0,0,10131,0,0,0,23,2682,2,0,0,0,0,18,0,0,0,0,2687,_history_tree_11_removes,3169,0,0,0,0,0,0,2692,2687,0,0,0,5379,0,0,0,0,0,5,0,0,0,0,0,0,0
75,10018649925317144938,0,0,0,0,0,0,0,0,0,0,0,0,0,0,0,0,0,0,0,0,0,0,301,0,2446,70940,0,0,0,70714,0,0,0,22,301,817,0,0,0,0,224,0,0,0,0,2719,_history_tree_11_updates,2057,0,0,0,0,0,0,5188,2719,0,0,0,7908,0,0,0,0,0,2441,0,0,0,0,0,0,0
75,10018649925317144938,0,0,0,0,0,0,0,0,0,0,0,0,0,0,0,0,0,0,0,0,0,0,1053,0,3,9383,0,0,0,9370,0,0,0,21,2661,0,0,0,0,0,13,0,0,0,0,2665,_history_tree_10_removes,3125,0,0,0,0,0,0,2668,2665,0,0,0,5333,0,0,0,0,0,4,0,0,0,0,0,0,0
75,10018649925317144938,0,0,0,0,0,0,0,0,0,0,0,0,0,0,0,0,0,0,0,0,0,0,344,0,2387,68539,0,0,0,68310,0,0,0,20,344,805,0,0,0,0,228,0,0,0,0,2743,_history_tree_10_updates,2063,0,0,0,0,0,0,5130,2743,0,0,0,7873,0,0,0,0,0,2399,0,0,0,0,0,0,0
75,10018649925317144938,0,0,0,0,0,0,0,0,0,0,0,0,0,0,0,0,0,0,0,0,0,0,1035,0,5,9587,0,0,0,9579,0,0,0,19,2609,1,0,0,0,0,8,0,0,0,0,2614,_history_tree_9_removes,3080,0,0,0,0,0,0,2619,2614,0,0,0,5233,0,0,0,0,0,5,0,0,0,0,0,0,0
75,10018649925317144938,0,0,0,0,0,0,0,0,0,0,0,0,0,0,0,0,0,0,0,0,0,0,339,0,2385,68777,0,0,0,68546,0,0,0,18,339,841,0,0,0,0,231,0,0,0,0,2732,_history_tree_9_updates,2032,0,0,0,0,0,0,5122,2732,0,0,0,7854,0,0,0,0,0,2398,0,0,0,0,0,0,0
75,10018649925317144938,0,0,0,0,0,0,0,0,0,0,0,0,0,0,0,0,0,0,0,0,0,0,998,0,5,9184,0,0,0,9161,0,0,0,17,2694,1,0,0,0,0,23,0,0,0,0,2700,_history_tree_8_removes,3166,0,0,0,0,0,0,2705,2700,0,0,0,5405,0,0,0,0,0,6,0,0,0,0,0,0,0
75,10018649925317144938,0,0,0,0,0,0,0,0,0,0,0,0,0,0,0,0,0,0,0,0,0,0,334,0,2357,67496,0,0,0,67270,0,0,0,16,335,793,0,0,0,0,228,0,0,0,0,2714,_history_tree_8_updates,2083,0,0,0,0,0,0,5080,2714,0,0,0,7794,0,0,0,0,0,2388,0,0,0,0,0,0,0
75,10018649925317144938,0,0,0,0,0,0,0,0,0,0,0,0,0,0,0,0,0,0,0,0,0,0,1044,0,3,9458,0,0,0,9440,0,0,0,15,2752,1,0,0,0,0,18,0,0,0,0,2756,_history_tree_7_removes,3200,0,0,0,0,0,0,2759,2756,0,0,0,5515,0,0,0,0,0,4,0,0,0,0,0,0,0
75,10018649925317144938,0,0,0,0,0,0,0,0,0,0,0,0,0,0,0,0,0,0,0,0,0,0,343,0,2396,68786,0,0,0,68588,0,0,0,14,343,801,0,0,0,0,199,0,0,0,0,2769,_history_tree_7_updates,2098,0,0,0,0,0,0,5168,2769,0,0,0,7937,0,0,0,0,0,2429,0,0,0,0,0,0,0
75,10018649925317144938,0,0,0,0,0,0,0,0,0,0,0,0,0,0,0,0,0,0,0,0,0,0,1038,0,4,9363,0,0,0,9345,0,0,0,13,2701,2,0,0,0,0,18,0,0,0,0,2705,_history_tree_6_removes,3156,0,0,0,0,0,0,2709,2705,0,0,0,5414,0,0,0,0,0,4,0,0,0,0,0,0,0
75,10018649925317144938,0,0,0,0,0,0,0,0,0,0,0,0,0,22490632,23008798,0,0,0,0,0,0,0,329,0,2419,69466,0,0,0,69257,0,0,0,0,329,801,0,0,0,0,208,0,0,0,0,2771,_history_tree_0_updates,2109,0,1516769,0,0,0,0,5195,2771,0,0,0,7966,0,0,0,0,0,2447,0,0,0,0,717260,0,0
75,10018649925317144938,0,0,0,0,0,0,0,0,0,0,0,0,0,0,0,0,0,0,0,0,0,0,1047,0,5,9584,0,0,0,9567,0,0,0,1,2756,1,0,0,0,0,17,0,0,0,0,2761,_history_tree_0_removes,3239,0,0,0,0,0,0,2766,2761,0,0,0,5527,0,0,0,0,0,5,0,0,0,0,0,0,0
75,10018649925317144938,0,0,0,0,0,0,0,0,0,0,0,0,0,0,0,0,0,0,0,0,0,0,367,0,2369,67869,0,0,0,67660,0,0,0,2,367,818,0,0,0,0,209,0,0,0,0,2762,_history_tree_1_updates,2070,0,0,0,0,0,0,5131,2762,0,0,0,7893,0,0,0,0,0,2395,0,0,0,0,0,0,0
75,10018649925317144938,0,0,0,0,0,0,0,0,0,0,0,0,0,0,0,0,0,0,0,0,0,0,991,0,6,9211,0,0,0,9202,0,0,0,3,2686,2,0,0,0,0,9,0,0,0,0,2693,_history_tree_1_removes,3141,0,0,0,0,0,0,2699,2693,0,0,0,5392,0,0,0,0,0,7,0,0,0,0,0,0,0
75,10018649925317144938,0,0,0,0,0,0,0,0,0,0,0,0,0,0,0,0,0,0,0,0,0,0,346,0,2413,69052,0,0,0,68838,0,0,0,4,346,875,0,0,0,0,214,0,0,0,0,2775,_history_tree_2_updates,2040,0,0,0,0,0,0,5209,2775,0,0,0,7984,0,0,0,0,0,2450,0,0,0,0,0,0,0
75,10018649925317144938,0,0,0,0,0,0,0,0,0,0,0,0,0,0,0,0,0,0,0,0,0,0,1045,0,5,9474,0,0,0,9455,0,0,0,5,2628,3,0,0,0,0,19,0,0,0,0,2635,_history_tree_2_removes,3100,0,0,0,0,0,0,2640,2635,0,0,0,5275,0,0,0,0,0,7,0,0,0,0,0,0,0
75,10018649925317144938,0,0,0,0,0,0,0,0,0,0,0,0,0,0,0,0,0,0,0,0,0,0,342,0,2393,68786,0,0,0,68579,0,0,0,6,342,777,0,0,0,0,205,0,0,0,0,2696,_history_tree_3_updates,2084,0,0,0,0,0,0,5119,2696,0,0,0,7815,0,0,0,0,0,2384,0,0,0,0,0,0,0
75,10018649925317144938,0,0,0,0,0,0,0,0,0,0,0,0,0,0,0,0,0,0,0,0,0,0,1060,0,4,9449,0,0,0,9430,0,0,0,7,2624,1,0,0,0,0,19,0,0,0,0,2628,_history_tree_3_removes,3098,0,0,0,0,0,0,2632,2628,0,0,0,5260,0,0,0,0,0,4,0,0,0,0,0,0,0
75,10018649925317144938,0,0,0,0,0,0,0,0,0,0,0,0,0,0,0,0,0,0,0,0,0,0,339,0,2395,68728,0,0,0,68490,0,0,0,8,339,818,0,0,0,0,238,0,0,0,0,2748,_history_tree_4_updates,2079,0,0,0,0,0,0,5144,2748,0,0,0,7892,0,0,0,0,0,2410,0,0,0,0,0,0,0
75,10018649925317144938,0,0,0,0,0,0,0,0,0,0,0,0,0,0,0,0,0,0,0,0,0,0,1005,0,4,9354,0,0,0,9341,0,0,0,9,2705,0,0,0,0,0,13,0,0,0,0,2710,_history_tree_4_removes,3192,0,0,0,0,0,0,2714,2710,0,0,0,5424,0,0,0,0,0,5,0,0,0,0,0,0,0
75,10018649925317144938,0,0,0,0,0,0,0,0,0,0,0,0,0,0,0,0,0,0,0,0,0,0,377,0,2414,69432,0,0,0,69223,0,0,0,10,377,837,0,0,0,0,210,0,0,0,0,2806,_history_tree_5_updates,2100,0,0,0,0,0,0,5228,2806,0,0,0,8034,0,0,0,0,0,2437,0,0,0,0,0,0,0
75,10018649925317144938,0,0,0,0,0,0,0,0,0,0,0,0,0,0,0,0,0,0,0,0,0,0,1054,0,5,9675,0,0,0,9658,0,0,0,11,2657,1,0,0,0,0,16,0,0,0,0,2663,_history_tree_5_removes,3129,0,0,0,0,0,0,2668,2663,0,0,0,5331,0,0,0,0,0,6,0,0,0,0,0,0,0
75,10018649925317144938,0,0,0,0,0,0,0,0,0,0,0,0,0,0,0,0,0,0,0,0,0,0,343,0,2407,68973,0,0,0,68775,0,0,0,12,343,802,0,0,0,0,199,0,0,0,0,2689,_history_tree_6_updates,2055,0,0,0,0,0,0,5144,2689,0,0,0,7833,0,0,0,0,0,2394,0,0,0,0,0,0,0
75,10018649925317144938,0,0,0,0,0,0,0,0,0,0,0,0,0,0,0,0,0,0,0,0,0,0,1063,0,6,9521,0,0,0,9504,0,0,0,29,2667,1,0,0,0,0,17,0,0,0,0,2674,_history_tree_14_removes,3153,0,0,0,0,0,0,2680,2674,0,0,0,5354,0,0,0,0,0,7,0,0,0,0,0,0,0
75,10018649925317144938,0,0,0,0,0,0,0,0,0,0,0,0,0,0,0,0,0,0,0,0,0,0,336,0,2402,68965,0,0,0,68748,0,0,0,30,336,835,0,0,0,0,216,0,0,0,0,2770,_history_tree_15_updates,2062,0,0,0,0,0,0,5172,2770,0,0,0,7942,0,0,0,0,0,2434,0,0,0,0,0,0,0
75,10018649925317144938,0,0,0,0,0,0,0,0,0,0,0,0,0,0,0,0,0,0,0,0,0,0,1030,0,6,9512,0,0,0,9491,0,0,0,31,2652,1,0,0,0,0,21,0,0,0,0,2659,_history_tree_15_removes,3114,0,0,0,0,0,0,2665,2659,0,0,0,5324,0,0,0,0,0,7,0,0,0,0,0,0,0
75,10018649925317144938,0,0,0,0,0,0,0,0,0,0,0,0,0,0,0,0,0,0,0,0,0,0,321,0,2432,70234,0,0,0,70000,0,0,0,32,321,821,0,0,0,0,232,0,0,0,0,2769,_history_tree_16_updates,2076,0,0,0,0,0,0,5201,2769,0,0,0,7971,0,0,0,0,0,2448,0,0,0,0,0,0,0
75,10018649925317144938,0,0,0,0,0,0,0,0,0,0,0,0,0,0,0,0,0,0,0,0,0,0,1111,0,4,9985,0,0,0,9967,0,0,0,33,2717,2,0,0,0,0,18,0,0,0,0,2723,_history_tree_16_removes,3202,0,0,0,0,0,0,2727,2723,0,0,0,5450,0,0,0,0,0,6,0,0,0,0,0,0,0
75,10018649925317144938,0,0,0,0,0,0,0,0,0,0,0,0,0,0,0,0,0,0,0,0,0,0,346,0,2372,145640,0,0,0,72619,0,0,0,34,10823,2781,0,0,0,0,200,0,0,0,0,6509,_history_tree_17_updates,4102,0,0,0,0,0,0,15629,13018,0,0,0,22138,0,0,0,0,0,2435,0,0,0,0,0,0,0
75,10018649925317144938,0,0,0,0,0,0,0,0,0,0,0,0,0,0,0,0,0,0,0,0,0,0,871,0,15,9424,0,0,0,9408,0,0,0,35,2513,10,0,0,0,0,16,0,0,0,0,2530,_history_tree_17_removes,2970,0,0,0,0,0,0,2545,2530,0,0,0,5075,0,0,0,0,0,17,0,0,0,0,0,0,0
75,10018649925317144938,0,0,0,0,0,0,0,0,0,0,0,0,0,0,0,0,0,0,0,0,0,0,386,0,2395,68486,0,0,0,68280,0,0,0,36,386,846,0,0,0,0,206,0,0,0,0,2788,_history_tree_18_updates,2099,0,0,0,0,0,0,5197,2788,0,0,0,7985,0,0,0,0,0,2416,0,0,0,0,0,0,0
75,10018649925317144938,0,0,0,0,0,0,0,0,0,0,0,0,0,0,0,0,0,0,0,0,0,0,974,0,7,9263,0,0,0,9246,0,0,0,37,2683,2,0,0,0,0,17,0,0,0,0,2690,_history_tree_18_removes,3156,0,0,0,0,0,0,2697,2690,0,0,0,5387,0,0,0,0,0,7,0,0,0,0,0,0,0
75,10018649925317144938,0,0,0,0,0,0,0,0,0,0,0,0,0,0,0,0,0,0,0,0,0,0,358,0,2402,68984,0,0,0,68768,0,0,0,38,358,883,0,0,0,0,216,0,0,0,0,2771,_history_tree_19_updates,2057,0,0,0,0,0,0,5218,2771,0,0,0,7989,0,0,0,0,0,2458,0,0,0,0,0,0,0
75,10018649925317144938,0,0,0,0,0,0,0,0,0,0,0,0,0,0,0,0,0,0,0,0,0,0,1110,0,4,9649,0,0,0,9635,0,0,0,39,2683,3,0,0,0,0,14,0,0,0,0,2689,_history_tree_19_removes,3149,0,0,0,0,0,0,2693,2689,0,0,0,5382,0,0,0,0,0,6,0,0,0,0,0,0,0
75,10018649925317144938,49560,0,0,0,0,0,46155,0,0,0,0,0,0,0,0,0,0,0,0,0,0,0,0,0,0,298619,0,0,0,97801,0,0,0,40,0,0,0,0,0,0,2211,0,0,95719,0,0,warehouse,0,0,0,0,0,0,0,0,0,0,0,0,0,198297,0,0,198297,0,0,0,0,0,95722,0,0,0
75,10018649925317144938,0,0,0,0,0,0,0,0,0,0,0,0,0,0,0,0,0,0,0,0,0,0,0,0,0,0,0,0,0,0,0,0,0,41,0,0,0,0,0,0,0,0,0,0,0,0,_warehouse_graveyard,0,0,0,0,0,0,0,0,0,0,0,0,0,0,0,0,0,0,0,0,0,0,0,0,0,0
75,10018649925317144938,98713,0,0,0,0,0,96404,0,0,0,0,0,0,0,0,0,0,0,0,0,0,0,0,0,1,303090,0,0,0,197341,0,0,0,42,0,0,0,0,0,0,995,0,0,195131,0,0,district,0,0,0,0,0,0,0,1,0,0,0,0,1,104702,0,0,104702,1,0,0,0,0,195141,0,0,0
75,10018649925317144938,0,0,0,0,0,0,0,0,0,0,0,0,0,0,0,0,0,0,0,0,0,0,0,0,0,0,0,0,0,0,0,0,0,43,0,0,0,0,0,0,0,0,0,0,0,0,_district_graveyard,0,0,0,0,0,0,0,0,0,0,0,0,0,0,0,0,0,0,0,0,0,0,0,0,0,0
75,10018649925317144938,64512,0,0,0,0,0,61286,0,0,0,0,0,0,0,0,0,0,0,0,0,0,0,0,0,0,806450,0,0,0,125814,0,0,0,44,0,0,0,0,0,0,8,0,0,125808,0,0,customer,0,0,0,0,0,0,0,0,0,0,0,0,0,143002,0,0,143003,0,0,0,0,0,125815,0,0,0
75,10018649925317144938,0,0,0,0,0,0,0,0,0,0,0,0,0,0,0,0,0,0,0,0,0,0,0,0,0,0,0,0,0,0,0,0,0,45,0,0,0,0,0,0,0,0,0,0,0,0,_customer_graveyard,0,0,0,0,0,0,0,0,0,0,0,0,0,0,0,0,0,0,0,0,0,0,0,0,0,0
75,10018649925317144938,0,0,0,0,0,0,0,0,0,0,0,0,0,0,0,0,0,0,0,0,0,0,0,0,0,187377,0,0,0,0,0,0,0,46,0,0,0,0,0,0,62460,0,0,0,0,0,customerwdl,0,0,0,0,0,0,0,0,0,0,0,62460,0,62460,0,0,62461,0,0,0,0,0,0,0,0,0
75,10018649925317144938,0,0,0,0,0,0,0,0,0,0,0,0,0,0,0,0,0,0,0,0,0,0,0,0,0,0,0,0,0,0,0,0,0,47,0,0,0,0,0,0,0,0,0,0,0,0,_customerwdl_graveyard,0,0,0,0,0,0,0,0,0,0,0,0,0,0,0,0,0,0,0,0,0,0,0,0,0,0
75,10018649925317144938,0,0,0,0,0,0,0,0,0,0,0,0,0,0,0,0,0,0,0,0,0,0,0,0,2256,120345,0,0,0,40115,0,0,0,48,0,0,0,0,0,0,0,0,0,0,0,0,history,0,0,0,0,0,0,0,2282,0,0,0,0,2282,0,0,0,0,0,0,0,0,0,0,0,0,0
75,10018649925317144938,0,0,0,0,0,0,0,0,0,0,0,0,0,0,0,0,0,0,0,0,0,0,0,0,0,0,0,0,0,0,0,0,0,49,0,0,0,0,0,0,0,0,0,0,0,0,_history_graveyard,0,0,0,0,0,0,0,0,0,0,0,0,0,0,0,0,0,0,0,0,0,0,0,0,0,0
75,10018649925317144938,44045,88300,0,88300,0,0,43968,0,0,0,0,0,0,0,0,0,0,0,0,0,0,0,54233,0,2100,1189640,0,0,0,279334,0,9884,0,50,6,0,0,0,0,0,117207,0,0,0,0,0,neworder,92970,9886,0,0,0,0,0,3966,0,0,0,88350,3968,98238,0,0,98240,0,1859,0,0,0,0,0,0,0
75,10018649925317144938,0,0,0,0,0,0,0,0,0,0,0,0,0,0,0,0,0,0,0,0,0,0,0,0,0,0,0,0,0,0,0,0,0,51,0,0,0,0,0,0,0,0,0,0,0,0,_neworder_graveyard,0,0,0,0,0,0,0,0,0,0,0,0,0,0,0,0,0,0,0,0,0,0,0,0,0,0
75,10018649925317144938,44599,0,0,0,0,0,43436,0,0,0,0,0,0,0,0,0,0,0,0,0,0,0,0,0,4403,854357,0,0,0,193063,0,0,0,52,0,0,0,0,0,0,0,0,0,88036,0,0,order,0,0,0,0,0,0,0,4421,0,0,0,0,4421,91725,0,0,91726,0,0,0,0,0,88037,0,0,0
75,10018649925317144938,0,0,0,0,0,0,0,0,0,0,0,0,0,0,0,0,0,0,0,0,0,0,0,0,0,0,0,0,0,0,0,0,0,53,0,0,0,0,0,0,0,0,0,0,0,0,_order_graveyard,0,0,0,0,0,0,0,0,0,0,0,0,0,0,0,0,0,0,0,0,0,0,0,0,0,0
75,10018649925317144938,0,0,0,0,0,0,0,0,0,0,0,0,0,0,0,0,3689,0,0,0,0,0,0,0,1461,317373,0,0,0,102102,0,0,0,54,0,0,0,0,0,0,3689,0,0,0,0,0,order_wdc,0,0,0,0,0,0,0,1465,0,0,0,0,1465,3689,0,0,3689,0,0,0,0,0,0,0,0,0
75,10018649925317144938,0,0,0,0,0,0,0,0,0,0,0,0,0,0,0,0,0,0,0,0,0,0,0,0,0,0,0,0,0,0,0,0,0,55,0,0,0,0,0,0,0,0,0,0,0,0,_order_wdc_graveyard,0,0,0,0,0,0,0,0,0,0,0,0,0,0,0,0,0,0,0,0,0,0,0,0,0,0
75,10018649925317144938,444304,0,0,0,0,0,434302,0,0,0,0,0,0,0,0,0,0,0,0,0,0,0,100959,0,59876,7820972,0,0,0,1942499,0,894,0,56,0,0,0,0,0,0,12753,0,0,878636,0,0,orderline,1834176,894,0,0,0,0,0,60697,0,0,0,12669,60697,1846886,0,0,1846897,0,0,0,0,0,878662,0,0,0
75,10018649925317144938,0,0,0,0,0,0,0,0,0,0,0,0,0,0,0,0,0,0,0,0,0,0,0,0,0,0,0,0,0,0,0,0,0,57,0,0,0,0,0,0,0,0,0,0,0,0,_orderline_graveyard,0,0,0,0,0,0,0,0,0,0,0,0,0,0,0,0,0,0,0,0,0,0,0,0,0,0
75,10018649925317144938,0,0,0,0,0,0,0,0,0,0,0,0,0,0,0,0,0,0,0,0,0,0,0,0,0,2008498,0,0,0,0,0,0,0,58,0,0,0,0,0,0,0,0,0,0,0,0,item,0,0,0,0,0,0,0,0,0,0,0,0,0,1004372,0,0,1004384,0,0,0,0,0,0,0,0,0
76,10018649925317144938,0,0,0,0,0,0,0,0,0,0,0,0,0,0,0,0,0,0,0,0,0,0,0,0,0,0,0,0,0,0,0,0,0,61,0,0,0,0,0,0,0,0,0,0,0,0,_stock_graveyard,0,0,0,0,0,0,0,0,0,0,0,0,0,0,0,0,0,0,0,0,0,0,0,0,0,0
76,10018649925317144938,499623,0,0,0,0,0,487844,0,0,0,0,0,0,0,0,0,0,0,0,0,0,0,0,0,0,15169444,0,0,0,988591,0,0,0,60,0,0,0,0,0,0,1077,0,0,987484,0,0,stock,0,0,0,0,0,0,0,0,0,0,0,0,0,2802848,0,0,2802867,0,0,0,0,0,987455,0,0,0
76,10018649925317144938,0,0,0,0,0,0,0,0,0,0,0,0,0,0,0,0,0,0,0,0,0,0,0,0,0,0,0,0,0,0,0,0,0,59,0,0,0,0,0,0,0,0,0,0,0,0,_item_graveyard,0,0,0,0,0,0,0,0,0,0,0,0,0,0,0,0,0,0,0,0,0,0,0,0,0,0
76,10018649925317144938,0,0,0,0,0,0,0,0,0,0,0,0,0,0,0,0,0,0,0,0,0,0,339,0,2354,67466,0,0,0,67265,0,0,0,28,339,805,0,0,0,0,200,0,0,0,0,2684,_history_tree_14_updates,1999,0,0,0,0,0,0,5049,2684,0,0,0,7733,0,0,0,0,0,2356,0,0,0,0,0,0,0
76,10018649925317144938,0,0,0,0,0,0,0,0,0,0,0,0,0,0,0,0,0,0,0,0,0,0,1015,0,6,9327,0,0,0,9312,0,0,0,27,2661,3,0,0,0,0,15,0,0,0,0,2667,_history_tree_13_removes,3113,0,0,0,0,0,0,2673,2667,0,0,0,5340,0,0,0,0,0,6,0,0,0,0,0,0,0
76,10018649925317144938,0,0,0,0,0,0,0,0,0,0,0,0,0,0,0,0,0,0,0,0,0,0,335,0,2412,69102,0,0,0,68882,0,0,0,26,335,841,0,0,0,0,220,0,0,0,0,2702,_history_tree_13_updates,2021,0,0,0,0,0,0,5161,2702,0,0,0,7867,0,0,0,0,0,2416,0,0,0,0,0,0,0
76,10018649925317144938,0,0,0,0,0,0,0,0,0,0,0,0,0,0,0,0,0,0,0,0,0,0,1084,0,9,9798,0,0,0,9783,0,0,0,25,2611,4,0,0,0,0,15,0,0,0,0,2620,_history_tree_12_removes,3078,0,0,0,0,0,0,2629,2620,0,0,0,5249,0,0,0,0,0,9,0,0,0,0,0,0,0
76,10018649925317144938,0,0,0,0,0,0,0,0,0,0,0,0,0,0,0,0,0,0,0,0,0,0,351,0,2415,69689,0,0,0,69476,0,0,0,24,352,877,0,0,0,0,212,0,0,0,0,2749,_history_tree_12_updates,2016,0,0,0,0,0,0,5186,2749,0,0,0,7935,0,0,0,0,0,2419,0,0,0,0,0,0,0
76,10018649925317144938,0,0,0,0,0,0,0,0,0,0,0,0,0,0,0,0,0,0,0,0,0,0,1058,0,6,9609,0,0,0,9595,0,0,0,23,2594,1,0,0,0,0,14,0,0,0,0,2600,_history_tree_11_removes,3055,0,0,0,0,0,0,2606,2600,0,0,0,5206,0,0,0,0,0,6,0,0,0,0,0,0,0
76,10018649925317144938,0,0,0,0,0,0,0,0,0,0,0,0,0,0,0,0,0,0,0,0,0,0,340,0,2395,69041,0,0,0,68823,0,0,0,22,340,854,0,0,0,0,217,0,0,0,0,2721,_history_tree_11_updates,2010,0,0,0,0,0,0,5135,2721,0,0,0,7855,0,0,0,0,0,2400,0,0,0,0,0,0,0
76,10018649925317144938,0,0,0,0,0,0,0,0,0,0,0,0,0,0,0,0,0,0,0,0,0,0,1091,0,7,9984,0,0,0,9970,0,0,0,21,2652,2,0,0,0,0,14,0,0,0,0,2659,_history_tree_10_removes,3116,0,0,0,0,0,0,2666,2659,0,0,0,5325,0,0,0,0,0,7,0,0,0,0,0,0,0
76,10018649925317144938,0,0,0,0,0,0,0,0,0,0,0,0,0,0,0,0,0,0,0,0,0,0,326,0,2432,70235,0,0,0,70019,0,0,0,20,326,859,0,0,0,0,216,0,0,0,0,2748,_history_tree_10_updates,2027,0,0,0,0,0,0,5196,2748,0,0,0,7944,0,0,0,0,0,2438,0,0,0,0,0,0,0
76,10018649925317144938,0,0,0,0,0,0,0,0,0,0,0,0,0,0,0,0,0,0,0,0,0,0,1056,0,6,9591,0,0,0,9583,0,0,0,19,2593,3,0,0,0,0,8,0,0,0,0,2600,_history_tree_9_removes,3076,0,0,0,0,0,0,2606,2600,0,0,0,5206,0,0,0,0,0,6,0,0,0,0,0,0,0
76,10018649925317144938,0,0,0,0,0,0,0,0,0,0,0,0,0,0,0,0,0,0,0,0,0,0,329,0,2426,69603,0,0,0,69421,0,0,0,18,329,895,0,0,0,0,181,0,0,0,0,2708,_history_tree_9_updates,2010,0,0,0,0,0,0,5185,2708,0,0,0,7893,0,0,0,0,0,2429,0,0,0,0,0,0,0
76,10018649925317144938,0,0,0,0,0,0,0,0,0,0,0,0,0,0,0,0,0,0,0,0,0,0,1025,0,9,9731,0,0,0,9711,0,0,0,17,2582,5,0,0,0,0,20,0,0,0,0,2591,_history_tree_8_removes,3054,0,0,0,0,0,0,2600,2591,0,0,0,5191,0,0,0,0,0,9,0,0,0,0,0,0,0
76,10018649925317144938,0,0,0,0,0,0,0,0,0,0,0,0,0,0,0,0,0,0,0,0,0,0,350,0,2418,69743,0,0,0,69551,0,0,0,16,350,878,0,0,0,0,189,0,0,0,0,2727,_history_tree_8_updates,2035,0,0,0,0,0,0,5193,2727,0,0,0,7920,0,0,0,0,0,2425,0,0,0,0,0,0,0
76,10018649925317144938,0,0,0,0,0,0,0,0,0,0,0,0,0,0,0,0,0,0,0,0,0,0,1035,0,9,9536,0,0,0,9520,0,0,0,15,2562,4,0,0,0,0,16,0,0,0,0,2571,_history_tree_7_removes,3033,0,0,0,0,0,0,2580,2571,0,0,0,5151,0,0,0,0,0,9,0,0,0,0,0,0,0
76,10018649925317144938,0,0,0,0,0,0,0,0,0,0,0,0,0,0,0,0,0,0,0,0,0,0,354,0,2379,68498,0,0,0,68279,0,0,0,14,356,838,0,0,0,0,216,0,0,0,0,2729,_history_tree_7_updates,2040,0,0,0,0,0,0,5119,2729,0,0,0,7848,0,0,0,0,0,2384,0,0,0,0,0,0,0
76,10018649925317144938,0,0,0,0,0,0,0,0,0,0,0,0,0,0,0,0,0,0,0,0,0,0,1013,0,9,9306,0,0,0,9292,0,0,0,13,2537,5,0,0,0,0,14,0,0,0,0,2546,_history_tree_6_removes,2989,0,0,0,0,0,0,2555,2546,0,0,0,5101,0,0,0,0,0,9,0,0,0,0,0,0,0
76,10018649925317144938,0,0,0,0,0,0,0,0,0,0,0,0,0,22489266,23033086,0,0,0,0,0,0,0,378,0,2396,68963,0,0,0,68770,0,0,0,0,378,889,0,0,0,0,195,0,0,0,0,2753,_history_tree_0_updates,2019,0,1515238,0,0,0,0,5175,2753,0,0,0,7929,0,0,0,0,0,2401,0,0,0,0,724994,0,0
76,10018649925317144938,0,0,0,0,0,0,0,0,0,0,0,0,0,0,0,0,0,0,0,0,0,0,1014,0,6,9536,0,0,0,9519,0,0,0,1,2576,2,0,0,0,0,17,0,0,0,0,2582,_history_tree_0_removes,3054,0,0,0,0,0,0,2588,2582,0,0,0,5170,0,0,0,0,0,6,0,0,0,0,0,0,0
76,10018649925317144938,0,0,0,0,0,0,0,0,0,0,0,0,0,0,0,0,0,0,0,0,0,0,349,0,2396,68776,0,0,0,68547,0,0,0,2,349,875,0,0,0,0,231,0,0,0,0,2708,_history_tree_1_updates,2001,0,0,0,0,0,0,5147,2708,0,0,0,7855,0,0,0,0,0,2402,0,0,0,0,0,0,0
76,10018649925317144938,0,0,0,0,0,0,0,0,0,0,0,0,0,0,0,0,0,0,0,0,0,0,970,0,9,9436,0,0,0,9418,0,0,0,3,2566,4,0,0,0,0,18,0,0,0,0,2575,_history_tree_1_removes,3012,0,0,0,0,0,0,2584,2575,0,0,0,5159,0,0,0,0,0,9,0,0,0,0,0,0,0
76,10018649925317144938,0,0,0,0,0,0,0,0,0,0,0,0,0,0,0,0,0,0,0,0,0,0,324,0,2396,68992,0,0,0,68796,0,0,0,4,324,863,0,0,0,0,194,0,0,0,0,2691,_history_tree_2_updates,1999,0,0,0,0,0,0,5127,2691,0,0,0,7819,0,0,0,0,0,2407,0,0,0,0,0,0,0
76,10018649925317144938,0,0,0,0,0,0,0,0,0,0,0,0,0,0,0,0,0,0,0,0,0,0,1030,0,5,9552,0,0,0,9544,0,0,0,5,2597,2,0,0,0,0,8,0,0,0,0,2602,_history_tree_2_removes,3049,0,0,0,0,0,0,2607,2602,0,0,0,5209,0,0,0,0,0,5,0,0,0,0,0,0,0
76,10018649925317144938,0,0,0,0,0,0,0,0,0,0,0,0,0,0,0,0,0,0,0,0,0,0,350,0,2422,69607,0,0,0,69342,0,0,0,6,350,868,0,0,0,0,265,0,0,0,0,2712,_history_tree_3_updates,2041,0,0,0,0,0,0,5200,2712,0,0,0,7912,0,0,0,0,0,2428,0,0,0,0,0,0,0
76,10018649925317144938,0,0,0,0,0,0,0,0,0,0,0,0,0,0,0,0,0,0,0,0,0,0,1017,0,7,9545,0,0,0,9531,0,0,0,7,2620,4,0,0,0,0,14,0,0,0,0,2627,_history_tree_3_removes,3077,0,0,0,0,0,0,2634,2627,0,0,0,5261,0,0,0,0,0,7,0,0,0,0,0,0,0
76,10018649925317144938,0,0,0,0,0,0,0,0,0,0,0,0,0,0,0,0,0,0,0,0,0,0,320,0,2384,68686,0,0,0,68489,0,0,0,8,320,844,0,0,0,0,197,0,0,0,0,2702,_history_tree_4_updates,1985,0,0,0,0,0,0,5096,2702,0,0,0,7798,0,0,0,0,0,2392,0,0,0,0,0,0,0
76,10018649925317144938,0,0,0,0,0,0,0,0,0,0,0,0,0,0,0,0,0,0,0,0,0,0,1047,0,6,9607,0,0,0,9587,0,0,0,9,2605,2,0,0,0,0,20,0,0,0,0,2611,_history_tree_4_removes,3067,0,0,0,0,0,0,2617,2611,0,0,0,5228,0,0,0,0,0,6,0,0,0,0,0,0,0
76,10018649925317144938,0,0,0,0,0,0,0,0,0,0,0,0,0,0,0,0,0,0,0,0,0,0,335,0,2390,68805,0,0,0,68605,0,0,0,10,335,874,0,0,0,0,201,0,0,0,0,2712,_history_tree_5_updates,1989,0,0,0,0,0,0,5124,2712,0,0,0,7836,0,0,0,0,0,2399,0,0,0,0,0,0,0
76,10018649925317144938,0,0,0,0,0,0,0,0,0,0,0,0,0,0,0,0,0,0,0,0,0,0,1054,0,8,9546,0,0,0,9530,0,0,0,11,2548,2,0,0,0,0,16,0,0,0,0,2556,_history_tree_5_removes,3021,0,0,0,0,0,0,2564,2556,0,0,0,5120,0,0,0,0,0,8,0,0,0,0,0,0,0
76,10018649925317144938,0,0,0,0,0,0,0,0,0,0,0,0,0,0,0,0,0,0,0,0,0,0,345,0,2405,68825,0,0,0,68593,0,0,0,12,345,907,0,0,0,0,233,0,0,0,0,2640,_history_tree_6_updates,1985,0,0,0,0,0,0,5166,2640,0,0,0,7806,0,0,0,0,0,2416,0,0,0,0,0,0,0
76,10018649925317144938,0,0,0,0,0,0,0,0,0,0,0,0,0,0,0,0,0,0,0,0,0,0,1022,0,8,9239,0,0,0,9223,0,0,0,29,2592,4,0,0,0,0,16,0,0,0,0,2600,_history_tree_14_removes,3040,0,0,0,0,0,0,2608,2600,0,0,0,5208,0,0,0,0,0,8,0,0,0,0,0,0,0
76,10018649925317144938,0,0,0,0,0,0,0,0,0,0,0,0,0,0,0,0,0,0,0,0,0,0,357,0,2401,68970,0,0,0,68786,0,0,0,30,357,878,0,0,0,0,185,0,0,0,0,2748,_history_tree_15_updates,2013,0,0,0,0,0,0,5170,2748,0,0,0,7918,0,0,0,0,0,2411,0,0,0,0,0,0,0
76,10018649925317144938,0,0,0,0,0,0,0,0,0,0,0,0,0,0,0,0,0,0,0,0,0,0,1030,0,8,9483,0,0,0,9473,0,0,0,31,2596,3,0,0,0,0,10,0,0,0,0,2604,_history_tree_15_removes,3050,0,0,0,0,0,0,2612,2604,0,0,0,5216,0,0,0,0,0,8,0,0,0,0,0,0,0
76,10018649925317144938,0,0,0,0,0,0,0,0,0,0,0,0,0,0,0,0,0,0,0,0,0,0,337,0,2367,67909,0,0,0,67706,0,0,0,32,337,818,0,0,0,0,202,0,0,0,0,2712,_history_tree_16_updates,2040,0,0,0,0,0,0,5083,2712,0,0,0,7794,0,0,0,0,0,2379,0,0,0,0,0,0,0
76,10018649925317144938,0,0,0,0,0,0,0,0,0,0,0,0,0,0,0,0,0,0,0,0,0,0,1044,0,4,9391,0,0,0,9382,0,0,0,33,2655,1,0,0,0,0,9,0,0,0,0,2660,_history_tree_16_removes,3144,0,0,0,0,0,0,2664,2660,0,0,0,5324,0,0,0,0,0,4,0,0,0,0,0,0,0
76,10018649925317144938,0,0,0,0,0,0,0,0,0,0,0,0,0,0,0,0,0,0,0,0,0,0,382,0,2374,145330,0,0,0,72462,0,0,0,34,10525,2768,0,0,0,0,201,0,0,0,0,6315,_history_tree_17_updates,3961,0,0,0,0,0,0,15285,12630,0,0,0,21603,0,0,0,0,0,2386,0,0,0,0,0,0,0
76,10018649925317144938,0,0,0,0,0,0,0,0,0,0,0,0,0,0,0,0,0,0,0,0,0,0,886,0,20,9354,0,0,0,9339,0,0,0,35,2437,14,0,0,0,0,15,0,0,0,0,2457,_history_tree_17_removes,2882,0,0,0,0,0,0,2477,2457,0,0,0,4934,0,0,0,0,0,20,0,0,0,0,0,0,0
76,10018649925317144938,0,0,0,0,0,0,0,0,0,0,0,0,0,0,0,0,0,0,0,0,0,0,338,0,2367,67795,0,0,0,67609,0,0,0,36,338,858,0,0,0,0,186,0,0,0,0,2693,_history_tree_18_updates,1978,0,0,0,0,0,0,5087,2693,0,0,0,7780,0,0,0,0,0,2382,0,0,0,0,0,0,0
76,10018649925317144938,0,0,0,0,0,0,0,0,0,0,0,0,0,0,0,0,0,0,0,0,0,0,1026,0,4,9300,0,0,0,9285,0,0,0,37,2622,1,0,0,0,0,15,0,0,0,0,2627,_history_tree_18_removes,3066,0,0,0,0,0,0,2631,2627,0,0,0,5258,0,0,0,0,0,4,0,0,0,0,0,0,0
76,10018649925317144938,0,0,0,0,0,0,0,0,0,0,0,0,0,0,0,0,0,0,0,0,0,0,337,0,2368,68123,0,0,0,67894,0,0,0,38,337,793,0,0,0,0,227,0,0,0,0,2672,_history_tree_19_updates,2026,0,0,0,0,0,0,5071,2672,0,0,0,7743,0,0,0,0,0,2366,0,0,0,0,0,0,0
76,10018649925317144938,0,0,0,0,0,0,0,0,0,0,0,0,0,0,0,0,0,0,0,0,0,0,1051,0,5,9419,0,0,0,9408,0,0,0,39,2655,2,0,0,0,0,11,0,0,0,0,2660,_history_tree_19_removes,3097,0,0,0,0,0,0,2665,2661,0,0,0,5327,0,0,0,0,0,5,0,0,0,0,0,0,0
76,10018649925317144938,49232,0,0,0,0,0,45461,0,0,0,0,0,0,0,0,0,0,0,0,0,0,0,0,0,0,294821,0,0,0,96707,0,0,0,40,0,0,0,0,0,0,2107,0,0,94692,0,0,warehouse,0,0,0,0,0,0,0,0,0,0,0,0,0,195705,0,0,195707,0,0,0,0,0,94695,0,0,0
76,10018649925317144938,0,0,0,0,0,0,0,0,0,0,0,0,0,0,0,0,0,0,0,0,0,0,0,0,0,0,0,0,0,0,0,0,0,41,0,0,0,0,0,0,0,0,0,0,0,0,_warehouse_graveyard,0,0,0,0,0,0,0,0,0,0,0,0,0,0,0,0,0,0,0,0,0,0,0,0,0,0
76,10018649925317144938,97287,0,0,0,0,0,95308,0,0,0,0,0,0,0,0,0,0,0,0,0,0,0,0,0,0,299556,0,0,0,194747,0,0,0,42,0,0,0,0,0,0,965,0,0,192600,0,0,district,0,0,0,0,0,0,0,0,0,0,0,0,0,103772,0,0,103773,0,0,0,0,0,192612,0,0,0
76,10018649925317144938,0,0,0,0,0,0,0,0,0,0,0,0,0,0,0,0,0,0,0,0,0,0,0,0,0,0,0,0,0,0,0,0,0,43,0,0,0,0,0,0,0,0,0,0,0,0,_district_graveyard,0,0,0,0,0,0,0,0,0,0,0,0,0,0,0,0,0,0,0,0,0,0,0,0,0,0
76,10018649925317144938,64860,0,0,0,0,0,61513,0,0,0,0,0,0,0,0,0,0,0,0,0,0,0,0,0,0,800943,0,0,0,126382,0,0,0,44,0,0,0,0,0,0,4,0,0,126375,0,0,customer,0,0,0,0,0,0,0,0,0,0,0,0,0,140602,0,0,140603,0,0,0,0,0,126376,0,0,0
76,10018649925317144938,0,0,0,0,0,0,0,0,0,0,0,0,0,0,0,0,0,0,0,0,0,0,0,0,0,0,0,0,0,0,0,0,0,45,0,0,0,0,0,0,0,0,0,0,0,0,_customer_graveyard,0,0,0,0,0,0,0,0,0,0,0,0,0,0,0,0,0,0,0,0,0,0,0,0,0,0
76,10018649925317144938,0,0,0,0,0,0,0,0,0,0,0,0,0,0,0,0,0,0,0,0,0,0,0,0,0,186277,0,0,0,0,0,0,0,46,0,0,0,0,0,0,62093,0,0,0,0,0,customerwdl,0,0,0,0,0,0,0,0,0,0,0,62094,0,62094,0,0,62094,0,0,0,0,0,0,0,0,0
76,10018649925317144938,0,0,0,0,0,0,0,0,0,0,0,0,0,0,0,0,0,0,0,0,0,0,0,0,0,0,0,0,0,0,0,0,0,47,0,0,0,0,0,0,0,0,0,0,0,0,_customerwdl_graveyard,0,0,0,0,0,0,0,0,0,0,0,0,0,0,0,0,0,0,0,0,0,0,0,0,0,0
76,10018649925317144938,0,0,0,0,0,0,0,0,0,0,0,0,0,0,0,0,0,0,0,0,0,0,0,0,2205,118158,0,0,0,39386,0,0,0,48,0,0,0,0,0,0,0,0,0,0,0,0,history,0,0,0,0,0,0,0,2230,0,0,0,0,2230,0,0,0,0,0,0,0,0,0,0,0,0,0
76,10018649925317144938,0,0,0,0,0,0,0,0,0,0,0,0,0,0,0,0,0,0,0,0,0,0,0,0,0,0,0,0,0,0,0,0,0,49,0,0,0,0,0,0,0,0,0,0,0,0,_history_graveyard,0,0,0,0,0,0,0,0,0,0,0,0,0,0,0,0,0,0,0,0,0,0,0,0,0,0
76,10018649925317144938,44661,89896,0,89899,0,0,44554,0,0,0,0,0,0,0,0,0,0,0,0,0,0,0,55461,0,2087,1198102,0,0,0,280474,0,12663,0,50,22,0,0,0,0,0,118872,0,0,0,0,0,neworder,97484,12661,0,0,0,0,0,4007,0,0,0,89492,4007,102151,0,0,102149,0,1896,0,0,0,0,0,0,0
76,10018649925317144938,0,0,0,0,0,0,0,0,0,0,0,0,0,0,0,0,0,0,0,0,0,0,0,0,0,0,0,0,0,0,0,0,0,51,0,0,0,0,0,0,0,0,0,0,0,0,_neworder_graveyard,0,0,0,0,0,0,0,0,0,0,0,0,0,0,0,0,0,0,0,0,0,0,0,0,0,0
76,10018649925317144938,45001,0,0,0,0,0,44204,0,0,0,0,0,0,0,0,0,0,0,0,0,0,0,0,0,4322,855806,0,0,0,192517,0,0,0,52,0,0,0,0,0,0,0,0,0,89208,0,0,order,0,0,0,0,0,0,0,4339,0,0,0,0,4339,92759,0,0,92758,0,0,0,0,0,89211,0,0,0
76,10018649925317144938,0,0,0,0,0,0,0,0,0,0,0,0,0,0,0,0,0,0,0,0,0,0,0,0,0,0,0,0,0,0,0,0,0,53,0,0,0,0,0,0,0,0,0,0,0,0,_order_graveyard,0,0,0,0,0,0,0,0,0,0,0,0,0,0,0,0,0,0,0,0,0,0,0,0,0,0
76,10018649925317144938,0,0,0,0,0,0,0,0,0,0,0,0,0,0,0,0,3547,0,0,0,0,0,0,0,1411,311805,0,0,0,100388,0,0,0,54,0,0,0,0,0,0,3548,0,0,0,0,0,order_wdc,0,0,0,0,0,0,0,1412,0,0,0,0,1412,3548,0,0,3548,0,0,0,0,0,0,0,0,0
76,10018649925317144938,0,0,0,0,0,0,0,0,0,0,0,0,0,0,0,0,0,0,0,0,0,0,0,0,0,0,0,0,0,0,0,0,0,55,0,0,0,0,0,0,0,0,0,0,0,0,_order_wdc_graveyard,0,0,0,0,0,0,0,0,0,0,0,0,0,0,0,0,0,0,0,0,0,0,0,0,0,0
76,10018649925317144938,450399,0,0,0,0,0,440052,0,0,0,0,0,0,0,0,0,0,0,0,0,0,0,102023,0,58879,7796609,0,0,0,1936453,0,1008,0,56,0,0,0,0,0,0,12706,0,0,890496,0,0,orderline,1853807,1008,0,0,0,0,0,59680,0,0,0,12621,59683,1866423,0,0,1866442,0,0,0,0,0,890503,0,0,0
76,10018649925317144938,0,0,0,0,0,0,0,0,0,0,0,0,0,0,0,0,0,0,0,0,0,0,0,0,0,0,0,0,0,0,0,0,0,57,0,0,0,0,0,0,0,0,0,0,0,0,_orderline_graveyard,0,0,0,0,0,0,0,0,0,0,0,0,0,0,0,0,0,0,0,0,0,0,0,0,0,0
76,10018649925317144938,0,0,0,0,0,0,0,0,0,0,0,0,0,0,0,0,0,0,0,0,0,0,0,0,0,1973972,0,0,0,0,0,0,0,58,0,0,0,0,0,0,0,0,0,0,0,0,item,0,0,0,0,0,0,0,0,0,0,0,0,0,986966,0,0,986966,0,0,0,0,0,0,0,0,0
77,10018649925317144938,0,0,0,0,0,0,0,0,0,0,0,0,0,0,0,0,0,0,0,0,0,0,0,0,0,0,0,0,0,0,0,0,0,61,0,0,0,0,0,0,0,0,0,0,0,0,_stock_graveyard,0,0,0,0,0,0,0,0,0,0,0,0,0,0,0,0,0,0,0,0,0,0,0,0,0,0
77,10018649925317144938,493985,0,0,0,0,0,482460,0,0,0,0,0,0,0,0,0,0,0,0,0,0,0,0,0,0,14700415,0,0,0,977471,0,0,0,60,0,0,0,0,0,0,1104,0,0,976428,0,0,stock,0,0,0,0,0,0,0,0,0,0,0,0,0,2696494,0,0,2696479,0,0,0,0,0,976410,0,0,0
77,10018649925317144938,0,0,0,0,0,0,0,0,0,0,0,0,0,0,0,0,0,0,0,0,0,0,0,0,0,0,0,0,0,0,0,0,0,59,0,0,0,0,0,0,0,0,0,0,0,0,_item_graveyard,0,0,0,0,0,0,0,0,0,0,0,0,0,0,0,0,0,0,0,0,0,0,0,0,0,0
77,10018649925317144938,0,0,0,0,0,0,0,0,0,0,0,0,0,0,0,0,0,0,0,0,0,0,376,0,2367,68208,0,0,0,67977,0,0,0,28,376,844,0,0,0,0,232,0,0,0,0,2717,_history_tree_14_updates,2040,0,0,0,0,0,0,5109,2717,0,0,0,7826,0,0,0,0,0,2366,0,0,0,0,0,0,0
77,10018649925317144938,0,0,0,0,0,0,0,0,0,0,0,0,0,0,0,0,0,0,0,0,0,0,968,0,5,8774,0,0,0,8756,0,0,0,27,2603,1,0,0,0,0,18,0,0,0,0,2608,_history_tree_13_removes,3038,0,0,0,0,0,0,2613,2608,0,0,0,5221,0,0,0,0,0,5,0,0,0,0,0,0,0
77,10018649925317144938,0,0,0,0,0,0,0,0,0,0,0,0,0,0,0,0,0,0,0,0,0,0,341,0,2295,65543,0,0,0,65301,0,0,0,26,341,770,0,0,0,0,240,0,0,0,0,2638,_history_tree_13_updates,1990,0,0,0,0,0,0,4934,2639,0,0,0,7569,0,0,0,0,0,2296,0,0,0,0,0,0,0
77,10018649925317144938,0,0,0,0,0,0,0,0,0,0,0,0,0,0,0,0,0,0,0,0,0,0,1000,0,4,9395,0,0,0,9374,0,0,0,25,2597,1,0,0,0,0,21,0,0,0,0,2601,_history_tree_12_removes,3054,0,0,0,0,0,0,2605,2601,0,0,0,5206,0,0,0,0,0,4,0,0,0,0,0,0,0
77,10018649925317144938,0,0,0,0,0,0,0,0,0,0,0,0,0,0,0,0,0,0,0,0,0,0,307,0,2356,67840,0,0,0,67623,0,0,0,24,307,789,0,0,0,0,216,0,0,0,0,2663,_history_tree_12_updates,1994,0,0,0,0,0,0,5019,2663,0,0,0,7682,0,0,0,0,0,2356,0,0,0,0,0,0,0
77,10018649925317144938,0,0,0,0,0,0,0,0,0,0,0,0,0,0,0,0,0,0,0,0,0,0,978,0,4,9057,0,0,0,9043,0,0,0,23,2617,1,0,0,0,0,14,0,0,0,0,2621,_history_tree_11_removes,3056,0,0,0,0,0,0,2625,2621,0,0,0,5246,0,0,0,0,0,4,0,0,0,0,0,0,0
77,10018649925317144938,0,0,0,0,0,0,0,0,0,0,0,0,0,0,0,0,0,0,0,0,0,0,319,0,2319,66524,0,0,0,66311,0,0,0,22,319,733,0,0,0,0,213,0,0,0,0,2631,_history_tree_11_updates,2010,0,0,0,0,0,0,4958,2632,0,0,0,7590,0,0,0,0,0,2320,0,0,0,0,0,0,0
77,10018649925317144938,0,0,0,0,0,0,0,0,0,0,0,0,0,0,0,0,0,0,0,0,0,0,1059,0,4,9474,0,0,0,9457,0,0,0,21,2579,0,0,0,0,0,17,0,0,0,0,2583,_history_tree_10_removes,3042,0,0,0,0,0,0,2587,2583,0,0,0,5170,0,0,0,0,0,4,0,0,0,0,0,0,0
77,10018649925317144938,0,0,0,0,0,0,0,0,0,0,0,0,0,0,0,0,0,0,0,0,0,0,318,0,2335,67456,0,0,0,67247,0,0,0,20,318,787,0,0,0,0,207,0,0,0,0,2655,_history_tree_10_updates,1989,0,0,0,0,0,0,4990,2655,0,0,0,7645,0,0,0,0,0,2337,0,0,0,0,0,0,0
77,10018649925317144938,0,0,0,0,0,0,0,0,0,0,0,0,0,0,0,0,0,0,0,0,0,0,980,0,8,9206,0,0,0,9193,0,0,0,19,2632,2,0,0,0,0,13,0,0,0,0,2639,_history_tree_9_removes,3072,0,0,0,0,0,0,2647,2639,0,0,0,5286,0,0,0,0,0,8,0,0,0,0,0,0,0
77,10018649925317144938,0,0,0,0,0,0,0,0,0,0,0,0,0,0,0,0,0,0,0,0,0,0,365,0,2330,66706,0,0,0,66508,0,0,0,18,365,776,0,0,0,0,199,0,0,0,0,2696,_history_tree_9_updates,2038,0,0,0,0,0,0,5025,2696,0,0,0,7721,0,0,0,0,0,2331,0,0,0,0,0,0,0
77,10018649925317144938,0,0,0,0,0,0,0,0,0,0,0,0,0,0,0,0,0,0,0,0,0,0,998,0,6,9381,0,0,0,9369,0,0,0,17,2530,0,0,0,0,0,12,0,0,0,0,2536,_history_tree_8_removes,3002,0,0,0,0,0,0,2542,2536,0,0,0,5078,0,0,0,0,0,6,0,0,0,0,0,0,0
77,10018649925317144938,0,0,0,0,0,0,0,0,0,0,0,0,0,0,0,0,0,0,0,0,0,0,353,0,2359,67807,0,0,0,67612,0,0,0,16,353,836,0,0,0,0,192,0,0,0,0,2711,_history_tree_8_updates,1996,0,0,0,0,0,0,5070,2711,0,0,0,7785,0,0,0,0,0,2360,0,0,0,0,0,0,0
77,10018649925317144938,0,0,0,0,0,0,0,0,0,0,0,0,0,0,0,0,0,0,0,0,0,0,970,0,5,9121,0,0,0,9110,0,0,0,15,2547,2,0,0,0,0,11,0,0,0,0,2552,_history_tree_7_removes,2998,0,0,0,0,0,0,2557,2552,0,0,0,5109,0,0,0,0,0,5,0,0,0,0,0,0,0
77,10018649925317144938,0,0,0,0,0,0,0,0,0,0,0,0,0,0,0,0,0,0,0,0,0,0,372,0,2353,67430,0,0,0,67204,0,0,0,14,372,816,0,0,0,0,226,0,0,0,0,2699,_history_tree_7_updates,2038,0,0,0,0,0,0,5078,2699,0,0,0,7777,0,0,0,0,0,2353,0,0,0,0,0,0,0
77,10018649925317144938,0,0,0,0,0,0,0,0,0,0,0,0,0,0,0,0,0,0,0,0,0,0,968,0,6,8924,0,0,0,8904,0,0,0,13,2552,3,0,0,0,0,20,0,0,0,0,2558,_history_tree_6_removes,2986,0,0,0,0,0,0,2564,2558,0,0,0,5122,0,0,0,0,0,6,0,0,0,0,0,0,0
77,10018649925317144938,0,0,0,0,0,0,0,0,0,0,0,0,0,21889770,22406942,0,0,0,0,0,0,0,360,0,2343,67458,0,0,0,67243,0,0,0,0,360,776,0,0,0,0,212,0,0,0,0,2703,_history_tree_0_updates,2033,0,1480371,0,0,0,0,5046,2703,0,0,0,7748,0,0,0,0,0,2343,0,0,0,0,698221,0,0
77,10018649925317144938,0,0,0,0,0,0,0,0,0,0,0,0,0,0,0,0,0,0,0,0,0,0,1026,0,4,9366,0,0,0,9351,0,0,0,1,2636,1,0,0,0,0,15,0,0,0,0,2640,_history_tree_0_removes,3079,0,0,0,0,0,0,2644,2640,0,0,0,5284,0,0,0,0,0,4,0,0,0,0,0,0,0
77,10018649925317144938,0,0,0,0,0,0,0,0,0,0,0,0,0,0,0,0,0,0,0,0,0,0,345,0,2357,67537,0,0,0,67296,0,0,0,2,345,809,0,0,0,0,236,0,0,0,0,2704,_history_tree_1_updates,2005,0,0,0,0,0,0,5061,2704,0,0,0,7765,0,0,0,0,0,2359,0,0,0,0,0,0,0
77,10018649925317144938,0,0,0,0,0,0,0,0,0,0,0,0,0,0,0,0,0,0,0,0,0,0,975,0,10,9286,0,0,0,9264,0,0,0,3,2625,3,0,0,0,0,22,0,0,0,0,2635,_history_tree_1_removes,3049,0,0,0,0,0,0,2645,2635,0,0,0,5280,0,0,0,0,0,10,0,0,0,0,0,0,0
77,10018649925317144938,0,0,0,0,0,0,0,0,0,0,0,0,0,0,0,0,0,0,0,0,0,0,310,0,2348,67584,0,0,0,67382,0,0,0,4,310,782,0,0,0,0,202,0,0,0,0,2658,_history_tree_2_updates,2007,0,0,0,0,0,0,5006,2658,0,0,0,7664,0,0,0,0,0,2348,0,0,0,0,0,0,0
77,10018649925317144938,0,0,0,0,0,0,0,0,0,0,0,0,0,0,0,0,0,0,0,0,0,0,1082,0,3,9437,0,0,0,9424,0,0,0,5,2622,0,0,0,0,0,13,0,0,0,0,2625,_history_tree_2_removes,3095,0,0,0,0,0,0,2628,2625,0,0,0,5253,0,0,0,0,0,3,0,0,0,0,0,0,0
77,10018649925317144938,0,0,0,0,0,0,0,0,0,0,0,0,0,0,0,0,0,0,0,0,0,0,290,0,2326,66870,0,0,0,66641,0,0,0,6,290,733,0,0,0,0,230,0,0,0,0,2618,_history_tree_3_updates,2012,0,0,0,0,0,0,4945,2620,0,0,0,7568,0,0,0,0,0,2329,0,0,0,0,0,0,0
77,10018649925317144938,0,0,0,0,0,0,0,0,0,0,0,0,0,0,0,0,0,0,0,0,0,0,1053,0,1,9216,0,0,0,9200,0,0,0,7,2663,0,0,0,0,0,16,0,0,0,0,2664,_history_tree_3_removes,3106,0,0,0,0,0,0,2665,2664,0,0,0,5329,0,0,0,0,0,1,0,0,0,0,0,0,0
77,10018649925317144938,0,0,0,0,0,0,0,0,0,0,0,0,0,0,0,0,0,0,0,0,0,0,316,0,2357,67896,0,0,0,67711,0,0,0,8,316,797,0,0,0,0,185,0,0,0,0,2672,_history_tree_4_updates,1993,0,0,0,0,0,0,5029,2672,0,0,0,7701,0,0,0,0,0,2356,0,0,0,0,0,0,0
77,10018649925317144938,0,0,0,0,0,0,0,0,0,0,0,0,0,0,0,0,0,0,0,0,0,0,1059,0,6,9483,0,0,0,9471,0,0,0,9,2597,3,0,0,0,0,12,0,0,0,0,2603,_history_tree_4_removes,3070,0,0,0,0,0,0,2609,2603,0,0,0,5212,0,0,0,0,0,6,0,0,0,0,0,0,0
77,10018649925317144938,0,0,0,0,0,0,0,0,0,0,0,0,0,0,0,0,0,0,0,0,0,0,349,0,2333,66271,0,0,0,66067,0,0,0,10,349,788,0,0,0,0,204,0,0,0,0,2680,_history_tree_5_updates,2017,0,0,0,0,0,0,5018,2680,0,0,0,7698,0,0,0,0,0,2335,0,0,0,0,0,0,0
77,10018649925317144938,0,0,0,0,0,0,0,0,0,0,0,0,0,0,0,0,0,0,0,0,0,0,963,0,6,8786,0,0,0,8777,0,0,0,11,2637,0,0,0,0,0,9,0,0,0,0,2643,_history_tree_5_removes,3082,0,0,0,0,0,0,2649,2643,0,0,0,5292,0,0,0,0,0,6,0,0,0,0,0,0,0
77,10018649925317144938,0,0,0,0,0,0,0,0,0,0,0,0,0,0,0,0,0,0,0,0,0,0,372,0,2301,65779,0,0,0,65576,0,0,0,12,372,811,0,0,0,0,200,0,0,0,0,2604,_history_tree_6_updates,1993,0,0,0,0,0,0,4976,2604,0,0,0,7580,0,0,0,0,0,2303,0,0,0,0,0,0,0
77,10018649925317144938,0,0,0,0,0,0,0,0,0,0,0,0,0,0,0,0,0,0,0,0,0,0,1038,0,9,9506,0,0,0,9489,0,0,0,29,2545,2,0,0,0,0,17,0,0,0,0,2554,_history_tree_14_removes,3022,0,0,0,0,0,0,2563,2554,0,0,0,5117,0,0,0,0,0,9,0,0,0,0,0,0,0
77,10018649925317144938,0,0,0,0,0,0,0,0,0,0,0,0,0,0,0,0,0,0,0,0,0,0,332,0,2331,66811,0,0,0,66613,0,0,0,30,332,792,0,0,0,0,196,0,0,0,0,2664,_history_tree_15_updates,1991,0,0,0,0,0,0,4996,2664,0,0,0,7660,0,0,0,0,0,2334,0,0,0,0,0,0,0
77,10018649925317144938,0,0,0,0,0,0,0,0,0,0,0,0,0,0,0,0,0,0,0,0,0,0,1042,0,4,9131,0,0,0,9119,0,0,0,31,2573,0,0,0,0,0,12,0,0,0,0,2577,_history_tree_15_removes,3027,0,0,0,0,0,0,2581,2577,0,0,0,5158,0,0,0,0,0,4,0,0,0,0,0,0,0
77,10018649925317144938,0,0,0,0,0,0,0,0,0,0,0,0,0,0,0,0,0,0,0,0,0,0,334,0,2354,67394,0,0,0,67212,0,0,0,32,334,812,0,0,0,0,179,0,0,0,0,2690,_history_tree_16_updates,2014,0,0,0,0,0,0,5047,2690,0,0,0,7737,0,0,0,0,0,2358,0,0,0,0,0,0,0
77,10018649925317144938,0,0,0,0,0,0,0,0,0,0,0,0,0,0,0,0,0,0,0,0,0,0,1011,0,4,9132,0,0,0,9122,0,0,0,33,2580,1,0,0,0,0,10,0,0,0,0,2583,_history_tree_16_removes,3055,0,0,0,0,0,0,2587,2583,0,0,0,5170,0,0,0,0,0,4,0,0,0,0,0,0,0
77,10018649925317144938,0,0,0,0,0,0,0,0,0,0,0,0,0,0,0,0,0,0,0,0,0,0,353,0,2377,145720,0,0,0,72637,0,0,0,34,10438,2730,0,0,0,0,225,0,0,0,0,6275,_history_tree_17_updates,3932,0,0,0,0,0,0,15193,12550,0,0,0,21465,0,0,0,0,0,2377,0,0,0,0,0,0,0
77,10018649925317144938,0,0,0,0,0,0,0,0,0,0,0,0,0,0,0,0,0,0,0,0,0,0,917,0,19,9494,0,0,0,9482,0,0,0,35,2423,9,0,0,0,0,13,0,0,0,0,2442,_history_tree_17_removes,2865,0,0,0,0,0,0,2461,2442,0,0,0,4903,0,0,0,0,0,19,0,0,0,0,0,0,0
77,10018649925317144938,0,0,0,0,0,0,0,0,0,0,0,0,0,0,0,0,0,0,0,0,0,0,314,0,2354,67459,0,0,0,67235,0,0,0,36,314,796,0,0,0,0,220,0,0,0,0,2661,_history_tree_18_updates,1978,0,0,0,0,0,0,5023,2661,0,0,0,7684,0,0,0,0,0,2355,0,0,0,0,0,0,0
77,10018649925317144938,0,0,0,0,0,0,0,0,0,0,0,0,0,0,0,0,0,0,0,0,0,0,1026,0,6,9231,0,0,0,9223,0,0,0,37,2643,2,0,0,0,0,8,0,0,0,0,2648,_history_tree_18_removes,3088,0,0,0,0,0,0,2654,2648,0,0,0,5302,0,0,0,0,0,6,0,0,0,0,0,0,0
77,10018649925317144938,0,0,0,0,0,0,0,0,0,0,0,0,0,0,0,0,0,0,0,0,0,0,337,0,2383,68376,0,0,0,68158,0,0,0,38,337,839,0,0,0,0,217,0,0,0,0,2682,_history_tree_19_updates,1995,0,0,0,0,0,0,5104,2682,0,0,0,7786,0,0,0,0,0,2384,0,0,0,0,0,0,0
77,10018649925317144938,0,0,0,0,0,0,0,0,0,0,0,0,0,0,0,0,0,0,0,0,0,0,1031,0,6,9399,0,0,0,9390,0,0,0,39,2576,2,0,0,0,0,9,0,0,0,0,2582,_history_tree_19_removes,3023,0,0,0,0,0,0,2588,2581,0,0,0,5168,0,0,0,0,0,6,0,0,0,0,0,0,0
77,10018649925317144938,47947,0,0,0,0,0,44434,0,0,0,0,0,0,0,0,0,0,0,0,0,0,0,0,0,0,289095,0,0,0,94394,0,0,0,40,0,0,0,0,0,0,2135,0,0,92390,0,0,warehouse,0,0,0,0,0,0,0,0,0,0,0,0,0,192232,0,0,192231,0,0,0,0,0,92387,0,0,0
77,10018649925317144938,0,0,0,0,0,0,0,0,0,0,0,0,0,0,0,0,0,0,0,0,0,0,0,0,0,0,0,0,0,0,0,0,0,41,0,0,0,0,0,0,0,0,0,0,0,0,_warehouse_graveyard,0,0,0,0,0,0,0,0,0,0,0,0,0,0,0,0,0,0,0,0,0,0,0,0,0,0
77,10018649925317144938,95766,0,0,0,0,0,93449,0,0,0,0,0,0,0,0,0,0,0,0,0,0,0,0,0,0,293367,0,0,0,191323,0,0,0,42,0,0,0,0,0,0,988,0,0,189213,0,0,district,0,0,0,0,0,0,0,0,0,0,0,0,0,101010,0,0,101010,0,0,0,0,0,189210,0,0,0
77,10018649925317144938,0,0,0,0,0,0,0,0,0,0,0,0,0,0,0,0,0,0,0,0,0,0,0,0,0,0,0,0,0,0,0,0,0,43,0,0,0,0,0,0,0,0,0,0,0,0,_district_graveyard,0,0,0,0,0,0,0,0,0,0,0,0,0,0,0,0,0,0,0,0,0,0,0,0,0,0
77,10018649925317144938,63194,0,0,0,0,0,59386,0,0,0,0,0,0,0,0,0,0,0,0,0,0,0,0,0,0,784704,0,0,0,122585,0,0,0,44,0,0,0,0,0,0,7,0,0,122580,0,0,customer,0,0,0,0,0,0,0,0,0,0,0,0,0,138969,0,0,138968,0,0,0,0,0,122583,0,0,0
77,10018649925317144938,0,0,0,0,0,0,0,0,0,0,0,0,0,0,0,0,0,0,0,0,0,0,0,0,0,0,0,0,0,0,0,0,0,45,0,0,0,0,0,0,0,0,0,0,0,0,_customer_graveyard,0,0,0,0,0,0,0,0,0,0,0,0,0,0,0,0,0,0,0,0,0,0,0,0,0,0
77,10018649925317144938,0,0,0,0,0,0,0,0,0,0,0,0,0,0,0,0,0,0,0,0,0,0,0,0,0,179552,0,0,0,0,0,0,0,46,0,0,0,0,0,0,59849,0,0,0,0,0,customerwdl,0,0,0,0,0,0,0,0,0,0,0,59850,0,59850,0,0,59849,0,0,0,0,0,0,0,0,0
77,10018649925317144938,0,0,0,0,0,0,0,0,0,0,0,0,0,0,0,0,0,0,0,0,0,0,0,0,0,0,0,0,0,0,0,0,0,47,0,0,0,0,0,0,0,0,0,0,0,0,_customerwdl_graveyard,0,0,0,0,0,0,0,0,0,0,0,0,0,0,0,0,0,0,0,0,0,0,0,0,0,0
77,10018649925317144938,0,0,0,0,0,0,0,0,0,0,0,0,0,0,0,0,0,0,0,0,0,0,0,0,2187,116691,0,0,0,38897,0,0,0,48,0,0,0,0,0,0,0,0,0,0,0,0,history,0,0,0,0,0,0,0,2212,0,0,0,0,2212,0,0,0,0,0,0,0,0,0,0,0,0,0
77,10018649925317144938,0,0,0,0,0,0,0,0,0,0,0,0,0,0,0,0,0,0,0,0,0,0,0,0,0,0,0,0,0,0,0,0,0,49,0,0,0,0,0,0,0,0,0,0,0,0,_history_graveyard,0,0,0,0,0,0,0,0,0,0,0,0,0,0,0,0,0,0,0,0,0,0,0,0,0,0
77,10018649925317144938,42986,85824,0,85821,0,0,42903,0,0,0,0,0,0,0,0,0,0,0,0,0,0,0,52720,0,2059,1159200,0,0,0,271921,0,9911,0,50,35,0,0,0,0,0,114475,0,0,0,0,0,neworder,90914,9912,0,0,0,0,0,3884,0,0,0,86180,3884,96093,0,0,96096,0,1790,0,0,0,0,0,0,0
77,10018649925317144938,0,0,0,0,0,0,0,0,0,0,0,0,0,0,0,0,0,0,0,0,0,0,0,0,0,0,0,0,0,0,0,0,0,51,0,0,0,0,0,0,0,0,0,0,0,0,_neworder_graveyard,0,0,0,0,0,0,0,0,0,0,0,0,0,0,0,0,0,0,0,0,0,0,0,0,0,0
77,10018649925317144938,43103,0,0,0,0,0,42813,0,0,0,0,0,0,0,0,0,0,0,0,0,0,0,0,0,4268,832394,0,0,0,188045,0,0,0,52,0,0,0,0,0,0,0,0,0,85924,0,0,order,0,0,0,0,0,0,0,4276,0,0,0,0,4276,89421,0,0,89422,0,0,0,0,0,85928,0,0,0
77,10018649925317144938,0,0,0,0,0,0,0,0,0,0,0,0,0,0,0,0,0,0,0,0,0,0,0,0,0,0,0,0,0,0,0,0,0,53,0,0,0,0,0,0,0,0,0,0,0,0,_order_graveyard,0,0,0,0,0,0,0,0,0,0,0,0,0,0,0,0,0,0,0,0,0,0,0,0,0,0
77,10018649925317144938,0,0,0,0,0,0,0,0,0,0,0,0,0,0,0,0,3495,0,0,0,0,0,0,0,1369,308145,0,0,0,99221,0,0,0,54,0,0,0,0,0,0,3494,0,0,0,0,0,order_wdc,0,0,0,0,0,0,0,1374,0,0,0,0,1374,3495,0,0,3495,0,0,0,0,0,0,0,0,0
77,10018649925317144938,0,0,0,0,0,0,0,0,0,0,0,0,0,0,0,0,0,0,0,0,0,0,0,0,0,0,0,0,0,0,0,0,0,55,0,0,0,0,0,0,0,0,0,0,0,0,_order_wdc_graveyard,0,0,0,0,0,0,0,0,0,0,0,0,0,0,0,0,0,0,0,0,0,0,0,0,0,0
77,10018649925317144938,433979,0,0,0,0,0,424013,0,0,0,0,0,0,0,0,0,0,0,0,0,0,0,96537,0,58147,7614350,0,0,0,1891416,0,823,0,56,0,0,0,0,0,0,12174,0,0,858013,0,0,orderline,1756626,823,0,0,0,0,0,58930,0,0,0,12113,58927,1768725,0,0,1768709,0,0,0,0,0,858043,0,0,0
77,10018649925317144938,0,0,0,0,0,0,0,0,0,0,0,0,0,0,0,0,0,0,0,0,0,0,0,0,0,0,0,0,0,0,0,0,0,57,0,0,0,0,0,0,0,0,0,0,0,0,_orderline_graveyard,0,0,0,0,0,0,0,0,0,0,0,0,0,0,0,0,0,0,0,0,0,0,0,0,0,0
77,10018649925317144938,0,0,0,0,0,0,0,0,0,0,0,0,0,0,0,0,0,0,0,0,0,0,0,0,0,1950448,0,0,0,0,0,0,0,58,0,0,0,0,0,0,0,0,0,0,0,0,item,0,0,0,0,0,0,0,0,0,0,0,0,0,975265,0,0,975254,0,0,0,0,0,0,0,0,0
78,10018649925317144938,0,0,0,0,0,0,0,0,0,0,0,0,0,0,0,0,0,0,0,0,0,0,0,0,0,0,0,0,0,0,0,0,0,61,0,0,0,0,0,0,0,0,0,0,0,0,_stock_graveyard,0,0,0,0,0,0,0,0,0,0,0,0,0,0,0,0,0,0,0,0,0,0,0,0,0,0
78,10018649925317144938,505505,0,0,0,0,0,493535,0,0,0,0,0,0,0,0,0,0,0,0,0,0,0,0,0,0,15213240,0,0,0,1000028,0,0,0,60,0,0,0,0,0,0,1068,0,0,999031,0,0,stock,0,0,0,0,0,0,0,0,0,0,0,0,0,2802285,0,0,2802287,0,0,0,0,0,999054,0,0,0
78,10018649925317144938,0,0,0,0,0,0,0,0,0,0,0,0,0,0,0,0,0,0,0,0,0,0,0,0,0,0,0,0,0,0,0,0,0,59,0,0,0,0,0,0,0,0,0,0,0,0,_item_graveyard,0,0,0,0,0,0,0,0,0,0,0,0,0,0,0,0,0,0,0,0,0,0,0,0,0,0
78,10018649925317144938,0,0,0,0,0,0,0,0,0,0,0,0,0,0,0,0,0,0,0,0,0,0,336,0,2388,68841,0,0,0,68643,0,0,0,28,336,787,0,0,0,0,198,0,0,0,0,2719,_history_tree_14_updates,2086,0,0,0,0,0,0,5112,2719,0,0,0,7831,0,0,0,0,0,2388,0,0,0,0,0,0,0
78,10018649925317144938,0,0,0,0,0,0,0,0,0,0,0,0,0,0,0,0,0,0,0,0,0,0,1017,0,7,9262,0,0,0,9254,0,0,0,27,2579,4,0,0,0,0,8,0,0,0,0,2586,_history_tree_13_removes,3008,0,0,0,0,0,0,2593,2586,0,0,0,5179,0,0,0,0,0,7,0,0,0,0,0,0,0
78,10018649925317144938,0,0,0,0,0,0,0,0,0,0,0,0,0,0,0,0,0,0,0,0,0,0,381,0,2396,68679,0,0,0,68447,0,0,0,26,381,875,0,0,0,0,233,0,0,0,0,2731,_history_tree_13_updates,2003,0,0,0,0,0,0,5172,2730,0,0,0,7902,0,0,0,0,0,2394,0,0,0,0,0,0,0
78,10018649925317144938,0,0,0,0,0,0,0,0,0,0,0,0,0,0,0,0,0,0,0,0,0,0,973,0,8,9109,0,0,0,9089,0,0,0,25,2554,3,0,0,0,0,20,0,0,0,0,2562,_history_tree_12_removes,2990,0,0,0,0,0,0,2570,2562,0,0,0,5132,0,0,0,0,0,8,0,0,0,0,0,0,0
78,10018649925317144938,0,0,0,0,0,0,0,0,0,0,0,0,0,0,0,0,0,0,0,0,0,0,364,0,2368,67774,0,0,0,67576,0,0,0,24,364,826,0,0,0,0,197,0,0,0,0,2684,_history_tree_12_updates,2024,0,0,0,0,0,0,5099,2684,0,0,0,7783,0,0,0,0,0,2367,0,0,0,0,0,0,0
78,10018649925317144938,0,0,0,0,0,0,0,0,0,0,0,0,0,0,0,0,0,0,0,0,0,0,992,0,6,9104,0,0,0,9091,0,0,0,23,2636,3,0,0,0,0,13,0,0,0,0,2642,_history_tree_11_removes,3087,0,0,0,0,0,0,2648,2642,0,0,0,5290,0,0,0,0,0,6,0,0,0,0,0,0,0
78,10018649925317144938,0,0,0,0,0,0,0,0,0,0,0,0,0,0,0,0,0,0,0,0,0,0,333,0,2372,67734,0,0,0,67516,0,0,0,22,333,815,0,0,0,0,218,0,0,0,0,2666,_history_tree_11_updates,2020,0,0,0,0,0,0,5074,2665,0,0,0,7739,0,0,0,0,0,2369,0,0,0,0,0,0,0
78,10018649925317144938,0,0,0,0,0,0,0,0,0,0,0,0,0,0,0,0,0,0,0,0,0,0,984,0,6,8908,0,0,0,8896,0,0,0,21,2586,2,0,0,0,0,12,0,0,0,0,2592,_history_tree_10_removes,3048,0,0,0,0,0,0,2598,2592,0,0,0,5190,0,0,0,0,0,6,0,0,0,0,0,0,0
78,10018649925317144938,0,0,0,0,0,0,0,0,0,0,0,0,0,0,0,0,0,0,0,0,0,0,378,0,2368,67380,0,0,0,67207,0,0,0,20,378,846,0,0,0,0,174,0,0,0,0,2705,_history_tree_10_updates,2030,0,0,0,0,0,0,5113,2705,0,0,0,7818,0,0,0,0,0,2367,0,0,0,0,0,0,0
78,10018649925317144938,0,0,0,0,0,0,0,0,0,0,0,0,0,0,0,0,0,0,0,0,0,0,979,0,6,9086,0,0,0,9078,0,0,0,19,2570,2,0,0,0,0,8,0,0,0,0,2576,_history_tree_9_removes,3029,0,0,0,0,0,0,2582,2576,0,0,0,5158,0,0,0,0,0,6,0,0,0,0,0,0,0
78,10018649925317144938,0,0,0,0,0,0,0,0,0,0,0,0,0,0,0,0,0,0,0,0,0,0,364,0,2372,67877,0,0,0,67654,0,0,0,18,364,833,0,0,0,0,223,0,0,0,0,2698,_history_tree_9_updates,2011,0,0,0,0,0,0,5107,2698,0,0,0,7805,0,0,0,0,0,2370,0,0,0,0,0,0,0
78,10018649925317144938,0,0,0,0,0,0,0,0,0,0,0,0,0,0,0,0,0,0,0,0,0,0,1122,0,5,10055,0,0,0,10038,0,0,0,17,2647,2,0,0,0,0,17,0,0,0,0,2652,_history_tree_8_removes,3102,0,0,0,0,0,0,2657,2652,0,0,0,5309,0,0,0,0,0,5,0,0,0,0,0,0,0
78,10018649925317144938,0,0,0,0,0,0,0,0,0,0,0,0,0,0,0,0,0,0,0,0,0,0,318,0,2439,70557,0,0,0,70346,0,0,0,16,318,874,0,0,0,0,205,0,0,0,0,2756,_history_tree_8_updates,2003,0,0,0,0,0,0,5198,2756,0,0,0,7951,0,0,0,0,0,2439,0,0,0,0,0,0,0
78,10018649925317144938,0,0,0,0,0,0,0,0,0,0,0,0,0,0,0,0,0,0,0,0,0,0,957,0,6,8863,0,0,0,8853,0,0,0,15,2631,1,0,0,0,0,10,0,0,0,0,2637,_history_tree_7_removes,3079,0,0,0,0,0,0,2643,2637,0,0,0,5280,0,0,0,0,0,6,0,0,0,0,0,0,0
78,10018649925317144938,0,0,0,0,0,0,0,0,0,0,0,0,0,0,0,0,0,0,0,0,0,0,336,0,2346,66793,0,0,0,66589,0,0,0,14,336,768,0,0,0,0,204,0,0,0,0,2661,_history_tree_7_updates,2030,0,0,0,0,0,0,5030,2661,0,0,0,7691,0,0,0,0,0,2348,0,0,0,0,0,0,0
78,10018649925317144938,0,0,0,0,0,0,0,0,0,0,0,0,0,0,0,0,0,0,0,0,0,0,998,0,9,9478,0,0,0,9468,0,0,0,13,2566,5,0,0,0,0,10,0,0,0,0,2575,_history_tree_6_removes,3015,0,0,0,0,0,0,2584,2575,0,0,0,5159,0,0,0,0,0,9,0,0,0,0,0,0,0
78,10018649925317144938,0,0,0,0,0,0,0,0,0,0,0,0,0,22418848,22982255,0,0,0,0,0,0,0,300,0,2401,68747,0,0,0,68525,0,0,0,0,300,801,0,0,0,0,226,0,0,0,0,2673,_history_tree_0_updates,2010,0,1500622,0,0,0,0,5103,2673,0,0,0,7776,0,0,0,0,0,2402,0,0,0,0,712449,0,0
78,10018649925317144938,0,0,0,0,0,0,0,0,0,0,0,0,0,0,0,0,0,0,0,0,0,0,1036,0,7,9282,0,0,0,9272,0,0,0,1,2667,4,0,0,0,0,10,0,0,0,0,2674,_history_tree_0_removes,3108,0,0,0,0,0,0,2681,2674,0,0,0,5355,0,0,0,0,0,7,0,0,0,0,0,0,0
78,10018649925317144938,0,0,0,0,0,0,0,0,0,0,0,0,0,0,0,0,0,0,0,0,0,0,355,0,2364,67605,0,0,0,67399,0,0,0,2,355,824,0,0,0,0,204,0,0,0,0,2698,_history_tree_1_updates,2007,0,0,0,0,0,0,5082,2698,0,0,0,7780,0,0,0,0,0,2363,0,0,0,0,0,0,0
78,10018649925317144938,0,0,0,0,0,0,0,0,0,0,0,0,0,0,0,0,0,0,0,0,0,0,961,0,7,9117,0,0,0,9100,0,0,0,3,2613,3,0,0,0,0,17,0,0,0,0,2620,_history_tree_1_removes,3076,0,0,0,0,0,0,2627,2620,0,0,0,5247,0,0,0,0,0,7,0,0,0,0,0,0,0
78,10018649925317144938,0,0,0,0,0,0,0,0,0,0,0,0,0,0,0,0,0,0,0,0,0,0,347,0,2385,68195,0,0,0,67967,0,0,0,4,347,812,0,0,0,0,224,0,0,0,0,2715,_history_tree_2_updates,2032,0,0,0,0,0,0,5118,2715,0,0,0,7832,0,0,0,0,0,2386,0,0,0,0,0,0,0
78,10018649925317144938,0,0,0,0,0,0,0,0,0,0,0,0,0,0,0,0,0,0,0,0,0,0,1002,0,6,9213,0,0,0,9195,0,0,0,5,2692,2,0,0,0,0,18,0,0,0,0,2698,_history_tree_2_removes,3137,0,0,0,0,0,0,2704,2698,0,0,0,5402,0,0,0,0,0,6,0,0,0,0,0,0,0
78,10018649925317144938,0,0,0,0,0,0,0,0,0,0,0,0,0,0,0,0,0,0,0,0,0,0,315,0,2405,68692,0,0,0,68487,0,0,0,6,315,855,0,0,0,0,205,0,0,0,0,2665,_history_tree_3_updates,1983,0,0,0,0,0,0,5123,2663,0,0,0,7783,0,0,0,0,0,2403,0,0,0,0,0,0,0
78,10018649925317144938,0,0,0,0,0,0,0,0,0,0,0,0,0,0,0,0,0,0,0,0,0,0,981,0,8,9259,0,0,0,9245,0,0,0,7,2625,4,0,0,0,0,14,0,0,0,0,2633,_history_tree_3_removes,3067,0,0,0,0,0,0,2641,2633,0,0,0,5274,0,0,0,0,0,8,0,0,0,0,0,0,0
78,10018649925317144938,0,0,0,0,0,0,0,0,0,0,0,0,0,0,0,0,0,0,0,0,0,0,333,0,2359,67620,0,0,0,67410,0,0,0,8,333,773,0,0,0,0,210,0,0,0,0,2683,_history_tree_4_updates,2051,0,0,0,0,0,0,5053,2683,0,0,0,7736,0,0,0,0,0,2361,0,0,0,0,0,0,0
78,10018649925317144938,0,0,0,0,0,0,0,0,0,0,0,0,0,0,0,0,0,0,0,0,0,0,983,0,6,9148,0,0,0,9134,0,0,0,9,2649,2,0,0,0,0,14,0,0,0,0,2655,_history_tree_4_removes,3105,0,0,0,0,0,0,2661,2655,0,0,0,5316,0,0,0,0,0,6,0,0,0,0,0,0,0
78,10018649925317144938,0,0,0,0,0,0,0,0,0,0,0,0,0,0,0,0,0,0,0,0,0,0,361,0,2359,67383,0,0,0,67187,0,0,0,10,361,816,0,0,0,0,195,0,0,0,0,2719,_history_tree_5_updates,2032,0,0,0,0,0,0,5078,2719,0,0,0,7797,0,0,0,0,0,2358,0,0,0,0,0,0,0
78,10018649925317144938,0,0,0,0,0,0,0,0,0,0,0,0,0,0,0,0,0,0,0,0,0,0,992,0,6,9055,0,0,0,9044,0,0,0,11,2576,1,0,0,0,0,11,0,0,0,0,2582,_history_tree_5_removes,3030,0,0,0,0,0,0,2588,2582,0,0,0,5170,0,0,0,0,0,6,0,0,0,0,0,0,0
78,10018649925317144938,0,0,0,0,0,0,0,0,0,0,0,0,0,0,0,0,0,0,0,0,0,0,333,0,2439,69862,0,0,0,69673,0,0,0,12,333,915,0,0,0,0,189,0,0,0,0,2664,_history_tree_6_updates,1977,0,0,0,0,0,0,5212,2664,0,0,0,7876,0,0,0,0,0,2440,0,0,0,0,0,0,0
78,10018649925317144938,0,0,0,0,0,0,0,0,0,0,0,0,0,0,0,0,0,0,0,0,0,0,1033,0,5,9560,0,0,0,9548,0,0,0,29,2654,0,0,0,0,0,12,0,0,0,0,2659,_history_tree_14_removes,3141,0,0,0,0,0,0,2664,2659,0,0,0,5323,0,0,0,0,0,5,0,0,0,0,0,0,0
78,10018649925317144938,0,0,0,0,0,0,0,0,0,0,0,0,0,0,0,0,0,0,0,0,0,0,357,0,2410,69124,0,0,0,68918,0,0,0,30,358,865,0,0,0,0,205,0,0,0,0,2739,_history_tree_15_updates,2042,0,0,0,0,0,0,5176,2739,0,0,0,7915,0,0,0,0,0,2408,0,0,0,0,0,0,0
78,10018649925317144938,0,0,0,0,0,0,0,0,0,0,0,0,0,0,0,0,0,0,0,0,0,0,985,0,10,9487,0,0,0,9478,0,0,0,31,2604,5,0,0,0,0,9,0,0,0,0,2615,_history_tree_15_removes,3067,0,0,0,0,0,0,2625,2615,0,0,0,5240,0,0,0,0,0,10,0,0,0,0,0,0,0
78,10018649925317144938,0,0,0,0,0,0,0,0,0,0,0,0,0,0,0,0,0,0,0,0,0,0,340,0,2368,67992,0,0,0,67795,0,0,0,32,340,830,0,0,0,0,195,0,0,0,0,2702,_history_tree_16_updates,1997,0,0,0,0,0,0,5075,2702,0,0,0,7777,0,0,0,0,0,2368,0,0,0,0,0,0,0
78,10018649925317144938,0,0,0,0,0,0,0,0,0,0,0,0,0,0,0,0,0,0,0,0,0,0,1015,0,6,9259,0,0,0,9244,0,0,0,33,2591,0,0,0,0,0,15,0,0,0,0,2597,_history_tree_16_removes,3041,0,0,0,0,0,0,2603,2597,0,0,0,5200,0,0,0,0,0,6,0,0,0,0,0,0,0
78,10018649925317144938,0,0,0,0,0,0,0,0,0,0,0,0,0,0,0,0,0,0,0,0,0,0,352,0,2364,143982,0,0,0,71771,0,0,0,34,10583,2714,0,0,0,0,217,0,0,0,0,6343,_history_tree_17_updates,4005,0,0,0,0,0,0,15310,12690,0,0,0,21660,0,0,0,0,0,2363,0,0,0,0,0,0,0
78,10018649925317144938,0,0,0,0,0,0,0,0,0,0,0,0,0,0,0,0,0,0,0,0,0,0,775,0,18,8924,0,0,0,8906,0,0,0,35,2472,11,0,0,0,0,17,0,0,0,0,2490,_history_tree_17_removes,2873,0,0,0,0,0,0,2508,2490,0,0,0,4998,0,0,0,0,0,18,0,0,0,0,0,0,0
78,10018649925317144938,0,0,0,0,0,0,0,0,0,0,0,0,0,0,0,0,0,0,0,0,0,0,322,0,2333,66500,0,0,0,66274,0,0,0,36,322,754,0,0,0,0,226,0,0,0,0,2655,_history_tree_18_updates,2007,0,0,0,0,0,0,4988,2655,0,0,0,7643,0,0,0,0,0,2333,0,0,0,0,0,0,0
78,10018649925317144938,0,0,0,0,0,0,0,0,0,0,0,0,0,0,0,0,0,0,0,0,0,0,1004,0,4,8862,0,0,0,8844,0,0,0,37,2680,0,0,0,0,0,18,0,0,0,0,2684,_history_tree_18_removes,3124,0,0,0,0,0,0,2688,2684,0,0,0,5372,0,0,0,0,0,4,0,0,0,0,0,0,0
78,10018649925317144938,0,0,0,0,0,0,0,0,0,0,0,0,0,0,0,0,0,0,0,0,0,0,362,0,2341,67630,0,0,0,67407,0,0,0,38,362,796,0,0,0,0,222,0,0,0,0,2670,_history_tree_19_updates,2025,0,0,0,0,0,0,5045,2670,0,0,0,7715,0,0,0,0,0,2342,0,0,0,0,0,0,0
78,10018649925317144938,0,0,0,0,0,0,0,0,0,0,0,0,0,0,0,0,0,0,0,0,0,0,1044,0,4,9447,0,0,0,9433,0,0,0,39,2548,1,0,0,0,0,14,0,0,0,0,2552,_history_tree_19_removes,2992,0,0,0,0,0,0,2556,2552,0,0,0,5108,0,0,0,0,0,4,0,0,0,0,0,0,0
78,10018649925317144938,49519,0,0,0,0,0,45618,0,0,0,0,0,0,0,0,0,0,0,0,0,0,0,0,0,0,296675,0,0,0,97124,0,0,0,40,0,0,0,0,0,0,2086,0,0,95134,0,0,warehouse,0,0,0,0,0,0,0,0,0,0,0,0,0,197154,0,0,197156,0,0,0,0,0,95135,0,0,0
78,10018649925317144938,0,0,0,0,0,0,0,0,0,0,0,0,0,0,0,0,0,0,0,0,0,0,0,0,0,0,0,0,0,0,0,0,0,41,0,0,0,0,0,0,0,0,0,0,0,0,_warehouse_graveyard,0,0,0,0,0,0,0,0,0,0,0,0,0,0,0,0,0,0,0,0,0,0,0,0,0,0
78,10018649925317144938,97872,0,0,0,0,0,96225,0,0,0,0,0,0,0,0,0,0,0,0,0,0,0,0,0,0,301482,0,0,0,196268,0,0,0,42,0,0,0,0,0,0,1013,0,0,194115,0,0,district,0,0,0,0,0,0,0,0,0,0,0,0,0,104153,0,0,104154,0,0,0,0,0,194119,0,0,0
78,10018649925317144938,0,0,0,0,0,0,0,0,0,0,0,0,0,0,0,0,0,0,0,0,0,0,0,0,0,0,0,0,0,0,0,0,0,43,0,0,0,0,0,0,0,0,0,0,0,0,_district_graveyard,0,0,0,0,0,0,0,0,0,0,0,0,0,0,0,0,0,0,0,0,0,0,0,0,0,0
78,10018649925317144938,63274,0,0,0,0,0,59692,0,0,0,0,0,0,0,0,0,0,0,0,0,0,0,0,0,0,795291,0,0,0,122987,0,0,0,44,0,0,0,0,0,0,8,0,0,122963,0,0,customer,0,0,0,0,0,0,0,0,0,0,0,0,0,142109,0,0,142110,0,0,0,0,0,122959,0,0,0
78,10018649925317144938,0,0,0,0,0,0,0,0,0,0,0,0,0,0,0,0,0,0,0,0,0,0,0,0,0,0,0,0,0,0,0,0,0,45,0,0,0,0,0,0,0,0,0,0,0,0,_customer_graveyard,0,0,0,0,0,0,0,0,0,0,0,0,0,0,0,0,0,0,0,0,0,0,0,0,0,0
78,10018649925317144938,0,0,0,0,0,0,0,0,0,0,0,0,0,0,0,0,0,0,0,0,0,0,0,0,0,185751,0,0,0,0,0,0,0,46,0,0,0,0,0,0,61919,0,0,0,0,0,customerwdl,0,0,0,0,0,0,0,0,0,0,0,61919,0,61919,0,0,61919,0,0,0,0,0,0,0,0,0
78,10018649925317144938,0,0,0,0,0,0,0,0,0,0,0,0,0,0,0,0,0,0,0,0,0,0,0,0,0,0,0,0,0,0,0,0,0,47,0,0,0,0,0,0,0,0,0,0,0,0,_customerwdl_graveyard,0,0,0,0,0,0,0,0,0,0,0,0,0,0,0,0,0,0,0,0,0,0,0,0,0,0
78,10018649925317144938,0,0,0,0,0,0,0,0,0,0,0,0,0,0,0,0,0,0,0,0,0,0,0,0,2229,119283,0,0,0,39761,0,0,0,48,0,0,0,0,0,0,0,0,0,0,0,0,history,0,0,0,0,0,0,0,2254,0,0,0,0,2254,0,0,0,0,0,0,0,0,0,0,0,0,0
78,10018649925317144938,0,0,0,0,0,0,0,0,0,0,0,0,0,0,0,0,0,0,0,0,0,0,0,0,0,0,0,0,0,0,0,0,0,49,0,0,0,0,0,0,0,0,0,0,0,0,_history_graveyard,0,0,0,0,0,0,0,0,0,0,0,0,0,0,0,0,0,0,0,0,0,0,0,0,0,0
78,10018649925317144938,42766,85440,0,85440,0,0,42660,0,0,0,0,0,0,0,0,0,0,0,0,0,0,0,52784,0,2119,1162248,0,0,0,273359,0,10850,0,50,0,0,0,0,0,0,114047,0,0,0,0,0,neworder,91982,10849,0,0,0,0,0,3969,0,0,0,85691,3969,96539,0,0,96536,0,1850,0,0,0,0,0,0,0
78,10018649925317144938,0,0,0,0,0,0,0,0,0,0,0,0,0,0,0,0,0,0,0,0,0,0,0,0,0,0,0,0,0,0,0,0,0,51,0,0,0,0,0,0,0,0,0,0,0,0,_neworder_graveyard,0,0,0,0,0,0,0,0,0,0,0,0,0,0,0,0,0,0,0,0,0,0,0,0,0,0
78,10018649925317144938,43083,0,0,0,0,0,42327,0,0,0,0,0,0,0,0,0,0,0,0,0,0,0,0,0,4378,836691,0,0,0,189897,0,0,0,52,0,0,0,0,0,0,0,0,0,85404,0,0,order,0,0,0,0,0,0,0,4387,0,0,0,0,4387,88993,0,0,88993,0,0,0,0,0,85399,0,0,0
78,10018649925317144938,0,0,0,0,0,0,0,0,0,0,0,0,0,0,0,0,0,0,0,0,0,0,0,0,0,0,0,0,0,0,0,0,0,53,0,0,0,0,0,0,0,0,0,0,0,0,_order_graveyard,0,0,0,0,0,0,0,0,0,0,0,0,0,0,0,0,0,0,0,0,0,0,0,0,0,0
78,10018649925317144938,0,0,0,0,0,0,0,0,0,0,0,0,0,0,0,0,3593,0,0,0,0,0,0,0,1469,315507,0,0,0,101576,1,1,0,54,0,0,0,0,0,0,3593,0,0,0,0,0,order_wdc,0,1,0,0,0,0,0,1470,0,0,0,0,1470,3593,0,0,3593,0,0,0,0,0,0,0,0,0
78,10018649925317144938,0,0,0,0,0,0,0,0,0,0,0,0,0,0,0,0,0,0,0,0,0,0,0,0,0,0,0,0,0,0,0,0,0,55,0,0,0,0,0,0,0,0,0,0,0,0,_order_wdc_graveyard,0,0,0,0,0,0,0,0,0,0,0,0,0,0,0,0,0,0,0,0,0,0,0,0,0,0
78,10018649925317144938,432895,0,0,0,0,0,423004,0,0,0,0,0,0,0,0,0,0,0,0,0,0,0,101269,0,59547,7708908,0,0,0,1914553,0,980,0,56,0,0,0,0,0,0,12675,0,0,855921,0,0,orderline,1839211,980,0,0,0,0,0,60345,0,0,0,12601,60345,1851853,0,0,1851867,0,0,0,0,0,855919,0,0,0
78,10018649925317144938,0,0,0,0,0,0,0,0,0,0,0,0,0,0,0,0,0,0,0,0,0,0,0,0,0,0,0,0,0,0,0,0,0,57,0,0,0,0,0,0,0,0,0,0,0,0,_orderline_graveyard,0,0,0,0,0,0,0,0,0,0,0,0,0,0,0,0,0,0,0,0,0,0,0,0,0,0
78,10018649925317144938,0,0,0,0,0,0,0,0,0,0,0,0,0,0,0,0,0,0,0,0,0,0,0,0,0,1997799,0,0,0,0,0,0,0,58,0,0,0,0,0,0,0,0,0,0,0,0,item,0,0,0,0,0,0,0,0,0,0,0,0,0,998845,0,0,998853,0,0,0,0,0,0,0,0,0
79,10018649925317144938,0,0,0,0,0,0,0,0,0,0,0,0,0,0,0,0,0,0,0,0,0,0,0,0,0,0,0,0,0,0,0,0,0,61,0,0,0,0,0,0,0,0,0,0,0,0,_stock_graveyard,0,0,0,0,0,0,0,0,0,0,0,0,0,0,0,0,0,0,0,0,0,0,0,0,0,0
79,10018649925317144938,494602,0,0,0,0,0,482376,0,0,0,0,0,0,0,0,0,0,0,0,0,0,0,0,0,0,14907554,0,0,0,978045,0,0,0,60,0,0,0,0,0,0,1141,0,0,977010,0,0,stock,0,0,0,0,0,0,0,0,0,0,0,0,0,2747630,0,0,2747614,0,0,0,0,0,976980,0,0,0
79,10018649925317144938,0,0,0,0,0,0,0,0,0,0,0,0,0,0,0,0,0,0,0,0,0,0,0,0,0,0,0,0,0,0,0,0,0,59,0,0,0,0,0,0,0,0,0,0,0,0,_item_graveyard,0,0,0,0,0,0,0,0,0,0,0,0,0,0,0,0,0,0,0,0,0,0,0,0,0,0
79,10018649925317144938,0,0,0,0,0,0,0,0,0,0,0,0,0,0,0,0,0,0,0,0,0,0,345,0,2368,68432,0,0,0,68223,0,0,0,28,345,857,0,0,0,0,207,0,0,0,0,2679,_history_tree_14_updates,1972,0,0,0,0,0,0,5080,2679,0,0,0,7759,0,0,0,0,0,2367,0,0,0,0,0,0,0
79,10018649925317144938,0,0,0,0,0,0,0,0,0,0,0,0,0,0,0,0,0,0,0,0,0,0,1024,0,7,9442,0,0,0,9429,0,0,0,27,2542,3,0,0,0,0,13,0,0,0,0,2549,_history_tree_13_removes,2996,0,0,0,0,0,0,2556,2549,0,0,0,5105,0,0,0,0,0,7,0,0,0,0,0,0,0
79,10018649925317144938,0,0,0,0,0,0,0,0,0,0,0,0,0,0,0,0,0,0,0,0,0,0,326,0,2358,67833,0,0,0,67624,0,0,0,26,326,834,0,0,0,0,208,0,0,0,0,2683,_history_tree_13_updates,1962,0,0,0,0,0,0,5042,2683,0,0,0,7725,0,0,0,0,0,2359,0,0,0,0,0,0,0
79,10018649925317144938,0,0,0,0,0,0,0,0,0,0,0,0,0,0,0,0,0,0,0,0,0,0,973,0,6,9019,0,0,0,9003,0,0,0,25,2555,0,0,0,0,0,16,0,0,0,0,2561,_history_tree_12_removes,3009,0,0,0,0,0,0,2567,2561,0,0,0,5130,0,0,0,0,0,6,0,0,0,0,0,0,0
79,10018649925317144938,0,0,0,0,0,0,0,0,0,0,0,0,0,0,0,0,0,0,0,0,0,0,317,0,2335,66752,0,0,0,66556,0,0,0,24,317,814,0,0,0,0,195,0,0,0,0,2637,_history_tree_12_updates,1963,0,0,0,0,0,0,4987,2637,0,0,0,7624,0,0,0,0,0,2335,0,0,0,0,0,0,0
79,10018649925317144938,0,0,0,0,0,0,0,0,0,0,0,0,0,0,0,0,0,0,0,0,0,0,979,0,5,9155,0,0,0,9141,0,0,0,23,2530,2,0,0,0,0,14,0,0,0,0,2535,_history_tree_11_removes,2975,0,0,0,0,0,0,2540,2535,0,0,0,5075,0,0,0,0,0,5,0,0,0,0,0,0,0
79,10018649925317144938,0,0,0,0,0,0,0,0,0,0,0,0,0,0,0,0,0,0,0,0,0,0,375,0,2348,67432,0,0,0,67190,0,0,0,22,375,842,0,0,0,0,241,0,0,0,0,2725,_history_tree_11_updates,2006,0,0,0,0,0,0,5075,2725,0,0,0,7800,0,0,0,0,0,2351,0,0,0,0,0,0,0
79,10018649925317144938,0,0,0,0,0,0,0,0,0,0,0,0,0,0,0,0,0,0,0,0,0,0,1017,0,6,9247,0,0,0,9231,0,0,0,21,2521,2,0,0,0,0,16,0,0,0,0,2527,_history_tree_10_removes,2972,0,0,0,0,0,0,2534,2528,0,0,0,5062,0,0,0,0,0,6,0,0,0,0,0,0,0
79,10018649925317144938,0,0,0,0,0,0,0,0,0,0,0,0,0,0,0,0,0,0,0,0,0,0,337,0,2351,67430,0,0,0,67242,0,0,0,20,337,842,0,0,0,0,186,0,0,0,0,2681,_history_tree_10_updates,1977,0,0,0,0,0,0,5040,2681,0,0,0,7721,0,0,0,0,0,2352,0,0,0,0,0,0,0
79,10018649925317144938,0,0,0,0,0,0,0,0,0,0,0,0,0,0,0,0,0,0,0,0,0,0,1038,0,2,9269,0,0,0,9255,0,0,0,19,2593,1,0,0,0,0,14,0,0,0,0,2595,_history_tree_9_removes,3024,0,0,0,0,0,0,2597,2595,0,0,0,5192,0,0,0,0,0,2,0,0,0,0,0,0,0
79,10018649925317144938,0,0,0,0,0,0,0,0,0,0,0,0,0,0,0,0,0,0,0,0,0,0,315,0,2349,67343,0,0,0,67137,0,0,0,18,315,817,0,0,0,0,203,0,0,0,0,2668,_history_tree_9_updates,1949,0,0,0,0,0,0,5016,2668,0,0,0,7685,0,0,0,0,0,2353,0,0,0,0,0,0,0
79,10018649925317144938,0,0,0,0,0,0,0,0,0,0,0,0,0,0,0,0,0,0,0,0,0,0,1043,0,2,9114,0,0,0,9099,0,0,0,17,2618,0,0,0,0,0,15,0,0,0,0,2620,_history_tree_8_removes,3083,0,0,0,0,0,0,2622,2621,0,0,0,5244,0,0,0,0,0,2,0,0,0,0,0,0,0
79,10018649925317144938,0,0,0,0,0,0,0,0,0,0,0,0,0,0,0,0,0,0,0,0,0,0,317,0,2318,66579,0,0,0,66378,0,0,0,16,317,747,0,0,0,0,201,0,0,0,0,2635,_history_tree_8_updates,2019,0,0,0,0,0,0,4953,2635,0,0,0,7587,0,0,0,0,0,2318,0,0,0,0,0,0,0
79,10018649925317144938,0,0,0,0,0,0,0,0,0,0,0,0,0,0,0,0,0,0,0,0,0,0,921,0,5,8698,0,0,0,8685,0,0,0,15,2627,1,0,0,0,0,13,0,0,0,0,2632,_history_tree_7_removes,3058,0,0,0,0,0,0,2637,2632,0,0,0,5269,0,0,0,0,0,5,0,0,0,0,0,0,0
79,10018649925317144938,0,0,0,0,0,0,0,0,0,0,0,0,0,0,0,0,0,0,0,0,0,0,370,0,2331,66252,0,0,0,66035,0,0,0,14,370,789,0,0,0,0,217,0,0,0,0,2655,_history_tree_7_updates,2035,0,0,0,0,0,0,5032,2655,0,0,0,7687,0,0,0,0,0,2331,0,0,0,0,0,0,0
79,10018649925317144938,0,0,0,0,0,0,0,0,0,0,0,0,0,0,0,0,0,0,0,0,0,0,976,0,5,9031,0,0,0,9021,0,0,0,13,2640,3,0,0,0,0,10,0,0,0,0,2645,_history_tree_6_removes,3086,0,0,0,0,0,0,2650,2645,0,0,0,5295,0,0,0,0,0,5,0,0,0,0,0,0,0
79,10018649925317144938,0,0,0,0,0,0,0,0,0,0,0,0,0,22051107,22591169,0,0,0,0,0,0,0,335,0,2321,66683,0,0,0,66490,0,0,0,0,335,783,0,0,0,0,186,0,0,0,0,2652,_history_tree_0_updates,1989,0,1483449,0,0,0,0,4978,2652,0,0,0,7630,0,0,0,0,0,2321,0,0,0,0,706674,0,0
79,10018649925317144938,0,0,0,0,0,0,0,0,0,0,0,0,0,0,0,0,0,0,0,0,0,0,979,0,4,9152,0,0,0,9142,0,0,0,1,2608,1,0,0,0,0,10,0,0,0,0,2612,_history_tree_0_removes,3045,0,0,0,0,0,0,2616,2612,0,0,0,5230,0,0,0,0,0,4,0,0,0,0,0,0,0
79,10018649925317144938,0,0,0,0,0,0,0,0,0,0,0,0,0,0,0,0,0,0,0,0,0,0,292,0,2358,67746,0,0,0,67536,0,0,0,2,292,820,0,0,0,0,213,0,0,0,0,2637,_history_tree_1_updates,1942,0,0,0,0,0,0,5009,2637,0,0,0,7646,0,0,0,0,0,2359,0,0,0,0,0,0,0
79,10018649925317144938,0,0,0,0,0,0,0,0,0,0,0,0,0,0,0,0,0,0,0,0,0,0,1009,0,5,9378,0,0,0,9372,0,0,0,3,2605,2,0,0,0,0,6,0,0,0,0,2610,_history_tree_1_removes,3050,0,0,0,0,0,0,2615,2610,0,0,0,5225,0,0,0,0,0,5,0,0,0,0,0,0,0
79,10018649925317144938,0,0,0,0,0,0,0,0,0,0,0,0,0,0,0,0,0,0,0,0,0,0,313,0,2343,67256,0,0,0,67052,0,0,0,4,313,812,0,0,0,0,205,0,0,0,0,2647,_history_tree_2_updates,1969,0,0,0,0,0,0,4998,2647,0,0,0,7645,0,0,0,0,0,2342,0,0,0,0,0,0,0
79,10018649925317144938,0,0,0,0,0,0,0,0,0,0,0,0,0,0,0,0,0,0,0,0,0,0,975,0,7,9202,0,0,0,9185,0,0,0,5,2526,2,0,0,0,0,17,0,0,0,0,2533,_history_tree_2_removes,2999,0,0,0,0,0,0,2540,2533,0,0,0,5073,0,0,0,0,0,7,0,0,0,0,0,0,0
79,10018649925317144938,0,0,0,0,0,0,0,0,0,0,0,0,0,0,0,0,0,0,0,0,0,0,371,0,2325,67182,0,0,0,66968,0,0,0,6,371,783,0,0,0,0,212,0,0,0,0,2677,_history_tree_3_updates,2030,0,0,0,0,0,0,5022,2677,0,0,0,7699,0,0,0,0,0,2325,0,0,0,0,0,0,0
79,10018649925317144938,0,0,0,0,0,0,0,0,0,0,0,0,0,0,0,0,0,0,0,0,0,0,1030,0,5,9351,0,0,0,9332,0,0,0,7,2537,2,0,0,0,0,20,0,0,0,0,2542,_history_tree_3_removes,2987,0,0,0,0,0,0,2547,2542,0,0,0,5089,0,0,0,0,0,5,0,0,0,0,0,0,0
79,10018649925317144938,0,0,0,0,0,0,0,0,0,0,0,0,0,0,0,0,0,0,0,0,0,0,336,0,2360,67800,0,0,0,67585,0,0,0,8,336,832,0,0,0,0,213,0,0,0,0,2668,_history_tree_4_updates,1985,0,0,0,0,0,0,5055,2668,0,0,0,7723,0,0,0,0,0,2359,0,0,0,0,0,0,0
79,10018649925317144938,0,0,0,0,0,0,0,0,0,0,0,0,0,0,0,0,0,0,0,0,0,0,992,0,9,9292,0,0,0,9273,0,0,0,9,2591,3,0,0,0,0,19,0,0,0,0,2600,_history_tree_4_removes,3035,0,0,0,0,0,0,2609,2600,0,0,0,5209,0,0,0,0,0,9,0,0,0,0,0,0,0
79,10018649925317144938,0,0,0,0,0,0,0,0,0,0,0,0,0,0,0,0,0,0,0,0,0,0,326,0,2368,68164,0,0,0,67955,0,0,0,10,326,829,0,0,0,0,208,0,0,0,0,2685,_history_tree_5_updates,1980,0,0,0,0,0,0,5062,2685,0,0,0,7747,0,0,0,0,0,2369,0,0,0,0,0,0,0
79,10018649925317144938,0,0,0,0,0,0,0,0,0,0,0,0,0,0,0,0,0,0,0,0,0,0,1053,0,6,9482,0,0,0,9472,0,0,0,11,2579,1,0,0,0,0,10,0,0,0,0,2585,_history_tree_5_removes,3032,0,0,0,0,0,0,2591,2585,0,0,0,5176,0,0,0,0,0,6,0,0,0,0,0,0,0
79,10018649925317144938,0,0,0,0,0,0,0,0,0,0,0,0,0,0,0,0,0,0,0,0,0,0,329,0,2301,65996,0,0,0,65766,0,0,0,12,329,759,0,0,0,0,230,0,0,0,0,2582,_history_tree_6_updates,1996,0,0,0,0,0,0,4928,2582,0,0,0,7510,0,0,0,0,0,2298,0,0,0,0,0,0,0
79,10018649925317144938,0,0,0,0,0,0,0,0,0,0,0,0,0,0,0,0,0,0,0,0,0,0,1057,0,6,9585,0,0,0,9562,0,0,0,29,2537,2,0,0,0,0,23,0,0,0,0,2543,_history_tree_14_removes,2997,0,0,0,0,0,0,2549,2543,0,0,0,5092,0,0,0,0,0,6,0,0,0,0,0,0,0
79,10018649925317144938,0,0,0,0,0,0,0,0,0,0,0,0,0,0,0,0,0,0,0,0,0,0,339,0,2338,67035,0,0,0,66843,0,0,0,30,339,787,0,0,0,0,192,0,0,0,0,2679,_history_tree_15_updates,2023,0,0,0,0,0,0,5017,2679,0,0,0,7696,0,0,0,0,0,2340,0,0,0,0,0,0,0
79,10018649925317144938,0,0,0,0,0,0,0,0,0,0,0,0,0,0,0,0,0,0,0,0,0,0,1014,0,5,9165,0,0,0,9156,0,0,0,31,2602,1,0,0,0,0,9,0,0,0,0,2606,_history_tree_15_removes,3080,0,0,0,0,0,0,2611,2606,0,0,0,5217,0,0,0,0,0,5,0,0,0,0,0,0,0
79,10018649925317144938,0,0,0,0,0,0,0,0,0,0,0,0,0,0,0,0,0,0,0,0,0,0,331,0,2355,67888,0,0,0,67666,0,0,0,32,332,840,0,0,0,0,218,0,0,0,0,2685,_history_tree_16_updates,1952,0,0,0,0,0,0,5040,2685,0,0,0,7725,0,0,0,0,0,2353,0,0,0,0,0,0,0
79,10018649925317144938,0,0,0,0,0,0,0,0,0,0,0,0,0,0,0,0,0,0,0,0,0,0,1017,0,8,9416,0,0,0,9400,0,0,0,33,2537,3,0,0,0,0,16,0,0,0,0,2545,_history_tree_16_removes,2976,0,0,0,0,0,0,2553,2545,0,0,0,5098,0,0,0,0,0,8,0,0,0,0,0,0,0
79,10018649925317144938,0,0,0,0,0,0,0,0,0,0,0,0,0,0,0,0,0,0,0,0,0,0,376,0,2375,143882,0,0,0,71717,0,0,0,34,10154,2745,0,0,0,0,220,0,0,0,0,6106,_history_tree_17_updates,3811,0,0,0,0,0,0,14905,12205,3,0,0,21004,0,0,0,0,0,2374,0,0,0,0,0,0,0
79,10018649925317144938,0,0,0,0,0,0,0,0,0,0,0,0,0,0,0,0,0,0,0,0,0,0,812,0,21,8992,0,0,0,8981,0,0,0,35,2326,15,0,0,0,0,15,0,0,0,0,2347,_history_tree_17_removes,2749,0,0,0,0,0,0,2368,2347,0,0,0,4715,0,0,0,0,0,21,0,0,0,0,0,0,0
79,10018649925317144938,0,0,0,0,0,0,0,0,0,0,0,0,0,0,0,0,0,0,0,0,0,0,309,0,2367,67669,0,0,0,67457,0,0,0,36,309,816,0,0,0,0,214,0,0,0,0,2660,_history_tree_18_updates,1964,0,0,0,0,0,0,5040,2660,0,0,0,7700,0,0,0,0,0,2364,0,0,0,0,0,0,0
79,10018649925317144938,0,0,0,0,0,0,0,0,0,0,0,0,0,0,0,0,0,0,0,0,0,0,1055,0,5,9268,0,0,0,9250,0,0,0,37,2635,1,0,0,0,0,18,0,0,0,0,2640,_history_tree_18_removes,3063,0,0,0,0,0,0,2646,2641,0,0,0,5287,0,0,0,0,0,5,0,0,0,0,0,0,0
79,10018649925317144938,0,0,0,0,0,0,0,0,0,0,0,0,0,0,0,0,0,0,0,0,0,0,340,0,2374,67754,0,0,0,67563,0,0,0,38,340,853,0,0,0,0,193,0,0,0,0,2625,_history_tree_19_updates,1971,0,0,0,0,0,0,5086,2625,0,0,0,7711,0,0,0,0,0,2371,0,0,0,0,0,0,0
79,10018649925317144938,0,0,0,0,0,0,0,0,0,0,0,0,0,0,0,0,0,0,0,0,0,0,971,0,7,9043,0,0,0,9026,0,0,0,39,2556,4,0,0,0,0,17,0,0,0,0,2563,_history_tree_19_removes,2995,0,0,0,0,0,0,2570,2563,0,0,0,5133,0,0,0,0,0,7,0,0,0,0,0,0,0
79,10018649925317144938,48666,0,0,0,0,0,45022,0,0,0,0,0,0,0,0,0,0,0,0,0,0,0,0,0,0,291461,0,0,0,95630,0,0,0,40,0,0,0,0,0,0,1990,0,0,93689,0,0,warehouse,0,0,0,0,0,0,0,0,0,0,0,0,0,193542,0,0,193543,0,0,0,0,0,93689,0,0,0
79,10018649925317144938,0,0,0,0,0,0,0,0,0,0,0,0,0,0,0,0,0,0,0,0,0,0,0,0,0,0,0,0,0,0,0,0,0,41,0,0,0,0,0,0,0,0,0,0,0,0,_warehouse_graveyard,0,0,0,0,0,0,0,0,0,0,0,0,0,0,0,0,0,0,0,0,0,0,0,0,0,0
79,10018649925317144938,95864,0,0,0,0,0,94681,0,0,0,0,0,0,0,0,0,0,0,0,0,0,0,0,0,0,296332,0,0,0,192681,0,0,0,42,0,0,0,0,0,0,1013,0,0,190535,0,0,district,0,0,0,0,0,0,0,0,0,0,0,0,0,102570,0,0,102570,0,0,0,0,0,190530,0,0,0
79,10018649925317144938,0,0,0,0,0,0,0,0,0,0,0,0,0,0,0,0,0,0,0,0,0,0,0,0,0,0,0,0,0,0,0,0,0,43,0,0,0,0,0,0,0,0,0,0,0,0,_district_graveyard,0,0,0,0,0,0,0,0,0,0,0,0,0,0,0,0,0,0,0,0,0,0,0,0,0,0
79,10018649925317144938,62928,0,0,0,0,0,59884,0,0,0,0,0,0,0,0,0,0,0,0,0,0,0,0,0,0,786453,0,0,0,122823,0,0,0,44,0,0,0,0,0,0,5,0,0,122815,0,0,customer,0,0,0,0,0,0,0,0,0,0,0,0,0,139319,0,0,139319,0,0,0,0,0,122814,0,0,0
79,10018649925317144938,0,0,0,0,0,0,0,0,0,0,0,0,0,0,0,0,0,0,0,0,0,0,0,0,0,0,0,0,0,0,0,0,0,45,0,0,0,0,0,0,0,0,0,0,0,0,_customer_graveyard,0,0,0,0,0,0,0,0,0,0,0,0,0,0,0,0,0,0,0,0,0,0,0,0,0,0
79,10018649925317144938,0,0,0,0,0,0,0,0,0,0,0,0,0,0,0,0,0,0,0,0,0,0,0,0,0,183603,0,0,0,0,0,0,0,46,0,0,0,0,0,0,61199,0,0,0,0,0,customerwdl,0,0,0,0,0,0,0,0,0,0,0,61201,0,61201,0,0,61201,0,0,0,0,0,0,0,0,0
79,10018649925317144938,0,0,0,0,0,0,0,0,0,0,0,0,0,0,0,0,0,0,0,0,0,0,0,0,0,0,0,0,0,0,0,0,0,47,0,0,0,0,0,0,0,0,0,0,0,0,_customerwdl_graveyard,0,0,0,0,0,0,0,0,0,0,0,0,0,0,0,0,0,0,0,0,0,0,0,0,0,0
79,10018649925317144938,0,0,0,0,0,0,0,0,0,0,0,0,0,0,0,0,0,0,0,0,0,0,0,0,2198,117348,0,0,0,39117,0,0,0,48,0,0,0,0,0,0,0,0,0,0,0,0,history,0,0,0,0,0,0,0,2225,0,0,0,0,2225,0,0,0,0,0,0,0,0,0,0,0,0,0
79,10018649925317144938,0,0,0,0,0,0,0,0,0,0,0,0,0,0,0,0,0,0,0,0,0,0,0,0,0,0,0,0,0,0,0,0,0,49,0,0,0,0,0,0,0,0,0,0,0,0,_history_graveyard,0,0,0,0,0,0,0,0,0,0,0,0,0,0,0,0,0,0,0,0,0,0,0,0,0,0
79,10018649925317144938,42994,85900,0,85900,0,0,42901,0,0,0,0,0,0,0,0,0,0,0,0,0,0,0,52323,0,2050,1160142,0,0,0,272061,0,10504,0,50,48,0,0,0,0,0,114646,0,0,0,0,0,neworder,91260,10504,0,0,0,0,0,3905,0,0,0,86188,3905,96692,0,0,96693,0,1804,0,0,0,0,0,0,0
79,10018649925317144938,0,0,0,0,0,0,0,0,0,0,0,0,0,0,0,0,0,0,0,0,0,0,0,0,0,0,0,0,0,0,0,0,0,51,0,0,0,0,0,0,0,0,0,0,0,0,_neworder_graveyard,0,0,0,0,0,0,0,0,0,0,0,0,0,0,0,0,0,0,0,0,0,0,0,0,0,0
79,10018649925317144938,43585,0,0,0,0,0,42305,0,0,0,0,0,0,0,0,0,0,0,0,0,0,0,0,0,4264,832626,0,0,0,188080,0,0,0,52,0,0,0,0,0,0,0,0,0,85887,0,0,order,0,0,0,0,0,0,0,4270,0,0,0,0,4270,89459,0,0,89460,0,0,0,0,0,85886,0,0,0
79,10018649925317144938,0,0,0,0,0,0,0,0,0,0,0,0,0,0,0,0,0,0,0,0,0,0,0,0,0,0,0,0,0,0,0,0,0,53,0,0,0,0,0,0,0,0,0,0,0,0,_order_graveyard,0,0,0,0,0,0,0,0,0,0,0,0,0,0,0,0,0,0,0,0,0,0,0,0,0,0
79,10018649925317144938,0,0,0,0,0,0,0,0,0,0,0,0,0,0,0,0,3575,0,0,0,0,0,0,0,1388,308628,0,0,0,99302,0,0,0,54,0,0,0,0,0,0,3575,0,0,0,0,0,order_wdc,0,0,0,0,0,0,0,1388,0,0,0,0,1388,3575,0,0,3575,0,0,0,0,0,0,0,0,0
79,10018649925317144938,0,0,0,0,0,0,0,0,0,0,0,0,0,0,0,0,0,0,0,0,0,0,0,0,0,0,0,0,0,0,0,0,0,55,0,0,0,0,0,0,0,0,0,0,0,0,_order_wdc_graveyard,0,0,0,0,0,0,0,0,0,0,0,0,0,0,0,0,0,0,0,0,0,0,0,0,0,0
79,10018649925317144938,433871,0,0,0,0,0,423962,0,0,0,0,0,0,0,0,0,0,0,0,0,0,0,99549,0,58169,7616767,0,0,0,1891653,0,1110,0,56,0,0,0,0,0,0,12531,0,0,857806,0,0,orderline,1809987,1110,0,0,0,0,0,58952,0,0,0,12453,58952,1822387,0,0,1822359,0,0,0,0,0,857819,0,0,0
79,10018649925317144938,0,0,0,0,0,0,0,0,0,0,0,0,0,0,0,0,0,0,0,0,0,0,0,0,0,0,0,0,0,0,0,0,0,57,0,0,0,0,0,0,0,0,0,0,0,0,_orderline_graveyard,0,0,0,0,0,0,0,0,0,0,0,0,0,0,0,0,0,0,0,0,0,0,0,0,0,0
79,10018649925317144938,0,0,0,0,0,0,0,0,0,0,0,0,0,0,0,0,0,0,0,0,0,0,0,0,0,1951136,0,0,0,0,0,0,0,58,0,0,0,0,0,0,0,0,0,0,0,0,item,0,0,0,0,0,0,0,0,0,0,0,0,0,975572,0,0,975568,0,0,0,0,0,0,0,0,0
80,10018649925317144938,0,0,0,0,0,0,0,0,0,0,0,0,0,0,0,0,0,0,0,0,0,0,0,0,0,0,0,0,0,0,0,0,0,61,0,0,0,0,0,0,0,0,0,0,0,0,_stock_graveyard,0,0,0,0,0,0,0,0,0,0,0,0,0,0,0,0,0,0,0,0,0,0,0,0,0,0
80,10018649925317144938,504752,0,0,0,0,0,492737,0,0,0,0,0,0,0,0,0,0,0,0,0,0,0,0,0,0,15276751,0,0,0,998651,0,0,0,60,0,0,0,0,0,0,1150,0,0,997470,0,0,stock,0,0,0,0,0,0,0,0,0,0,0,0,0,2819446,0,0,2819447,0,0,0,0,0,997520,0,0,0
80,10018649925317144938,0,0,0,0,0,0,0,0,0,0,0,0,0,0,0,0,0,0,0,0,0,0,0,0,0,0,0,0,0,0,0,0,0,59,0,0,0,0,0,0,0,0,0,0,0,0,_item_graveyard,0,0,0,0,0,0,0,0,0,0,0,0,0,0,0,0,0,0,0,0,0,0,0,0,0,0
80,10018649925317144938,0,0,0,0,0,0,0,0,0,0,0,0,0,0,0,0,0,0,0,0,0,0,387,0,2350,66947,0,0,0,66755,0,0,0,28,387,819,0,0,0,0,193,0,0,0,0,2702,_history_tree_14_updates,2047,0,0,0,0,0,0,5089,2702,0,0,0,7791,0,0,0,0,0,2352,0,0,0,0,0,0,0
80,10018649925317144938,0,0,0,0,0,0,0,0,0,0,0,0,0,0,0,0,0,0,0,0,0,0,926,0,7,9000,0,0,0,8992,0,0,0,27,2685,2,0,0,0,0,8,0,0,0,0,2692,_history_tree_13_removes,3139,0,0,0,0,0,0,2699,2692,0,0,0,5391,0,0,0,0,0,7,0,0,0,0,0,0,0
80,10018649925317144938,0,0,0,0,0,0,0,0,0,0,0,0,0,0,0,0,0,0,0,0,0,0,324,0,2380,67898,0,0,0,67668,0,0,0,26,324,803,0,0,0,0,230,0,0,0,0,2689,_history_tree_13_updates,2037,0,0,0,0,0,0,5085,2689,0,0,0,7774,0,0,0,0,0,2381,0,0,0,0,0,0,0
80,10018649925317144938,0,0,0,0,0,0,0,0,0,0,0,0,0,0,0,0,0,0,0,0,0,0,1068,0,6,9480,0,0,0,9471,0,0,0,25,2612,1,0,0,0,0,9,0,0,0,0,2618,_history_tree_12_removes,3095,0,0,0,0,0,0,2624,2618,0,0,0,5240,0,0,0,0,0,6,0,0,0,0,0,0,0
80,10018649925317144938,0,0,0,0,0,0,0,0,0,0,0,0,0,0,0,0,0,0,0,0,0,0,326,0,2388,68712,0,0,0,68494,0,0,0,24,326,827,0,0,0,0,220,0,0,0,0,2714,_history_tree_12_updates,2037,0,0,0,0,0,0,5102,2714,0,0,0,7816,0,0,0,0,0,2388,0,0,0,0,0,0,0
80,10018649925317144938,0,0,0,0,0,0,0,0,0,0,0,0,0,0,0,0,0,0,0,0,0,0,1002,0,8,9388,0,0,0,9378,0,0,0,23,2576,4,0,0,0,0,10,0,0,0,0,2584,_history_tree_11_removes,3031,0,0,0,0,0,0,2592,2584,0,0,0,5176,0,0,0,0,0,8,0,0,0,0,0,0,0
80,10018649925317144938,0,0,0,0,0,0,0,0,0,0,0,0,0,0,0,0,0,0,0,0,0,0,379,0,2392,68576,0,0,0,68374,0,0,0,22,379,876,0,0,0,0,202,0,0,0,0,2737,_history_tree_11_updates,2013,0,0,0,0,0,0,5160,2737,0,0,0,7897,0,0,0,0,0,2390,0,0,0,0,0,0,0
80,10018649925317144938,0,0,0,0,0,0,0,0,0,0,0,0,0,0,0,0,0,0,0,0,0,0,1068,0,8,9646,0,0,0,9634,0,0,0,21,2640,3,0,0,0,0,12,0,0,0,0,2648,_history_tree_10_removes,3109,0,0,0,0,0,0,2655,2647,0,0,0,5302,0,0,0,0,0,8,0,0,0,0,0,0,0
80,10018649925317144938,0,0,0,0,0,0,0,0,0,0,0,0,0,0,0,0,0,0,0,0,0,0,363,0,2412,69426,0,0,0,69216,0,0,0,20,363,852,0,0,0,0,211,0,0,0,0,2756,_history_tree_10_updates,2057,0,0,0,0,0,0,5187,2756,0,0,0,7943,0,0,0,0,0,2411,0,0,0,0,0,0,0
80,10018649925317144938,0,0,0,0,0,0,0,0,0,0,0,0,0,0,0,0,0,0,0,0,0,0,1062,0,5,9603,0,0,0,9588,0,0,0,19,2589,1,0,0,0,0,15,0,0,0,0,2595,_history_tree_9_removes,3039,0,0,0,0,0,0,2600,2595,0,0,0,5195,0,0,0,0,0,5,0,0,0,0,0,0,0
80,10018649925317144938,0,0,0,0,0,0,0,0,0,0,0,0,0,0,0,0,0,0,0,0,0,0,294,0,2403,69260,0,0,0,69048,0,0,0,18,294,816,0,0,0,0,212,0,0,0,0,2688,_history_tree_9_updates,2003,0,0,0,0,0,0,5101,2688,0,0,0,7788,0,0,0,0,0,2403,0,0,0,0,0,0,0
80,10018649925317144938,0,0,0,0,0,0,0,0,0,0,0,0,0,0,0,0,0,0,0,0,0,0,1057,0,4,9366,0,0,0,9355,0,0,0,17,2731,0,0,0,0,0,11,0,0,0,0,2735,_history_tree_8_removes,3175,0,0,0,0,0,0,2739,2734,0,0,0,5472,0,0,0,0,0,4,0,0,0,0,0,0,0
80,10018649925317144938,0,0,0,0,0,0,0,0,0,0,0,0,0,0,0,0,0,0,0,0,0,0,341,0,2385,68289,0,0,0,68086,0,0,0,16,341,774,0,0,0,0,203,0,0,0,0,2722,_history_tree_8_updates,2064,0,0,0,0,0,0,5109,2722,0,0,0,7831,0,0,0,0,0,2383,0,0,0,0,0,0,0
80,10018649925317144938,0,0,0,0,0,0,0,0,0,0,0,0,0,0,0,0,0,0,0,0,0,0,978,0,4,9055,0,0,0,9041,0,0,0,15,2657,0,0,0,0,0,14,0,0,0,0,2661,_history_tree_7_removes,3100,0,0,0,0,0,0,2665,2661,0,0,0,5326,0,0,0,0,0,4,0,0,0,0,0,0,0
80,10018649925317144938,0,0,0,0,0,0,0,0,0,0,0,0,0,0,0,0,0,0,0,0,0,0,338,0,2362,67524,0,0,0,67324,0,0,0,14,339,783,0,0,0,0,201,0,0,0,0,2700,_history_tree_7_updates,2040,0,0,0,0,0,0,5063,2700,0,0,0,7763,0,0,0,0,0,2361,0,0,0,0,0,0,0
80,10018649925317144938,0,0,0,0,0,0,0,0,0,0,0,0,0,0,0,0,0,0,0,0,0,0,1018,0,8,9328,0,0,0,9313,0,0,0,13,2602,4,0,0,0,0,15,0,0,0,0,2610,_history_tree_6_removes,3068,0,0,0,0,0,0,2618,2610,0,0,0,5228,0,0,0,0,0,8,0,0,0,0,0,0,0
80,10018649925317144938,0,0,0,0,0,0,0,0,0,0,0,0,0,22456760,23038970,0,0,0,0,0,0,0,356,0,2397,68873,0,0,0,68644,0,0,0,0,356,869,0,0,0,0,227,0,0,0,0,2734,_history_tree_0_updates,1998,0,1503921,0,0,0,0,5148,2734,0,0,0,7882,0,0,0,0,0,2396,0,0,0,0,709217,0,0
80,10018649925317144938,0,0,0,0,0,0,0,0,0,0,0,0,0,0,0,0,0,0,0,0,0,0,991,0,7,9420,0,0,0,9412,0,0,0,1,2570,2,0,0,0,0,8,0,0,0,0,2577,_history_tree_0_removes,3016,0,0,0,0,0,0,2584,2577,0,0,0,5159,0,0,0,0,0,7,0,0,0,0,0,0,0
80,10018649925317144938,0,0,0,0,0,0,0,0,0,0,0,0,0,0,0,0,0,0,0,0,0,0,309,0,2393,68430,0,0,0,68195,0,0,0,2,309,829,0,0,0,0,232,0,0,0,0,2695,_history_tree_1_updates,1993,0,0,0,0,0,0,5094,2695,0,0,0,7789,0,0,0,0,0,2392,0,0,0,0,0,0,0
80,10018649925317144938,0,0,0,0,0,0,0,0,0,0,0,0,0,0,0,0,0,0,0,0,0,0,994,0,9,9326,0,0,0,9316,0,0,0,3,2681,3,0,0,0,0,10,0,0,0,0,2690,_history_tree_1_removes,3120,0,0,0,0,0,0,2699,2690,0,0,0,5389,0,0,0,0,0,9,0,0,0,0,0,0,0
80,10018649925317144938,0,0,0,0,0,0,0,0,0,0,0,0,0,0,0,0,0,0,0,0,0,0,322,0,2407,69132,0,0,0,68909,0,0,0,4,322,812,0,0,0,0,217,0,0,0,0,2728,_history_tree_2_updates,2035,0,0,0,0,0,0,5135,2728,0,0,0,7863,0,0,0,0,0,2406,0,0,0,0,0,0,0
80,10018649925317144938,0,0,0,0,0,0,0,0,0,0,0,0,0,0,0,0,0,0,0,0,0,0,1074,0,5,9613,0,0,0,9594,0,0,0,5,2681,2,0,0,0,0,19,0,0,0,0,2686,_history_tree_2_removes,3142,0,0,0,0,0,0,2691,2686,0,0,0,5377,0,0,0,0,0,5,0,0,0,0,0,0,0
80,10018649925317144938,0,0,0,0,0,0,0,0,0,0,0,0,0,0,0,0,0,0,0,0,0,0,341,0,2411,69029,0,0,0,68802,0,0,0,6,341,846,0,0,0,0,227,0,0,0,0,2738,_history_tree_3_updates,2036,0,0,0,0,0,0,5161,2738,0,0,0,7901,0,0,0,0,0,2411,0,0,0,0,0,0,0
80,10018649925317144938,0,0,0,0,0,0,0,0,0,0,0,0,0,0,0,0,0,0,0,0,0,0,1011,0,9,9407,0,0,0,9392,0,0,0,7,2650,3,0,0,0,0,14,0,0,0,0,2659,_history_tree_3_removes,3121,0,0,0,0,0,0,2668,2659,0,0,0,5327,0,0,0,0,0,9,0,0,0,0,0,0,0
80,10018649925317144938,0,0,0,0,0,0,0,0,0,0,0,0,0,0,0,0,0,0,0,0,0,0,384,0,2380,68280,0,0,0,68049,0,0,0,8,384,872,0,0,0,0,230,0,0,0,0,2734,_history_tree_4_updates,2026,0,0,0,0,0,0,5145,2734,0,0,0,7879,0,0,0,0,0,2381,0,0,0,0,0,0,0
80,10018649925317144938,0,0,0,0,0,0,0,0,0,0,0,0,0,0,0,0,0,0,0,0,0,0,990,0,7,9245,0,0,0,9238,0,0,0,9,2538,2,0,0,0,0,7,0,0,0,0,2545,_history_tree_4_removes,3016,0,0,0,0,0,0,2552,2545,0,0,0,5097,0,0,0,0,0,7,0,0,0,0,0,0,0
80,10018649925317144938,0,0,0,0,0,0,0,0,0,0,0,0,0,0,0,0,0,0,0,0,0,0,324,0,2350,67007,0,0,0,66811,0,0,0,10,324,779,0,0,0,0,196,0,0,0,0,2668,_history_tree_5_updates,2018,0,0,0,0,0,0,5025,2668,0,0,0,7693,0,0,0,0,0,2351,0,0,0,0,0,0,0
80,10018649925317144938,0,0,0,0,0,0,0,0,0,0,0,0,0,0,0,0,0,0,0,0,0,0,981,0,4,8938,0,0,0,8922,0,0,0,11,2615,0,0,0,0,0,16,0,0,0,0,2619,_history_tree_5_removes,3080,0,0,0,0,0,0,2623,2619,0,0,0,5242,0,0,0,0,0,4,0,0,0,0,0,0,0
80,10018649925317144938,0,0,0,0,0,0,0,0,0,0,0,0,0,0,0,0,0,0,0,0,0,0,371,0,2407,68984,0,0,0,68764,0,0,0,12,371,891,0,0,0,0,221,0,0,0,0,2683,_history_tree_6_updates,2003,0,0,0,0,0,0,5187,2683,0,0,0,7870,0,0,0,0,0,2408,0,0,0,0,0,0,0
80,10018649925317144938,0,0,0,0,0,0,0,0,0,0,0,0,0,0,0,0,0,0,0,0,0,0,914,0,8,8908,0,0,0,8893,0,0,0,29,2606,3,0,0,0,0,15,0,0,0,0,2614,_history_tree_14_removes,3053,0,0,0,0,0,0,2622,2614,0,0,0,5236,0,0,0,0,0,8,0,0,0,0,0,0,0
80,10018649925317144938,0,0,0,0,0,0,0,0,0,0,0,0,0,0,0,0,0,0,0,0,0,0,339,0,2384,68320,0,0,0,68096,0,0,0,30,339,853,0,0,0,0,222,0,0,0,0,2711,_history_tree_15_updates,1971,0,0,0,0,0,0,5107,2711,0,0,0,7818,0,0,0,0,0,2384,0,0,0,0,0,0,0
80,10018649925317144938,0,0,0,0,0,0,0,0,0,0,0,0,0,0,0,0,0,0,0,0,0,0,999,0,7,9332,0,0,0,9310,0,0,0,31,2599,3,0,0,0,0,22,0,0,0,0,2606,_history_tree_15_removes,3024,0,0,0,0,0,0,2613,2606,0,0,0,5219,0,0,0,0,0,7,0,0,0,0,0,0,0
80,10018649925317144938,0,0,0,0,0,0,0,0,0,0,0,0,0,0,0,0,0,0,0,0,0,0,351,0,2388,68543,0,0,0,68337,0,0,0,32,351,829,0,0,0,0,204,0,0,0,0,2733,_history_tree_16_updates,2000,0,0,0,0,0,0,5127,2733,0,0,0,7860,0,0,0,0,0,2388,0,0,0,0,0,0,0
80,10018649925317144938,0,0,0,0,0,0,0,0,0,0,0,0,0,0,0,0,0,0,0,0,0,0,1033,0,6,9386,0,0,0,9367,0,0,0,33,2582,2,0,0,0,0,19,0,0,0,0,2588,_history_tree_16_removes,3018,0,0,0,0,0,0,2594,2588,0,0,0,5182,0,0,0,0,0,6,0,0,0,0,0,0,0
80,10018649925317144938,0,0,0,0,0,0,0,0,0,0,0,0,0,0,0,0,0,0,0,0,0,0,374,0,2364,144546,0,0,0,72056,0,0,0,34,10537,2738,0,0,0,0,217,0,0,0,0,6334,_history_tree_17_updates,3972,0,0,0,0,0,0,15268,12667,1,0,0,21602,0,0,0,0,0,2366,0,0,0,0,0,0,0
80,10018649925317144938,0,0,0,0,0,0,0,0,0,0,0,0,0,0,0,0,0,0,0,0,0,0,813,0,20,9251,0,0,0,9239,0,0,0,35,2445,14,0,0,0,0,8,0,0,0,0,2465,_history_tree_17_removes,2874,0,0,0,0,0,0,2485,2465,0,0,0,4950,0,0,0,0,0,20,0,0,0,0,0,0,0
80,10018649925317144938,0,0,0,0,0,0,0,0,0,0,0,0,0,0,0,0,0,0,0,0,0,0,288,0,2359,67754,0,0,0,67543,0,0,0,36,288,789,0,0,0,0,211,0,0,0,0,2633,_history_tree_18_updates,1978,0,0,0,0,0,0,5008,2633,0,0,0,7641,0,0,0,0,0,2360,0,0,0,0,0,0,0
80,10018649925317144938,0,0,0,0,0,0,0,0,0,0,0,0,0,0,0,0,0,0,0,0,0,0,1024,0,5,9312,0,0,0,9299,0,0,0,37,2651,1,0,0,0,0,13,0,0,0,0,2656,_history_tree_18_removes,3104,0,0,0,0,0,0,2660,2655,0,0,0,5315,0,0,0,0,0,5,0,0,0,0,0,0,0
80,10018649925317144938,0,0,0,0,0,0,0,0,0,0,0,0,0,0,0,0,0,0,0,0,0,0,361,0,2332,66705,0,0,0,66476,0,0,0,38,361,769,0,0,0,0,227,0,0,0,0,2659,_history_tree_19_updates,2051,0,0,0,0,0,0,5027,2659,0,0,0,7686,0,0,0,0,0,2335,0,0,0,0,0,0,0
80,10018649925317144938,0,0,0,0,0,0,0,0,0,0,0,0,0,0,0,0,0,0,0,0,0,0,1014,0,4,8982,0,0,0,8971,0,0,0,39,2595,2,0,0,0,0,11,0,0,0,0,2599,_history_tree_19_removes,3052,0,0,0,0,0,0,2603,2599,0,0,0,5202,0,0,0,0,0,4,0,0,0,0,0,0,0
80,10018649925317144938,49170,0,0,0,0,0,45492,0,0,0,0,0,0,0,0,0,0,0,0,0,0,0,0,0,0,295810,0,0,0,96680,0,0,0,40,0,0,0,0,0,0,2146,0,0,94658,0,0,warehouse,0,0,0,0,0,0,0,0,0,0,0,0,0,196712,0,0,196709,0,0,0,0,0,94655,0,0,0
80,10018649925317144938,0,0,0,0,0,0,0,0,0,0,0,0,0,0,0,0,0,0,0,0,0,0,0,0,0,0,0,0,0,0,0,0,0,41,0,0,0,0,0,0,0,0,0,0,0,0,_warehouse_graveyard,0,0,0,0,0,0,0,0,0,0,0,0,0,0,0,0,0,0,0,0,0,0,0,0,0,0
80,10018649925317144938,97908,0,0,0,0,0,95679,0,0,0,0,0,0,0,0,0,0,0,0,0,0,0,0,0,0,300596,0,0,0,195774,0,0,0,42,0,0,0,0,0,0,1009,0,0,193595,0,0,district,0,0,0,0,0,0,0,0,0,0,0,0,0,103757,0,0,103757,0,0,0,0,0,193595,0,0,0
80,10018649925317144938,0,0,0,0,0,0,0,0,0,0,0,0,0,0,0,0,0,0,0,0,0,0,0,0,0,0,0,0,0,0,0,0,0,43,0,0,0,0,0,0,0,0,0,0,0,0,_district_graveyard,0,0,0,0,0,0,0,0,0,0,0,0,0,0,0,0,0,0,0,0,0,0,0,0,0,0
80,10018649925317144938,63420,0,0,0,0,0,60496,0,0,0,0,0,0,0,0,0,0,0,0,0,0,0,0,0,0,797887,0,0,0,123935,0,0,0,44,0,0,0,0,0,0,5,0,0,123916,0,0,customer,0,0,0,0,0,0,0,0,0,0,0,0,0,142024,0,0,142022,0,0,0,0,0,123915,0,0,0
80,10018649925317144938,0,0,0,0,0,0,0,0,0,0,0,0,0,0,0,0,0,0,0,0,0,0,0,0,0,0,0,0,0,0,0,0,0,45,0,0,0,0,0,0,0,0,0,0,0,0,_customer_graveyard,0,0,0,0,0,0,0,0,0,0,0,0,0,0,0,0,0,0,0,0,0,0,0,0,0,0
80,10018649925317144938,0,0,0,0,0,0,0,0,0,0,0,0,0,0,0,0,0,0,0,0,0,0,0,0,0,184590,0,0,0,0,0,0,0,46,0,0,0,0,0,0,61533,0,0,0,0,0,customerwdl,0,0,0,0,0,0,0,0,0,0,0,61530,0,61530,0,0,61530,0,0,0,0,0,0,0,0,0
80,10018649925317144938,0,0,0,0,0,0,0,0,0,0,0,0,0,0,0,0,0,0,0,0,0,0,0,0,0,0,0,0,0,0,0,0,0,47,0,0,0,0,0,0,0,0,0,0,0,0,_customerwdl_graveyard,0,0,0,0,0,0,0,0,0,0,0,0,0,0,0,0,0,0,0,0,0,0,0,0,0,0
80,10018649925317144938,0,0,0,0,0,0,0,0,0,0,0,0,0,0,0,0,0,0,0,0,0,0,0,0,2236,119451,0,0,0,39817,0,0,0,48,0,0,0,0,0,0,0,0,0,0,0,0,history,0,0,0,0,0,0,0,2261,0,0,0,0,2261,0,0,0,0,0,0,0,0,0,0,0,0,0
80,10018649925317144938,0,0,0,0,0,0,0,0,0,0,0,0,0,0,0,0,0,0,0,0,0,0,0,0,0,0,0,0,0,0,0,0,0,49,0,0,0,0,0,0,0,0,0,0,0,0,_history_graveyard,0,0,0,0,0,0,0,0,0,0,0,0,0,0,0,0,0,0,0,0,0,0,0,0,0,0
80,10018649925317144938,43203,86325,0,86328,0,0,43104,0,0,0,0,0,0,0,0,0,0,0,0,0,0,0,52857,0,2102,1171494,0,0,0,275050,0,11487,0,50,86,0,0,0,0,0,115438,0,0,0,0,0,neworder,93208,11487,0,0,0,0,0,3990,0,0,0,86570,3990,98058,0,0,98060,0,1802,0,0,0,0,0,0,0
80,10018649925317144938,0,0,0,0,0,0,0,0,0,0,0,0,0,0,0,0,0,0,0,0,0,0,0,0,0,0,0,0,0,0,0,0,0,51,0,0,0,0,0,0,0,0,0,0,0,0,_neworder_graveyard,0,0,0,0,0,0,0,0,0,0,0,0,0,0,0,0,0,0,0,0,0,0,0,0,0,0
80,10018649925317144938,43772,0,0,0,0,0,42554,0,0,0,0,0,0,0,0,0,0,0,0,0,0,0,0,0,4339,841602,0,0,0,190719,0,0,0,52,0,0,0,0,0,0,0,0,0,86334,0,0,order,0,0,0,0,0,0,0,4344,0,0,0,0,4344,89825,0,0,89823,0,0,0,0,0,86339,0,0,0
80,10018649925317144938,0,0,0,0,0,0,0,0,0,0,0,0,0,0,0,0,0,0,0,0,0,0,0,0,0,0,0,0,0,0,0,0,0,53,0,0,0,0,0,0,0,0,0,0,0,0,_order_graveyard,0,0,0,0,0,0,0,0,0,0,0,0,0,0,0,0,0,0,0,0,0,0,0,0,0,0
80,10018649925317144938,0,0,0,0,0,0,0,0,0,0,0,0,0,0,0,0,3484,0,0,0,0,0,0,0,1426,314820,0,0,0,101455,0,0,0,54,0,0,0,0,0,0,3484,0,0,0,0,0,order_wdc,0,0,0,0,0,0,0,1428,0,0,0,0,1428,3484,0,0,3484,0,0,0,0,0,0,0,0,0
80,10018649925317144938,0,0,0,0,0,0,0,0,0,0,0,0,0,0,0,0,0,0,0,0,0,0,0,0,0,0,0,0,0,0,0,0,0,55,0,0,0,0,0,0,0,0,0,0,0,0,_order_wdc_graveyard,0,0,0,0,0,0,0,0,0,0,0,0,0,0,0,0,0,0,0,0,0,0,0,0,0,0
80,10018649925317144938,436425,0,0,0,0,0,426511,0,0,0,0,0,0,0,0,0,0,0,0,0,0,0,102035,0,59425,7729260,0,0,0,1919665,0,1068,0,56,0,0,0,0,0,0,12660,0,0,862950,0,0,orderline,1855569,1068,0,0,0,0,0,60209,0,0,0,12586,60212,1868144,0,0,1868156,0,0,0,0,0,862925,0,0,0
80,10018649925317144938,0,0,0,0,0,0,0,0,0,0,0,0,0,0,0,0,0,0,0,0,0,0,0,0,0,0,0,0,0,0,0,0,0,57,0,0,0,0,0,0,0,0,0,0,0,0,_orderline_graveyard,0,0,0,0,0,0,0,0,0,0,0,0,0,0,0,0,0,0,0,0,0,0,0,0,0,0
80,10018649925317144938,0,0,0,0,0,0,0,0,0,0,0,0,0,0,0,0,0,0,0,0,0,0,0,0,0,1994398,0,0,0,0,0,0,0,58,0,0,0,0,0,0,0,0,0,0,0,0,item,0,0,0,0,0,0,0,0,0,0,0,0,0,997193,0,0,997198,0,0,0,0,0,0,0,0,0
81,10018649925317144938,0,0,0,0,0,0,0,0,0,0,0,0,0,0,0,0,0,0,0,0,0,0,0,0,0,0,0,0,0,0,0,0,0,61,0,0,0,0,0,0,0,0,0,0,0,0,_stock_graveyard,0,0,0,0,0,0,0,0,0,0,0,0,0,0,0,0,0,0,0,0,0,0,0,0,0,0
81,10018649925317144938,493793,0,0,0,0,0,481630,0,0,0,0,0,0,0,0,0,0,0,0,0,0,0,0,0,0,14844424,0,0,0,976414,0,0,0,60,0,0,0,0,0,0,1023,0,0,975465,0,0,stock,0,0,0,0,0,0,0,0,0,0,0,0,0,2733816,0,0,2733818,0,0,0,0,0,975453,0,0,0
81,10018649925317144938,0,0,0,0,0,0,0,0,0,0,0,0,0,0,0,0,0,0,0,0,0,0,0,0,0,0,0,0,0,0,0,0,0,59,0,0,0,0,0,0,0,0,0,0,0,0,_item_graveyard,0,0,0,0,0,0,0,0,0,0,0,0,0,0,0,0,0,0,0,0,0,0,0,0,0,0
81,10018649925317144938,0,0,0,0,0,0,0,0,0,0,0,0,0,0,0,0,0,0,0,0,0,0,304,0,2352,67593,0,0,0,67335,0,0,0,28,304,819,0,0,0,0,259,0,0,0,0,2636,_history_tree_14_updates,1959,0,0,0,0,0,0,5007,2637,0,0,0,7644,0,0,0,0,0,2351,0,0,0,0,0,0,0
81,10018649925317144938,0,0,0,0,0,0,0,0,0,0,0,0,0,0,0,0,0,0,0,0,0,0,1064,0,6,9515,0,0,0,9509,0,0,0,27,2616,3,0,0,0,0,6,0,0,0,0,2622,_history_tree_13_removes,3078,0,0,0,0,0,0,2628,2622,0,0,0,5250,0,0,0,0,0,6,0,0,0,0,0,0,0
81,10018649925317144938,0,0,0,0,0,0,0,0,0,0,0,0,0,0,0,0,0,0,0,0,0,0,336,0,2342,67704,0,0,0,67443,0,0,0,26,336,780,0,0,0,0,259,0,0,0,0,2668,_history_tree_13_updates,2015,0,0,0,0,0,0,5019,2668,0,0,0,7687,0,0,0,0,0,2341,0,0,0,0,0,0,0
81,10018649925317144938,0,0,0,0,0,0,0,0,0,0,0,0,0,0,0,0,0,0,0,0,0,0,1021,0,4,9134,0,0,0,9123,0,0,0,25,2569,1,0,0,0,0,13,0,0,0,0,2573,_history_tree_12_removes,3001,0,0,0,0,0,0,2577,2573,0,0,0,5150,0,0,0,0,0,4,0,0,0,0,0,0,0
81,10018649925317144938,0,0,0,0,0,0,0,0,0,0,0,0,0,0,0,0,0,0,0,0,0,0,293,0,2343,67041,0,0,0,66860,0,0,0,24,293,794,0,0,0,0,180,0,0,0,0,2623,_history_tree_12_updates,1958,0,0,0,0,0,0,4981,2623,0,0,0,7604,0,0,0,0,0,2344,0,0,0,0,0,0,0
81,10018649925317144938,0,0,0,0,0,0,0,0,0,0,0,0,0,0,0,0,0,0,0,0,0,0,1077,0,6,9496,0,0,0,9483,0,0,0,23,2532,2,0,0,0,0,13,0,0,0,0,2538,_history_tree_11_removes,3001,0,0,0,0,0,0,2544,2538,0,0,0,5082,0,0,0,0,0,6,0,0,0,0,0,0,0
81,10018649925317144938,0,0,0,0,0,0,0,0,0,0,0,0,0,0,0,0,0,0,0,0,0,0,346,0,2354,67956,0,0,0,67755,0,0,0,22,346,831,0,0,0,0,201,0,0,0,0,2700,_history_tree_11_updates,2000,0,0,0,0,0,0,5056,2700,0,0,0,7756,0,0,0,0,0,2356,0,0,0,0,0,0,0
81,10018649925317144938,0,0,0,0,0,0,0,0,0,0,0,0,0,0,0,0,0,0,0,0,0,0,989,0,7,9195,0,0,0,9181,0,0,0,21,2596,1,0,0,0,0,14,0,0,0,0,2603,_history_tree_10_removes,3047,0,0,0,0,0,0,2610,2603,0,0,0,5215,0,0,0,0,0,7,0,0,0,0,0,0,0
81,10018649925317144938,0,0,0,0,0,0,0,0,0,0,0,0,0,0,0,0,0,0,0,0,0,0,347,0,2333,67010,0,0,0,66787,0,0,0,20,347,797,0,0,0,0,221,0,0,0,0,2674,_history_tree_10_updates,2015,0,0,0,0,0,0,5013,2674,0,0,0,7687,0,0,0,0,0,2334,0,0,0,0,0,0,0
81,10018649925317144938,0,0,0,0,0,0,0,0,0,0,0,0,0,0,0,0,0,0,0,0,0,0,916,0,5,8674,0,0,0,8659,0,0,0,19,2660,1,0,0,0,0,15,0,0,0,0,2664,_history_tree_9_removes,3102,0,0,0,0,0,0,2669,2664,0,0,0,5333,0,0,0,0,0,5,0,0,0,0,0,0,0
81,10018649925317144938,0,0,0,0,0,0,0,0,0,0,0,0,0,0,0,0,0,0,0,0,0,0,333,0,2310,65653,0,0,0,65452,0,0,0,18,333,753,0,0,0,0,200,0,0,0,0,2617,_history_tree_9_updates,2029,0,0,0,0,0,0,4951,2617,0,0,0,7568,0,0,0,0,0,2309,0,0,0,0,0,0,0
81,10018649925317144938,0,0,0,0,0,0,0,0,0,0,0,0,0,0,0,0,0,0,0,0,0,0,954,0,5,8904,0,0,0,8888,0,0,0,17,2559,1,0,0,0,0,16,0,0,0,0,2564,_history_tree_8_removes,3020,0,0,0,0,0,0,2569,2564,0,0,0,5133,0,0,0,0,0,5,0,0,0,0,0,0,0
81,10018649925317144938,0,0,0,0,0,0,0,0,0,0,0,0,0,0,0,0,0,0,0,0,0,0,330,0,2334,66641,0,0,0,66437,0,0,0,16,330,793,0,0,0,0,203,0,0,0,0,2652,_history_tree_8_updates,2005,0,0,0,0,0,0,4998,2652,0,0,0,7650,0,0,0,0,0,2334,0,0,0,0,0,0,0
81,10018649925317144938,0,0,0,0,0,0,0,0,0,0,0,0,0,0,0,0,0,0,0,0,0,0,992,0,9,9639,0,0,0,9621,0,0,0,15,2534,2,0,0,0,0,18,0,0,0,0,2543,_history_tree_7_removes,2986,0,0,0,0,0,0,2552,2543,0,0,0,5095,0,0,0,0,0,9,0,0,0,0,0,0,0
81,10018649925317144938,0,0,0,0,0,0,0,0,0,0,0,0,0,0,0,0,0,0,0,0,0,0,339,0,2383,68689,0,0,0,68450,0,0,0,14,339,878,0,0,0,0,238,0,0,0,0,2707,_history_tree_7_updates,1961,0,0,0,0,0,0,5104,2707,0,0,0,7811,0,0,0,0,0,2383,0,0,0,0,0,0,0
81,10018649925317144938,0,0,0,0,0,0,0,0,0,0,0,0,0,0,0,0,0,0,0,0,0,0,952,0,7,8884,0,0,0,8858,0,0,0,13,2551,3,0,0,0,0,26,0,0,0,0,2558,_history_tree_6_removes,2974,0,0,0,0,0,0,2565,2558,0,0,0,5123,0,0,0,0,0,7,0,0,0,0,0,0,0
81,10018649925317144938,0,0,0,0,0,0,0,0,0,0,0,0,0,21980298,22561062,0,0,0,0,0,0,0,315,0,2350,67661,0,0,0,67455,0,0,0,0,315,832,0,0,0,0,207,0,0,0,0,2643,_history_tree_0_updates,1961,0,1485651,0,0,0,0,5016,2643,0,0,0,7659,0,0,0,0,0,2351,0,0,0,0,710827,0,0
81,10018649925317144938,0,0,0,0,0,0,0,0,0,0,0,0,0,0,0,0,0,0,0,0,0,0,999,0,9,9422,0,0,0,9403,0,0,0,1,2537,3,0,0,0,0,19,0,0,0,0,2546,_history_tree_0_removes,2983,0,0,0,0,0,0,2555,2546,0,0,0,5101,0,0,0,0,0,9,0,0,0,0,0,0,0
81,10018649925317144938,0,0,0,0,0,0,0,0,0,0,0,0,0,0,0,0,0,0,0,0,0,0,335,0,2338,67045,0,0,0,66839,0,0,0,2,335,792,0,0,0,0,205,0,0,0,0,2664,_history_tree_1_updates,2012,0,0,0,0,0,0,5011,2664,0,0,0,7675,0,0,0,0,0,2338,0,0,0,0,0,0,0
81,10018649925317144938,0,0,0,0,0,0,0,0,0,0,0,0,0,0,0,0,0,0,0,0,0,0,1009,0,6,9198,0,0,0,9174,0,0,0,3,2600,2,0,0,0,0,24,0,0,0,0,2607,_history_tree_1_removes,3074,0,0,0,0,0,0,2613,2607,0,0,0,5220,0,0,0,0,0,6,0,0,0,0,0,0,0
81,10018649925317144938,0,0,0,0,0,0,0,0,0,0,0,0,0,0,0,0,0,0,0,0,0,0,323,0,2352,67987,0,0,0,67762,0,0,0,4,323,846,0,0,0,0,207,0,0,0,0,2662,_history_tree_2_updates,1953,0,0,0,0,0,0,5029,2663,0,0,0,7693,0,0,0,0,0,2354,0,0,0,0,0,0,0
81,10018649925317144938,0,0,0,0,0,0,0,0,0,0,0,0,0,0,0,0,0,0,0,0,0,0,1065,0,6,9584,0,0,0,9570,0,0,0,5,2519,1,0,0,0,0,14,0,0,0,0,2525,_history_tree_2_removes,2976,0,0,0,0,0,0,2531,2525,0,0,0,5056,0,0,0,0,0,6,0,0,0,0,0,0,0
81,10018649925317144938,0,0,0,0,0,0,0,0,0,0,0,0,0,0,0,0,0,0,0,0,0,0,338,0,2309,66069,0,0,0,65858,0,0,0,6,338,770,0,0,0,0,211,0,0,0,0,2623,_history_tree_3_updates,2013,0,0,0,0,0,0,4959,2623,0,0,0,7580,0,0,0,0,0,2311,0,0,0,0,0,0,0
81,10018649925317144938,0,0,0,0,0,0,0,0,0,0,0,0,0,0,0,0,0,0,0,0,0,0,969,0,4,8928,0,0,0,8910,0,0,0,7,2589,0,0,0,0,0,18,0,0,0,0,2593,_history_tree_3_removes,3051,0,0,0,0,0,0,2597,2593,0,0,0,5190,0,0,0,0,0,4,0,0,0,0,0,0,0
81,10018649925317144938,0,0,0,0,0,0,0,0,0,0,0,0,0,0,0,0,0,0,0,0,0,0,303,0,2365,68029,0,0,0,67852,0,0,0,8,303,816,0,0,0,0,177,0,0,0,0,2661,_history_tree_4_updates,1982,0,0,0,0,0,0,5030,2661,0,0,0,7691,0,0,0,0,0,2362,0,0,0,0,0,0,0
81,10018649925317144938,0,0,0,0,0,0,0,0,0,0,0,0,0,0,0,0,0,0,0,0,0,0,1011,0,6,9389,0,0,0,9372,0,0,0,9,2565,0,0,0,0,0,17,0,0,0,0,2571,_history_tree_4_removes,3033,0,0,0,0,0,0,2577,2571,0,0,0,5148,0,0,0,0,0,6,0,0,0,0,0,0,0
81,10018649925317144938,0,0,0,0,0,0,0,0,0,0,0,0,0,0,0,0,0,0,0,0,0,0,386,0,2350,67452,0,0,0,67244,0,0,0,10,386,861,0,0,0,0,207,0,0,0,0,2724,_history_tree_5_updates,1986,0,0,0,0,0,0,5086,2724,0,0,0,7811,0,0,0,0,0,2350,0,0,0,0,0,0,0
81,10018649925317144938,0,0,0,0,0,0,0,0,0,0,0,0,0,0,0,0,0,0,0,0,0,0,1004,0,7,9223,0,0,0,9212,0,0,0,11,2510,1,0,0,0,0,11,0,0,0,0,2517,_history_tree_5_removes,2949,0,0,0,0,0,0,2524,2517,0,0,0,5041,0,0,0,0,0,7,0,0,0,0,0,0,0
81,10018649925317144938,0,0,0,0,0,0,0,0,0,0,0,0,0,0,0,0,0,0,0,0,0,0,331,0,2314,66112,0,0,0,65894,0,0,0,12,331,804,0,0,0,0,217,0,0,0,0,2569,_history_tree_6_updates,1955,0,0,0,0,0,0,4959,2569,0,0,0,7529,0,0,0,0,0,2315,0,0,0,0,0,0,0
81,10018649925317144938,0,0,0,0,0,0,0,0,0,0,0,0,0,0,0,0,0,0,0,0,0,0,1020,0,6,9161,0,0,0,9149,0,0,0,29,2557,2,0,0,0,0,12,0,0,0,0,2563,_history_tree_14_removes,3023,0,0,0,0,0,0,2569,2563,0,0,0,5132,0,0,0,0,0,6,0,0,0,0,0,0,0
81,10018649925317144938,0,0,0,0,0,0,0,0,0,0,0,0,0,0,0,0,0,0,0,0,0,0,343,0,2304,65552,0,0,0,65343,0,0,0,30,343,769,0,0,0,0,208,0,0,0,0,2634,_history_tree_15_updates,2005,0,0,0,0,0,0,4951,2634,0,0,0,7585,0,0,0,0,0,2304,0,0,0,0,0,0,0
81,10018649925317144938,0,0,0,0,0,0,0,0,0,0,0,0,0,0,0,0,0,0,0,0,0,0,877,0,10,8628,0,0,0,8618,0,0,0,31,2588,3,0,0,0,0,10,0,0,0,0,2598,_history_tree_15_removes,3006,0,0,0,0,0,0,2608,2598,0,0,0,5206,0,0,0,0,0,10,0,0,0,0,0,0,0
81,10018649925317144938,0,0,0,0,0,0,0,0,0,0,0,0,0,0,0,0,0,0,0,0,0,0,364,0,2382,68986,0,0,0,68766,0,0,0,32,364,891,0,0,0,0,217,0,0,0,0,2722,_history_tree_16_updates,1980,0,0,0,0,0,0,5129,2722,0,0,0,7851,0,0,0,0,0,2383,0,0,0,0,0,0,0
81,10018649925317144938,0,0,0,0,0,0,0,0,0,0,0,0,0,0,0,0,0,0,0,0,0,0,1044,0,10,9772,0,0,0,9753,0,0,0,33,2459,4,0,0,0,0,19,0,0,0,0,2469,_history_tree_16_removes,2923,0,0,0,0,0,0,2479,2469,0,0,0,4948,0,0,0,0,0,10,0,0,0,0,0,0,0
81,10018649925317144938,0,0,0,0,0,0,0,0,0,0,0,0,0,0,0,0,0,0,0,0,0,0,335,0,2383,145266,0,0,0,72435,0,0,0,34,10228,2716,0,0,0,0,198,0,0,0,0,6150,_history_tree_17_updates,3887,0,0,0,0,0,0,14995,12299,1,0,0,21145,0,0,0,0,0,2383,0,0,0,0,0,0,0
81,10018649925317144938,0,0,0,0,0,0,0,0,0,0,0,0,0,0,0,0,0,0,0,0,0,0,843,0,23,9232,0,0,0,9218,0,0,0,35,2360,14,0,0,0,0,14,0,0,0,0,2383,_history_tree_17_removes,2796,0,0,0,0,0,0,2406,2383,0,0,0,4789,0,0,0,0,0,23,0,0,0,0,0,0,0
81,10018649925317144938,0,0,0,0,0,0,0,0,0,0,0,0,0,0,0,0,0,0,0,0,0,0,313,0,2373,68488,0,0,0,68252,0,0,0,36,313,828,0,0,0,0,235,0,0,0,0,2681,_history_tree_18_updates,1972,0,0,0,0,0,0,5060,2681,0,0,0,7741,0,0,0,0,0,2374,0,0,0,0,0,0,0
81,10018649925317144938,0,0,0,0,0,0,0,0,0,0,0,0,0,0,0,0,0,0,0,0,0,0,1015,0,7,9522,0,0,0,9500,0,0,0,37,2548,1,0,0,0,0,22,0,0,0,0,2555,_history_tree_18_removes,2990,0,0,0,0,0,0,2562,2555,0,0,0,5117,0,0,0,0,0,7,0,0,0,0,0,0,0
81,10018649925317144938,0,0,0,0,0,0,0,0,0,0,0,0,0,0,0,0,0,0,0,0,0,0,326,0,2385,68120,0,0,0,67927,0,0,0,38,326,885,0,0,0,0,190,0,0,0,0,2588,_history_tree_19_updates,1950,0,0,0,0,0,0,5093,2588,0,0,0,7682,0,0,0,0,0,2382,0,0,0,0,0,0,0
81,10018649925317144938,0,0,0,0,0,0,0,0,0,0,0,0,0,0,0,0,0,0,0,0,0,0,968,0,10,9087,0,0,0,9067,0,0,0,39,2512,5,0,0,0,0,20,0,0,0,0,2522,_history_tree_19_removes,2967,0,0,0,0,0,0,2532,2522,0,0,0,5054,0,0,0,0,0,10,0,0,0,0,0,0,0
81,10018649925317144938,48691,0,0,0,0,0,44918,0,0,0,0,0,0,0,0,0,0,0,0,0,0,0,0,0,0,291571,0,0,0,95694,0,0,0,40,0,0,0,0,0,0,2165,0,0,93607,0,0,warehouse,0,0,0,0,0,0,0,0,0,0,0,0,0,193449,0,0,193449,0,0,0,0,0,93610,0,0,0
81,10018649925317144938,0,0,0,0,0,0,0,0,0,0,0,0,0,0,0,0,0,0,0,0,0,0,0,0,0,0,0,0,0,0,0,0,0,41,0,0,0,0,0,0,0,0,0,0,0,0,_warehouse_graveyard,0,0,0,0,0,0,0,0,0,0,0,0,0,0,0,0,0,0,0,0,0,0,0,0,0,0
81,10018649925317144938,95769,0,0,0,0,0,94567,0,0,0,0,0,0,0,0,0,0,0,0,0,0,0,0,0,0,295995,0,0,0,192485,0,0,0,42,0,0,0,0,0,0,1032,0,0,190324,0,0,district,0,0,0,0,0,0,0,0,0,0,0,0,0,102426,0,0,102426,0,0,0,0,0,190330,0,0,0
81,10018649925317144938,0,0,0,0,0,0,0,0,0,0,0,0,0,0,0,0,0,0,0,0,0,0,0,0,0,0,0,0,0,0,0,0,0,43,0,0,0,0,0,0,0,0,0,0,0,0,_district_graveyard,0,0,0,0,0,0,0,0,0,0,0,0,0,0,0,0,0,0,0,0,0,0,0,0,0,0
81,10018649925317144938,63376,0,0,0,0,0,59836,0,0,0,0,0,0,0,0,0,0,0,0,0,0,0,0,0,0,787668,0,0,0,123227,0,0,0,44,0,0,0,0,0,0,6,0,0,123206,0,0,customer,0,0,0,0,0,0,0,0,0,0,0,0,0,139320,0,0,139324,0,0,0,0,0,123206,0,0,0
81,10018649925317144938,0,0,0,0,0,0,0,0,0,0,0,0,0,0,0,0,0,0,0,0,0,0,0,0,0,0,0,0,0,0,0,0,0,45,0,0,0,0,0,0,0,0,0,0,0,0,_customer_graveyard,0,0,0,0,0,0,0,0,0,0,0,0,0,0,0,0,0,0,0,0,0,0,0,0,0,0
81,10018649925317144938,0,0,0,0,0,0,0,0,0,0,0,0,0,0,0,0,0,0,0,0,0,0,0,0,0,182964,0,0,0,0,0,0,0,46,0,0,0,0,0,0,60986,0,0,0,0,0,customerwdl,0,0,0,0,0,0,0,0,0,0,0,60988,0,60988,0,0,60988,0,0,0,0,0,0,0,0,0
81,10018649925317144938,0,0,0,0,0,0,0,0,0,0,0,0,0,0,0,0,0,0,0,0,0,0,0,0,0,0,0,0,0,0,0,0,0,47,0,0,0,0,0,0,0,0,0,0,0,0,_customerwdl_graveyard,0,0,0,0,0,0,0,0,0,0,0,0,0,0,0,0,0,0,0,0,0,0,0,0,0,0
81,10018649925317144938,0,0,0,0,0,0,0,0,0,0,0,0,0,0,0,0,0,0,0,0,0,0,0,0,2208,117939,0,0,0,39312,0,0,0,48,0,0,0,0,0,0,0,0,0,0,0,0,history,0,0,0,0,0,0,0,2235,0,0,0,0,2235,0,0,0,0,0,0,0,0,0,0,0,0,0
81,10018649925317144938,0,0,0,0,0,0,0,0,0,0,0,0,0,0,0,0,0,0,0,0,0,0,0,0,0,0,0,0,0,0,0,0,0,49,0,0,0,0,0,0,0,0,0,0,0,0,_history_graveyard,0,0,0,0,0,0,0,0,0,0,0,0,0,0,0,0,0,0,0,0,0,0,0,0,0,0
81,10018649925317144938,43123,86065,0,86062,0,0,43012,0,0,0,0,0,0,0,0,0,0,0,0,0,0,0,52529,0,2049,1163811,0,0,0,272397,0,11645,0,50,0,0,0,0,0,0,115528,0,0,0,0,0,neworder,93243,11645,0,0,0,0,0,3864,0,0,0,86455,3865,98099,0,0,98097,0,1815,0,0,0,0,0,0,0
81,10018649925317144938,0,0,0,0,0,0,0,0,0,0,0,0,0,0,0,0,0,0,0,0,0,0,0,0,0,0,0,0,0,0,0,0,0,51,0,0,0,0,0,0,0,0,0,0,0,0,_neworder_graveyard,0,0,0,0,0,0,0,0,0,0,0,0,0,0,0,0,0,0,0,0,0,0,0,0,0,0
81,10018649925317144938,43394,0,0,0,0,0,42732,0,0,0,0,0,0,0,0,0,0,0,0,0,0,0,0,0,4296,833673,0,0,0,188258,0,0,0,52,0,0,0,0,0,0,0,0,0,86120,0,0,order,0,0,0,0,0,0,0,4327,0,0,0,0,4327,89629,0,0,89629,0,0,0,0,0,86115,0,0,0
81,10018649925317144938,0,0,0,0,0,0,0,0,0,0,0,0,0,0,0,0,0,0,0,0,0,0,0,0,0,0,0,0,0,0,0,0,0,53,0,0,0,0,0,0,0,0,0,0,0,0,_order_graveyard,0,0,0,0,0,0,0,0,0,0,0,0,0,0,0,0,0,0,0,0,0,0,0,0,0,0
81,10018649925317144938,0,0,0,0,0,0,0,0,0,0,0,0,0,0,0,0,3513,0,0,0,0,0,0,0,1413,308256,0,0,0,99238,0,0,0,54,0,0,0,0,0,0,3513,0,0,0,0,0,order_wdc,0,0,0,0,0,0,0,1419,0,0,0,0,1419,3513,0,0,3513,0,0,0,0,0,0,0,0,0
81,10018649925317144938,0,0,0,0,0,0,0,0,0,0,0,0,0,0,0,0,0,0,0,0,0,0,0,0,0,0,0,0,0,0,0,0,0,55,0,0,0,0,0,0,0,0,0,0,0,0,_order_wdc_graveyard,0,0,0,0,0,0,0,0,0,0,0,0,0,0,0,0,0,0,0,0,0,0,0,0,0,0
81,10018649925317144938,435200,0,0,0,0,0,425173,0,0,0,0,0,0,0,0,0,0,0,0,0,0,0,98816,0,58126,7622142,0,0,0,1893110,0,966,0,56,0,0,0,0,0,0,12408,0,0,860314,0,0,orderline,1797825,966,0,0,0,0,0,58914,0,0,0,12333,58911,1810142,0,0,1810143,0,0,0,0,0,860279,0,0,0
81,10018649925317144938,0,0,0,0,0,0,0,0,0,0,0,0,0,0,0,0,0,0,0,0,0,0,0,0,0,0,0,0,0,0,0,0,0,57,0,0,0,0,0,0,0,0,0,0,0,0,_orderline_graveyard,0,0,0,0,0,0,0,0,0,0,0,0,0,0,0,0,0,0,0,0,0,0,0,0,0,0
81,10018649925317144938,0,0,0,0,0,0,0,0,0,0,0,0,0,0,0,0,0,0,0,0,0,0,0,0,0,1948973,0,0,0,0,0,0,0,58,0,0,0,0,0,0,0,0,0,0,0,0,item,0,0,0,0,0,0,0,0,0,0,0,0,0,974513,0,0,974514,0,0,0,0,0,0,0,0,0
82,10018649925317144938,0,0,0,0,0,0,0,0,0,0,0,0,0,0,0,0,0,0,0,0,0,0,0,0,0,0,0,0,0,0,0,0,0,61,0,0,0,0,0,0,0,0,0,0,0,0,_stock_graveyard,0,0,0,0,0,0,0,0,0,0,0,0,0,0,0,0,0,0,0,0,0,0,0,0,0,0
82,10018649925317144938,507095,0,0,0,0,0,495232,0,0,0,0,0,0,0,0,0,0,0,0,0,0,0,0,0,0,15304488,0,0,0,1003251,0,0,0,60,0,0,0,0,0,0,1102,0,0,1002207,0,0,stock,0,0,0,0,0,0,0,0,0,0,0,0,0,2821399,0,0,2821361,0,0,0,0,0,1002136,0,0,0
82,10018649925317144938,0,0,0,0,0,0,0,0,0,0,0,0,0,0,0,0,0,0,0,0,0,0,0,0,0,0,0,0,0,0,0,0,0,59,0,0,0,0,0,0,0,0,0,0,0,0,_item_graveyard,0,0,0,0,0,0,0,0,0,0,0,0,0,0,0,0,0,0,0,0,0,0,0,0,0,0
82,10018649925317144938,0,0,0,0,0,0,0,0,0,0,0,0,0,0,0,0,0,0,0,0,0,0,348,0,2366,67501,0,0,0,67285,0,0,0,28,348,773,0,0,0,0,214,0,0,0,0,2665,_history_tree_14_updates,2037,0,0,0,0,0,0,5047,2664,0,0,0,7711,0,0,0,0,0,2333,0,0,0,0,0,0,0
82,10018649925317144938,0,0,0,0,0,0,0,0,0,0,0,0,0,0,0,0,0,0,0,0,0,0,995,0,7,9034,0,0,0,9020,0,0,0,27,2556,3,0,0,0,0,14,0,0,0,0,2561,_history_tree_13_removes,3038,0,0,0,0,0,0,2568,2561,0,0,0,5129,0,0,0,0,0,5,0,0,0,0,0,0,0
82,10018649925317144938,0,0,0,0,0,0,0,0,0,0,0,0,0,0,0,0,0,0,0,0,0,0,347,0,2388,68263,0,0,0,68052,0,0,0,26,347,799,0,0,0,0,211,0,0,0,0,2639,_history_tree_13_updates,2023,0,0,0,0,0,0,5070,2639,0,0,0,7709,0,0,0,0,0,2335,0,0,0,0,0,0,0
82,10018649925317144938,0,0,0,0,0,0,0,0,0,0,0,0,0,0,0,0,0,0,0,0,0,0,1034,0,7,9142,0,0,0,9125,0,0,0,25,2623,2,0,0,0,0,15,0,0,0,0,2629,_history_tree_12_removes,3102,0,0,0,0,0,0,2636,2629,0,0,0,5265,0,0,0,0,0,6,0,0,0,0,0,0,0
82,10018649925317144938,0,0,0,0,0,0,0,0,0,0,0,0,0,0,0,0,0,0,0,0,0,0,348,0,2392,68391,0,0,0,68142,0,0,0,24,348,788,0,0,0,0,248,0,0,0,0,2668,_history_tree_12_updates,2035,0,0,0,0,0,0,5083,2668,0,0,0,7751,0,0,0,0,0,2344,0,0,0,0,0,0,0
82,10018649925317144938,0,0,0,0,0,0,0,0,0,0,0,0,0,0,0,0,0,0,0,0,0,0,1031,0,7,9122,0,0,0,9105,0,0,0,23,2635,1,0,0,0,0,17,0,0,0,0,2639,_history_tree_11_removes,3086,0,0,0,0,0,0,2646,2639,0,0,0,5285,0,0,0,0,0,4,0,0,0,0,0,0,0
82,10018649925317144938,0,0,0,0,0,0,0,0,0,0,0,0,0,0,0,0,0,0,0,0,0,0,334,0,2394,68458,0,0,0,68221,0,0,0,22,334,752,0,0,0,0,237,0,0,0,0,2640,_history_tree_11_updates,2030,0,0,0,0,0,0,5049,2640,0,0,0,7689,0,0,0,0,0,2321,0,0,0,0,0,0,0
82,10018649925317144938,0,0,0,0,0,0,0,0,0,0,0,0,0,0,0,0,0,0,0,0,0,0,1090,0,6,9266,0,0,0,9258,0,0,0,21,2582,1,0,0,0,0,8,0,0,0,0,2586,_history_tree_10_removes,3033,0,0,0,0,0,0,2592,2586,0,0,0,5176,0,0,0,0,0,4,0,0,0,0,0,0,0
82,10018649925317144938,0,0,0,0,0,0,0,0,0,0,0,0,0,0,0,0,0,0,0,0,0,0,339,0,2398,68733,0,0,0,68534,0,0,0,20,339,799,0,0,0,0,198,0,0,0,0,2655,_history_tree_10_updates,1997,0,0,0,0,0,0,5070,2655,0,0,0,7725,0,0,0,0,0,2333,0,0,0,0,0,0,0
82,10018649925317144938,0,0,0,0,0,0,0,0,0,0,0,0,0,0,0,0,0,0,0,0,0,0,992,0,7,9290,0,0,0,9270,0,0,0,19,2606,1,0,0,0,0,20,0,0,0,0,2610,_history_tree_9_removes,3047,0,0,0,0,0,0,2617,2610,0,0,0,5227,0,0,0,0,0,4,0,0,0,0,0,0,0
82,10018649925317144938,0,0,0,0,0,0,0,0,0,0,0,0,0,0,0,0,0,0,0,0,0,0,337,0,2410,69103,0,0,0,68860,0,0,0,18,337,754,0,0,0,0,241,0,0,0,0,2650,_history_tree_9_updates,2038,0,0,0,0,0,0,5077,2650,0,0,0,7727,0,0,0,0,0,2330,0,0,0,0,0,0,0
82,10018649925317144938,0,0,0,0,0,0,0,0,0,0,0,0,0,0,0,0,0,0,0,0,0,0,1085,0,7,9606,0,0,0,9592,0,0,0,17,2598,2,0,0,0,0,14,0,0,0,0,2603,_history_tree_8_removes,3068,0,0,0,0,0,0,2610,2603,0,0,0,5213,0,0,0,0,0,5,0,0,0,0,0,0,0
82,10018649925317144938,0,0,0,0,0,0,0,0,0,0,0,0,0,0,0,0,0,0,0,0,0,0,317,0,2412,69499,0,0,0,69301,0,0,0,16,317,774,0,0,0,0,197,0,0,0,0,2660,_history_tree_8_updates,2022,0,0,0,0,0,0,5093,2660,0,0,0,7753,0,0,0,0,0,2364,0,0,0,0,0,0,0
82,10018649925317144938,0,0,0,0,0,0,0,0,0,0,0,0,0,0,0,0,0,0,0,0,0,0,948,0,11,8934,0,0,0,8928,0,0,0,15,2593,7,0,0,0,0,6,0,0,0,0,2603,_history_tree_7_removes,3041,0,0,0,0,0,0,2614,2603,0,0,0,5217,0,0,0,0,0,10,0,0,0,0,0,0,0
82,10018649925317144938,0,0,0,0,0,0,0,0,0,0,0,0,0,0,0,0,0,0,0,0,0,0,347,0,2360,67250,0,0,0,67060,0,0,0,14,347,807,0,0,0,0,190,0,0,0,0,2605,_history_tree_7_updates,2001,0,0,0,0,0,0,5041,2605,0,0,0,7646,0,0,0,0,0,2334,0,0,0,0,0,0,0
82,10018649925317144938,0,0,0,0,0,0,0,0,0,0,0,0,0,0,0,0,0,0,0,0,0,0,1005,0,11,9445,0,0,0,9427,0,0,0,13,2556,5,0,0,0,0,18,0,0,0,0,2564,_history_tree_6_removes,3018,0,0,0,0,0,0,2575,2564,0,0,0,5139,0,0,0,0,0,8,0,0,0,0,0,0,0
82,10018649925317144938,0,0,0,0,0,0,0,0,0,0,0,0,0,22486410,23076030,0,0,0,0,0,0,0,370,0,2395,68262,0,0,0,68056,0,0,0,0,370,796,0,0,0,0,202,0,0,0,0,2668,_history_tree_0_updates,2030,0,1506261,0,0,0,0,5088,2668,0,0,0,7756,0,0,0,0,0,2323,0,0,0,0,712802,0,0
82,10018649925317144938,0,0,0,0,0,0,0,0,0,0,0,0,0,0,0,0,0,0,0,0,0,0,979,0,5,9029,0,0,0,9018,0,0,0,1,2588,1,0,0,0,0,11,0,0,0,0,2591,_history_tree_0_removes,3040,0,0,0,0,0,0,2596,2591,0,0,0,5187,0,0,0,0,0,3,0,0,0,0,0,0,0
82,10018649925317144938,0,0,0,0,0,0,0,0,0,0,0,0,0,0,0,0,0,0,0,0,0,0,338,0,2405,68989,0,0,0,68780,0,0,0,2,338,833,0,0,0,0,208,0,0,0,0,2669,_history_tree_1_updates,1964,0,0,0,0,0,0,5085,2669,0,0,0,7754,0,0,0,0,0,2342,0,0,0,0,0,0,0
82,10018649925317144938,0,0,0,0,0,0,0,0,0,0,0,0,0,0,0,0,0,0,0,0,0,0,1024,0,7,9423,0,0,0,9407,0,0,0,3,2565,1,0,0,0,0,16,0,0,0,0,2569,_history_tree_1_removes,3033,0,0,0,0,0,0,2576,2569,0,0,0,5145,0,0,0,0,0,5,0,0,0,0,0,0,0
82,10018649925317144938,0,0,0,0,0,0,0,0,0,0,0,0,0,0,0,0,0,0,0,0,0,0,337,0,2402,69059,0,0,0,68852,0,0,0,4,337,790,0,0,0,0,206,0,0,0,0,2649,_history_tree_2_updates,1987,0,0,0,0,0,0,5071,2648,0,0,0,7718,0,0,0,0,0,2332,0,0,0,0,0,0,0
82,10018649925317144938,0,0,0,0,0,0,0,0,0,0,0,0,0,0,0,0,0,0,0,0,0,0,1035,0,7,9362,0,0,0,9352,0,0,0,5,2625,1,0,0,0,0,10,0,0,0,0,2629,_history_tree_2_removes,3078,0,0,0,0,0,0,2636,2629,0,0,0,5265,0,0,0,0,0,4,0,0,0,0,0,0,0
82,10018649925317144938,0,0,0,0,0,0,0,0,0,0,0,0,0,0,0,0,0,0,0,0,0,0,342,0,2418,69305,0,0,0,69088,0,0,0,6,342,811,0,0,0,0,217,0,0,0,0,2665,_history_tree_3_updates,2002,0,0,0,0,0,0,5114,2665,0,0,0,7779,0,0,0,0,0,2354,0,0,0,0,0,0,0
82,10018649925317144938,0,0,0,0,0,0,0,0,0,0,0,0,0,0,0,0,0,0,0,0,0,0,1038,0,7,9279,0,0,0,9268,0,0,0,7,2574,2,0,0,0,0,11,0,0,0,0,2578,_history_tree_3_removes,3032,0,0,0,0,0,0,2585,2578,0,0,0,5163,0,0,0,0,0,4,0,0,0,0,0,0,0
82,10018649925317144938,0,0,0,0,0,0,0,0,0,0,0,0,0,0,0,0,0,0,0,0,0,0,355,0,2357,66905,0,0,0,66686,0,0,0,8,355,762,0,0,0,0,219,0,0,0,0,2626,_history_tree_4_updates,2025,0,0,0,0,0,0,5001,2626,0,0,0,7627,0,0,0,0,0,2289,0,0,0,0,0,0,0
82,10018649925317144938,0,0,0,0,0,0,0,0,0,0,0,0,0,0,0,0,0,0,0,0,0,0,914,0,8,8713,0,0,0,8699,0,0,0,9,2590,1,0,0,0,0,14,0,0,0,0,2596,_history_tree_4_removes,3069,0,0,0,0,0,0,2604,2596,0,0,0,5200,0,0,0,0,0,6,0,0,0,0,0,0,0
82,10018649925317144938,0,0,0,0,0,0,0,0,0,0,0,0,0,0,0,0,0,0,0,0,0,0,328,0,2393,68457,0,0,0,68221,0,0,0,10,328,810,0,0,0,0,236,0,0,0,0,2664,_history_tree_5_updates,1982,0,0,0,0,0,0,5073,2664,0,0,0,7736,0,0,0,0,0,2352,0,0,0,0,0,0,0
82,10018649925317144938,0,0,0,0,0,0,0,0,0,0,0,0,0,0,0,0,0,0,0,0,0,0,1005,0,7,9247,0,0,0,9229,0,0,0,11,2591,2,0,0,0,0,18,0,0,0,0,2597,_history_tree_5_removes,3019,0,0,0,0,0,0,2604,2597,0,0,0,5201,0,0,0,0,0,6,0,0,0,0,0,0,0
82,10018649925317144938,0,0,0,0,0,0,0,0,0,0,0,0,0,0,0,0,0,0,0,0,0,0,326,0,2424,69608,0,0,0,69405,0,0,0,12,326,828,0,0,0,0,203,0,0,0,0,2586,_history_tree_6_updates,1975,0,0,0,0,0,0,5101,2586,0,0,0,7686,0,0,0,0,0,2351,0,0,0,0,0,0,0
82,10018649925317144938,0,0,0,0,0,0,0,0,0,0,0,0,0,0,0,0,0,0,0,0,0,0,994,0,4,8885,0,0,0,8864,0,0,0,29,2565,1,0,0,0,0,21,0,0,0,0,2568,_history_tree_14_removes,3017,0,0,0,0,0,0,2572,2568,0,0,0,5140,0,0,0,0,0,3,0,0,0,0,0,0,0
82,10018649925317144938,0,0,0,0,0,0,0,0,0,0,0,0,0,0,0,0,0,0,0,0,0,0,309,0,2409,69336,0,0,0,69127,0,0,0,30,309,760,0,0,0,0,206,0,0,0,0,2656,_history_tree_15_updates,2030,0,0,0,0,0,0,5073,2656,0,0,0,7729,0,0,0,0,0,2355,0,0,0,0,0,0,0
82,10018649925317144938,0,0,0,0,0,0,0,0,0,0,0,0,0,0,0,0,0,0,0,0,0,0,1067,0,6,9576,0,0,0,9560,0,0,0,31,2631,0,0,0,0,0,16,0,0,0,0,2635,_history_tree_15_removes,3106,0,0,0,0,0,0,2641,2635,0,0,0,5276,0,0,0,0,0,4,0,0,0,0,0,0,0
82,10018649925317144938,0,0,0,0,0,0,0,0,0,0,0,0,0,0,0,0,0,0,0,0,0,0,352,0,2377,67910,0,0,0,67687,0,0,0,32,352,813,0,0,0,0,219,0,0,0,0,2655,_history_tree_16_updates,1984,0,0,0,0,0,0,5057,2655,0,0,0,7712,0,0,0,0,0,2328,0,0,0,0,0,0,0
82,10018649925317144938,0,0,0,0,0,0,0,0,0,0,0,0,0,0,0,0,0,0,0,0,0,0,992,0,7,9059,0,0,0,9039,0,0,0,33,2522,2,0,0,0,0,20,0,0,0,0,2529,_history_tree_16_removes,2964,0,0,0,0,0,0,2536,2529,0,0,0,5065,0,0,0,0,0,7,0,0,0,0,0,0,0
82,10018649925317144938,0,0,0,0,0,0,0,0,0,0,0,0,0,0,0,0,0,0,0,0,0,0,344,0,2363,143684,0,0,0,71641,0,0,0,34,10566,2610,0,0,0,0,201,0,0,0,0,6313,_history_tree_17_updates,4013,0,0,0,0,0,0,15195,12626,0,0,0,21508,0,0,0,0,0,2266,0,0,0,0,0,0,0
82,10018649925317144938,0,0,0,0,0,0,0,0,0,0,0,0,0,0,0,0,0,0,0,0,0,0,777,0,20,8810,0,0,0,8795,0,0,0,35,2482,10,0,0,0,0,18,0,0,0,0,2499,_history_tree_17_removes,2868,0,0,0,0,0,0,2519,2499,0,0,0,5018,0,0,0,0,0,17,0,0,0,0,0,0,0
82,10018649925317144938,0,0,0,0,0,0,0,0,0,0,0,0,0,0,0,0,0,0,0,0,0,0,374,0,2378,68239,0,0,0,68065,0,0,0,36,374,863,0,0,0,0,175,0,0,0,0,2716,_history_tree_18_updates,1986,0,0,0,0,0,0,5121,2720,0,0,0,7848,0,0,0,0,0,2376,0,0,0,0,0,0,0
82,10018649925317144938,0,0,0,0,0,0,0,0,0,0,0,0,0,0,0,0,0,0,0,0,0,0,1053,0,7,9371,0,0,0,9351,0,0,0,37,2504,1,0,0,0,0,20,0,0,0,0,2510,_history_tree_18_removes,2972,0,0,0,0,0,0,2517,2510,0,0,0,5027,0,0,0,0,0,6,0,0,0,0,0,0,0
82,10018649925317144938,0,0,0,0,0,0,0,0,0,0,0,0,0,0,0,0,0,0,0,0,0,0,301,0,2342,67333,0,0,0,67117,0,0,0,38,301,774,0,0,0,0,215,0,0,0,0,2609,_history_tree_19_updates,1990,0,0,0,0,0,0,4986,2609,0,0,0,7594,0,0,0,0,0,2342,0,0,0,0,0,0,0
82,10018649925317144938,0,0,0,0,0,0,0,0,0,0,0,0,0,0,0,0,0,0,0,0,0,0,1038,0,4,9315,0,0,0,9301,0,0,0,39,2696,2,0,0,0,0,14,0,0,0,0,2700,_history_tree_19_removes,3150,0,0,0,0,0,0,2704,2700,0,0,0,5404,0,0,0,0,0,4,0,0,0,0,0,0,0
82,10018649925317144938,49486,0,0,0,0,0,45926,0,0,0,0,0,0,0,0,0,0,0,0,0,0,0,0,0,0,297287,0,0,0,97433,0,0,0,40,0,0,0,0,0,0,2123,0,0,95417,0,0,warehouse,0,0,0,0,0,0,0,0,0,0,0,0,0,197440,0,0,197440,0,0,0,0,0,95415,0,0,0
82,10018649925317144938,0,0,0,0,0,0,0,0,0,0,0,0,0,0,0,0,0,0,0,0,0,0,0,0,0,0,0,0,0,0,0,0,0,41,0,0,0,0,0,0,0,0,0,0,0,0,_warehouse_graveyard,0,0,0,0,0,0,0,0,0,0,0,0,0,0,0,0,0,0,0,0,0,0,0,0,0,0
82,10018649925317144938,98446,0,0,0,0,0,95903,0,0,0,0,0,0,0,0,0,0,0,0,0,0,0,0,0,0,302038,0,0,0,196499,0,0,0,42,0,0,0,0,0,0,1010,0,0,194343,0,0,district,0,0,0,0,0,0,0,0,0,0,0,0,0,104462,0,0,104461,0,0,0,0,0,194344,0,0,0
82,10018649925317144938,0,0,0,0,0,0,0,0,0,0,0,0,0,0,0,0,0,0,0,0,0,0,0,0,0,0,0,0,0,0,0,0,0,43,0,0,0,0,0,0,0,0,0,0,0,0,_district_graveyard,0,0,0,0,0,0,0,0,0,0,0,0,0,0,0,0,0,0,0,0,0,0,0,0,0,0
82,10018649925317144938,63598,0,0,0,0,0,60722,0,0,0,0,0,0,0,0,0,0,0,0,0,0,0,0,0,0,799902,0,0,0,124320,0,0,0,44,0,0,0,0,0,0,8,0,0,124323,0,0,customer,0,0,0,0,0,0,0,0,0,0,0,0,0,142309,0,0,142308,0,0,0,0,0,124325,0,0,0
82,10018649925317144938,0,0,0,0,0,0,0,0,0,0,0,0,0,0,0,0,0,0,0,0,0,0,0,0,0,0,0,0,0,0,0,0,0,45,0,0,0,0,0,0,0,0,0,0,0,0,_customer_graveyard,0,0,0,0,0,0,0,0,0,0,0,0,0,0,0,0,0,0,0,0,0,0,0,0,0,0
82,10018649925317144938,0,0,0,0,0,0,0,0,0,0,0,0,0,0,0,0,0,0,0,0,0,0,0,0,0,185712,0,0,0,0,0,0,0,46,0,0,0,0,0,0,61903,0,0,0,0,0,customerwdl,0,0,0,0,0,0,0,0,0,0,0,61902,0,61902,0,0,61902,0,0,0,0,0,0,0,0,0
82,10018649925317144938,0,0,0,0,0,0,0,0,0,0,0,0,0,0,0,0,0,0,0,0,0,0,0,0,0,0,0,0,0,0,0,0,0,47,0,0,0,0,0,0,0,0,0,0,0,0,_customerwdl_graveyard,0,0,0,0,0,0,0,0,0,0,0,0,0,0,0,0,0,0,0,0,0,0,0,0,0,0
82,10018649925317144938,0,0,0,0,0,0,0,0,0,0,0,0,0,0,0,0,0,0,0,0,0,0,0,0,2249,120438,0,0,0,40148,0,0,0,48,0,0,0,0,0,0,0,0,0,0,0,0,history,0,0,0,0,0,0,0,2274,0,0,0,0,2274,0,0,0,0,0,0,0,0,0,0,0,0,0
82,10018649925317144938,0,0,0,0,0,0,0,0,0,0,0,0,0,0,0,0,0,0,0,0,0,0,0,0,0,0,0,0,0,0,0,0,0,49,0,0,0,0,0,0,0,0,0,0,0,0,_history_graveyard,0,0,0,0,0,0,0,0,0,0,0,0,0,0,0,0,0,0,0,0,0,0,0,0,0,0
82,10018649925317144938,43267,86440,0,86440,0,0,43153,0,0,0,0,0,0,0,0,0,0,0,0,0,0,0,53119,0,2096,1173195,0,0,0,275299,0,12068,0,50,1,0,0,0,0,0,115749,0,0,0,0,0,neworder,94198,12068,0,0,0,0,0,3935,1,0,0,86728,3939,98796,0,0,98795,0,1836,0,0,0,0,0,0,0
82,10018649925317144938,0,0,0,0,0,0,0,0,0,0,0,0,0,0,0,0,0,0,0,0,0,0,0,0,0,0,0,0,0,0,0,0,0,51,0,0,0,0,0,0,0,0,0,0,0,0,_neworder_graveyard,0,0,0,0,0,0,0,0,0,0,0,0,0,0,0,0,0,0,0,0,0,0,0,0,0,0
82,10018649925317144938,43647,0,0,0,0,0,42782,0,0,0,0,0,0,0,0,0,0,0,0,0,0,0,0,0,4555,842759,0,0,0,190999,0,0,0,52,0,0,0,0,0,0,0,0,0,86428,0,0,order,0,0,0,0,0,0,0,4756,0,0,0,0,4757,89917,0,0,89917,0,0,0,0,0,86428,0,0,0
82,10018649925317144938,0,0,0,0,0,0,0,0,0,0,0,0,0,0,0,0,0,0,0,0,0,0,0,0,0,0,0,0,0,0,0,0,0,53,0,0,0,0,0,0,0,0,0,0,0,0,_order_graveyard,0,0,0,0,0,0,0,0,0,0,0,0,0,0,0,0,0,0,0,0,0,0,0,0,0,0
82,10018649925317144938,0,0,0,0,0,0,0,0,0,0,0,0,0,0,0,0,3490,0,0,0,0,0,0,0,1376,314652,0,0,0,101394,0,0,0,54,0,0,0,0,0,0,3490,0,0,0,0,0,order_wdc,0,0,0,0,0,0,0,1379,0,0,0,0,1380,3491,0,0,3491,0,0,0,0,0,0,0,0,0
82,10018649925317144938,0,0,0,0,0,0,0,0,0,0,0,0,0,0,0,0,0,0,0,0,0,0,0,0,0,0,0,0,0,0,0,0,0,55,0,0,0,0,0,0,0,0,0,0,0,0,_order_wdc_graveyard,0,0,0,0,0,0,0,0,0,0,0,0,0,0,0,0,0,0,0,0,0,0,0,0,0,0
82,10018649925317144938,437163,0,0,0,0,0,426880,0,0,0,0,0,0,0,0,0,0,0,0,0,0,0,101618,0,59392,7728131,0,0,0,1919425,0,971,0,56,0,0,0,0,0,0,12617,0,0,864068,0,0,orderline,1846798,971,0,0,0,0,0,60201,0,0,0,12546,60202,1859290,0,0,1859277,0,0,0,0,0,864100,0,0,0
82,10018649925317144938,0,0,0,0,0,0,0,0,0,0,0,0,0,0,0,0,0,0,0,0,0,0,0,0,0,0,0,0,0,0,0,0,0,57,0,0,0,0,0,0,0,0,0,0,0,0,_orderline_graveyard,0,0,0,0,0,0,0,0,0,0,0,0,0,0,0,0,0,0,0,0,0,0,0,0,0,0
82,10018649925317144938,0,0,0,0,0,0,0,0,0,0,0,0,0,0,0,0,0,0,0,0,0,0,0,0,0,1992000,0,0,0,0,0,0,0,58,0,0,0,0,0,0,0,0,0,0,0,0,item,0,0,0,0,0,0,0,0,0,0,0,0,0,995985,0,0,995980,0,0,0,0,0,0,0,0,0
83,10018649925317144938,0,0,0,0,0,0,0,0,0,0,0,0,0,0,0,0,0,0,0,0,0,0,0,0,0,0,0,0,0,0,0,0,0,61,0,0,0,0,0,0,0,0,0,0,0,0,_stock_graveyard,0,0,0,0,0,0,0,0,0,0,0,0,0,0,0,0,0,0,0,0,0,0,0,0,0,0
83,10018649925317144938,508310,0,0,0,0,0,496256,0,0,0,0,0,0,0,0,0,0,0,0,0,0,0,0,0,0,15143196,0,0,0,1005689,0,0,0,60,0,0,0,0,0,0,1036,0,0,1004582,0,0,stock,0,0,0,0,0,0,0,0,0,0,0,0,0,2779103,0,0,2779104,0,0,0,0,0,1004585,0,0,0
83,10018649925317144938,0,0,0,0,0,0,0,0,0,0,0,0,0,0,0,0,0,0,0,0,0,0,0,0,0,0,0,0,0,0,0,0,0,59,0,0,0,0,0,0,0,0,0,0,0,0,_item_graveyard,0,0,0,0,0,0,0,0,0,0,0,0,0,0,0,0,0,0,0,0,0,0,0,0,0,0
83,10018649925317144938,0,0,0,0,0,0,0,0,0,0,0,0,0,0,0,0,0,0,0,0,0,0,352,0,2439,69919,0,0,0,69692,0,0,0,28,352,856,0,0,0,0,222,0,0,0,0,2743,_history_tree_14_updates,2047,0,0,0,0,0,0,5214,2743,0,0,0,7957,0,0,0,0,0,2423,0,0,0,0,0,0,0
83,10018649925317144938,0,0,0,0,0,0,0,0,0,0,0,0,0,0,0,0,0,0,0,0,0,0,1052,0,9,9867,0,0,0,9849,0,0,0,27,2552,5,0,0,0,0,18,0,0,0,0,2563,_history_tree_13_removes,3034,0,0,0,0,0,0,2572,2563,0,0,0,5135,0,0,0,0,0,11,0,0,0,0,0,0,0
83,10018649925317144938,0,0,0,0,0,0,0,0,0,0,0,0,0,0,0,0,0,0,0,0,0,0,322,0,2424,70048,0,0,0,69815,0,0,0,26,322,904,0,0,0,0,233,0,0,0,0,2743,_history_tree_13_updates,2008,0,0,0,0,0,0,5207,2743,0,0,0,7950,0,0,0,0,0,2461,0,0,0,0,0,0,0
83,10018649925317144938,0,0,0,0,0,0,0,0,0,0,0,0,0,0,0,0,0,0,0,0,0,0,1000,0,8,9354,0,0,0,9337,0,0,0,25,2674,3,0,0,0,0,17,0,0,0,0,2682,_history_tree_12_removes,3148,0,0,0,0,0,0,2690,2682,0,0,0,5372,0,0,0,0,0,8,0,0,0,0,0,0,0
83,10018649925317144938,0,0,0,0,0,0,0,0,0,0,0,0,0,0,0,0,0,0,0,0,0,0,358,0,2408,68824,0,0,0,68619,0,0,0,24,358,828,0,0,0,0,205,0,0,0,0,2733,_history_tree_12_updates,2084,0,0,0,0,0,0,5174,2733,0,0,0,7907,0,0,0,0,0,2408,0,0,0,0,0,0,0
83,10018649925317144938,0,0,0,0,0,0,0,0,0,0,0,0,0,0,0,0,0,0,0,0,0,0,1072,0,5,9669,0,0,0,9657,0,0,0,23,2734,3,0,0,0,0,12,0,0,0,0,2741,_history_tree_11_removes,3199,0,0,0,0,0,0,2746,2741,0,0,0,5487,0,0,0,0,0,7,0,0,0,0,0,0,0
83,10018649925317144938,0,0,0,0,0,0,0,0,0,0,0,0,0,0,0,0,0,0,0,0,0,0,318,0,2415,69418,0,0,0,69178,0,0,0,22,318,854,0,0,0,0,237,0,0,0,0,2745,_history_tree_11_updates,2055,0,0,0,0,0,0,5201,2745,0,0,0,7946,0,0,0,0,0,2468,0,0,0,0,0,0,0
83,10018649925317144938,0,0,0,0,0,0,0,0,0,0,0,0,0,0,0,0,0,0,0,0,0,0,1043,0,6,9487,0,0,0,9473,0,0,0,21,2635,3,0,0,0,0,14,0,0,0,0,2642,_history_tree_10_removes,3114,0,0,0,0,0,0,2648,2642,0,0,0,5290,0,0,0,0,0,7,0,0,0,0,0,0,0
83,10018649925317144938,0,0,0,0,0,0,0,0,0,0,0,0,0,0,0,0,0,0,0,0,0,0,351,0,2416,69188,0,0,0,68972,0,0,0,20,351,888,0,0,0,0,214,0,0,0,0,2768,_history_tree_10_updates,2047,0,0,0,0,0,0,5220,2768,0,0,0,7988,0,0,0,0,0,2453,0,0,0,0,0,0,0
83,10018649925317144938,0,0,0,0,0,0,0,0,0,0,0,0,0,0,0,0,0,0,0,0,0,0,998,0,7,9481,0,0,0,9461,0,0,0,19,2629,4,0,0,0,0,20,0,0,0,0,2638,_history_tree_9_removes,3096,0,0,0,0,0,0,2645,2638,0,0,0,5283,0,0,0,0,0,9,0,0,0,0,0,0,0
83,10018649925317144938,0,0,0,0,0,0,0,0,0,0,0,0,0,0,0,0,0,0,0,0,0,0,350,0,2405,68950,0,0,0,68755,0,0,0,18,350,910,0,0,0,0,195,0,0,0,0,2746,_history_tree_9_updates,2029,0,0,0,0,0,0,5214,2746,0,0,0,7960,0,0,0,0,0,2459,0,0,0,0,0,0,0
83,10018649925317144938,0,0,0,0,0,0,0,0,0,0,0,0,0,0,0,0,0,0,0,0,0,0,1004,0,6,9472,0,0,0,9460,0,0,0,17,2662,3,0,0,0,0,12,0,0,0,0,2669,_history_tree_8_removes,3140,0,0,0,0,0,0,2675,2669,0,0,0,5344,0,0,0,0,0,7,0,0,0,0,0,0,0
83,10018649925317144938,0,0,0,0,0,0,0,0,0,0,0,0,0,0,0,0,0,0,0,0,0,0,340,0,2415,69275,0,0,0,69053,0,0,0,16,340,872,0,0,0,0,222,0,0,0,0,2764,_history_tree_8_updates,2038,0,0,0,0,0,0,5199,2764,0,0,0,7963,0,0,0,0,0,2444,0,0,0,0,0,0,0
83,10018649925317144938,0,0,0,0,0,0,0,0,0,0,0,0,0,0,0,0,0,0,0,0,0,0,994,0,8,9408,0,0,0,9392,0,0,0,15,2657,3,0,0,0,0,16,0,0,0,0,2664,_history_tree_7_removes,3134,0,0,0,0,0,0,2672,2664,0,0,0,5336,0,0,0,0,0,7,0,0,0,0,0,0,0
83,10018649925317144938,0,0,0,0,0,0,0,0,0,0,0,0,0,0,0,0,0,0,0,0,0,0,377,0,2445,69909,0,0,0,69704,0,0,0,14,377,848,0,0,0,0,203,0,0,0,0,2750,_history_tree_7_updates,2084,0,0,0,0,0,0,5235,2750,0,0,0,7985,0,0,0,0,0,2413,0,0,0,0,0,0,0
83,10018649925317144938,0,0,0,0,0,0,0,0,0,0,0,0,0,0,0,0,0,0,0,0,0,0,1035,0,6,9683,0,0,0,9671,0,0,0,13,2650,6,0,0,0,0,12,0,0,0,0,2659,_history_tree_6_removes,3088,0,0,0,0,0,0,2665,2659,0,0,0,5324,0,0,0,0,0,9,0,0,0,0,0,0,0
83,10018649925317144938,0,0,0,0,0,0,0,0,0,0,0,0,0,22534908,23146410,0,0,0,0,0,0,0,350,0,2418,69521,0,0,0,69325,0,0,0,0,350,924,0,0,0,0,196,0,0,0,0,2742,_history_tree_0_updates,2010,0,1531953,0,0,0,0,5242,2742,0,0,0,7984,0,0,0,0,0,2474,0,0,0,0,725312,0,0
83,10018649925317144938,0,0,0,0,0,0,0,0,0,0,0,0,0,0,0,0,0,0,0,0,0,0,1003,0,10,9647,0,0,0,9630,0,0,0,1,2598,7,0,0,0,0,17,0,0,0,0,2609,_history_tree_0_removes,3050,0,0,0,0,0,0,2619,2609,0,0,0,5228,0,0,0,0,0,11,0,0,0,0,0,0,0
83,10018649925317144938,0,0,0,0,0,0,0,0,0,0,0,0,0,0,0,0,0,0,0,0,0,0,347,0,2419,69305,0,0,0,69113,0,0,0,2,347,892,0,0,0,0,191,0,0,0,0,2741,_history_tree_1_updates,2017,0,0,0,0,0,0,5212,2741,0,0,0,7953,0,0,0,0,0,2446,0,0,0,0,0,0,0
83,10018649925317144938,0,0,0,0,0,0,0,0,0,0,0,0,0,0,0,0,0,0,0,0,0,0,993,0,11,9516,0,0,0,9499,0,0,0,3,2608,6,0,0,0,0,17,0,0,0,0,2620,_history_tree_1_removes,3050,0,0,0,0,0,0,2631,2620,0,0,0,5251,0,0,0,0,0,12,0,0,0,0,0,0,0
83,10018649925317144938,0,0,0,0,0,0,0,0,0,0,0,0,0,0,0,0,0,0,0,0,0,0,339,0,2418,69427,0,0,0,69211,0,0,0,4,339,911,0,0,0,0,216,0,0,0,0,2743,_history_tree_2_updates,2023,0,0,0,0,0,0,5217,2743,0,0,0,7960,0,0,0,0,0,2460,0,0,0,0,0,0,0
83,10018649925317144938,0,0,0,0,0,0,0,0,0,0,0,0,0,0,0,0,0,0,0,0,0,0,1039,0,8,9641,0,0,0,9621,0,0,0,5,2640,6,0,0,0,0,20,0,0,0,0,2650,_history_tree_2_removes,3111,0,0,0,0,0,0,2658,2650,0,0,0,5308,0,0,0,0,0,10,0,0,0,0,0,0,0
83,10018649925317144938,0,0,0,0,0,0,0,0,0,0,0,0,0,0,0,0,0,0,0,0,0,0,337,0,2393,68631,0,0,0,68402,0,0,0,6,337,838,0,0,0,0,228,0,0,0,0,2705,_history_tree_3_updates,2041,0,0,0,0,0,0,5158,2705,0,0,0,7863,0,0,0,0,0,2428,0,0,0,0,0,0,0
83,10018649925317144938,0,0,0,0,0,0,0,0,0,0,0,0,0,0,0,0,0,0,0,0,0,0,1019,0,5,9357,0,0,0,9350,0,0,0,7,2659,4,0,0,0,0,7,0,0,0,0,2666,_history_tree_3_removes,3117,0,0,0,0,0,0,2671,2666,0,0,0,5337,0,0,0,0,0,7,0,0,0,0,0,0,0
83,10018649925317144938,0,0,0,0,0,0,0,0,0,0,0,0,0,0,0,0,0,0,0,0,0,0,354,0,2418,69052,0,0,0,68815,0,0,0,8,354,852,0,0,0,0,236,0,0,0,0,2738,_history_tree_4_updates,2035,0,0,0,0,0,0,5186,2738,0,0,0,7924,0,0,0,0,0,2414,0,0,0,0,0,0,0
83,10018649925317144938,0,0,0,0,0,0,0,0,0,0,0,0,0,0,0,0,0,0,0,0,0,0,972,0,9,9242,0,0,0,9228,0,0,0,9,2650,2,0,0,0,0,14,0,0,0,0,2658,_history_tree_4_removes,3100,0,0,0,0,0,0,2667,2658,0,0,0,5325,0,0,0,0,0,8,0,0,0,0,0,0,0
83,10018649925317144938,0,0,0,0,0,0,0,0,0,0,0,0,0,0,0,0,0,0,0,0,0,0,373,0,2421,69420,0,0,0,69216,0,0,0,10,373,869,0,0,0,0,204,0,0,0,0,2744,_history_tree_5_updates,2028,0,0,0,0,0,0,5204,2744,0,0,0,7948,0,0,0,0,0,2410,0,0,0,0,0,0,0
83,10018649925317144938,0,0,0,0,0,0,0,0,0,0,0,0,0,0,0,0,0,0,0,0,0,0,989,0,11,9435,0,0,0,9416,0,0,0,11,2600,4,0,0,0,0,19,0,0,0,0,2611,_history_tree_5_removes,3049,0,0,0,0,0,0,2622,2611,0,0,0,5233,0,0,0,0,0,11,0,0,0,0,0,0,0
83,10018649925317144938,0,0,0,0,0,0,0,0,0,0,0,0,0,0,0,0,0,0,0,0,0,0,312,0,2390,68899,0,0,0,68701,0,0,0,12,312,873,0,0,0,0,196,0,0,0,0,2681,_history_tree_6_updates,2017,0,0,0,0,0,0,5163,2681,0,0,0,7844,0,0,0,0,0,2461,0,0,0,0,0,0,0
83,10018649925317144938,0,0,0,0,0,0,0,0,0,0,0,0,0,0,0,0,0,0,0,0,0,0,1019,0,9,9492,0,0,0,9476,0,0,0,29,2607,2,0,0,0,0,16,0,0,0,0,2615,_history_tree_14_removes,3084,0,0,0,0,0,0,2624,2615,0,0,0,5239,0,0,0,0,0,8,0,0,0,0,0,0,0
83,10018649925317144938,0,0,0,0,0,0,0,0,0,0,0,0,0,0,0,0,0,0,0,0,0,0,320,0,2413,69044,0,0,0,68829,0,0,0,30,320,883,0,0,0,0,215,0,0,0,0,2722,_history_tree_15_updates,1985,0,0,0,0,0,0,5152,2722,0,0,0,7874,0,0,0,0,0,2419,0,0,0,0,0,0,0
83,10018649925317144938,0,0,0,0,0,0,0,0,0,0,0,0,0,0,0,0,0,0,0,0,0,0,974,0,8,9392,0,0,0,9375,0,0,0,31,2597,3,0,0,0,0,17,0,0,0,0,2606,_history_tree_15_removes,3057,0,0,0,0,0,0,2614,2606,0,0,0,5220,0,0,0,0,0,9,0,0,0,0,0,0,0
83,10018649925317144938,0,0,0,0,0,0,0,0,0,0,0,0,0,0,0,0,0,0,0,0,0,0,338,0,2440,70208,0,0,0,70004,0,0,0,32,338,887,0,0,0,0,204,0,0,0,0,2752,_history_tree_16_updates,2023,0,0,0,0,0,0,5221,2752,0,0,0,7973,0,0,0,0,0,2443,0,0,0,0,0,0,0
83,10018649925317144938,0,0,0,0,0,0,0,0,0,0,0,0,0,0,0,0,0,0,0,0,0,0,1077,0,8,9739,0,0,0,9718,0,0,0,33,2593,4,0,0,0,0,21,0,0,0,0,2600,_history_tree_16_removes,3072,0,0,0,0,0,0,2608,2600,0,0,0,5208,0,0,0,0,0,7,0,0,0,0,0,0,0
83,10018649925317144938,0,0,0,0,0,0,0,0,0,0,0,0,0,0,0,0,0,0,0,0,0,0,325,0,2406,148148,0,0,0,73839,0,0,0,34,10779,2764,0,0,0,0,234,0,0,0,0,6481,_history_tree_17_updates,4114,0,0,0,0,0,0,15624,12962,0,0,0,22105,0,0,0,0,0,2439,0,0,0,0,0,0,0
83,10018649925317144938,0,0,0,0,0,0,0,0,0,0,0,0,0,0,0,0,0,0,0,0,0,0,932,0,16,9587,0,0,0,9573,0,0,0,35,2528,13,0,0,0,0,11,0,0,0,0,2545,_history_tree_17_removes,2987,0,0,0,0,0,0,2561,2545,0,0,0,5106,0,0,0,0,0,17,0,0,0,0,0,0,0
83,10018649925317144938,0,0,0,0,0,0,0,0,0,0,0,0,0,0,0,0,0,0,0,0,0,0,315,0,2443,70264,0,0,0,70049,0,0,0,36,315,837,0,0,0,0,213,0,0,0,0,2714,_history_tree_18_updates,2024,0,0,0,0,0,0,5168,2710,0,0,0,7871,0,0,0,0,0,2404,0,0,0,0,0,0,0
83,10018649925317144938,0,0,0,0,0,0,0,0,0,0,0,0,0,0,0,0,0,0,0,0,0,0,1084,0,5,9610,0,0,0,9596,0,0,0,37,2627,2,0,0,0,0,14,0,0,0,0,2632,_history_tree_18_removes,3106,0,0,0,0,0,0,2637,2632,0,0,0,5269,0,0,0,0,0,5,0,0,0,0,0,0,0
83,10018649925317144938,0,0,0,0,0,0,0,0,0,0,0,0,0,0,0,0,0,0,0,0,0,0,289,0,2463,70705,0,0,0,70463,0,0,0,38,290,823,0,0,0,0,235,0,0,0,0,2612,_history_tree_19_updates,1975,0,0,0,0,0,0,5152,2612,0,0,0,7764,0,0,0,0,0,2400,0,0,0,0,0,0,0
83,10018649925317144938,0,0,0,0,0,0,0,0,0,0,0,0,0,0,0,0,0,0,0,0,0,0,1055,0,9,9519,0,0,0,9502,0,0,0,39,2599,4,0,0,0,0,17,0,0,0,0,2605,_history_tree_19_removes,3042,0,0,0,0,0,0,2614,2605,0,0,0,5219,0,0,0,0,0,6,0,0,0,0,0,0,0
83,10018649925317144938,50166,0,0,0,0,0,46387,0,0,0,0,0,0,0,0,0,0,0,0,0,0,0,0,0,0,300590,0,0,0,98657,0,0,0,40,0,0,0,0,0,0,2151,0,0,96544,0,0,warehouse,0,0,0,0,0,0,0,0,0,0,0,0,0,199434,0,0,199432,0,0,0,0,0,96542,0,0,0
83,10018649925317144938,0,0,0,0,0,0,0,0,0,0,0,0,0,0,0,0,0,0,0,0,0,0,0,0,0,0,0,0,0,0,0,0,0,41,0,0,0,0,0,0,0,0,0,0,0,0,_warehouse_graveyard,0,0,0,0,0,0,0,0,0,0,0,0,0,0,0,0,0,0,0,0,0,0,0,0,0,0
83,10018649925317144938,99151,0,0,0,0,0,97057,0,0,0,0,0,0,0,0,0,0,0,0,0,0,0,0,0,0,305045,0,0,0,198460,0,0,0,42,0,0,0,0,0,0,1101,0,0,196191,0,0,district,0,0,0,0,0,0,0,0,0,0,0,0,0,105415,0,0,105414,0,0,0,0,0,196166,0,0,0
83,10018649925317144938,0,0,0,0,0,0,0,0,0,0,0,0,0,0,0,0,0,0,0,0,0,0,0,0,0,0,0,0,0,0,0,0,0,43,0,0,0,0,0,0,0,0,0,0,0,0,_district_graveyard,0,0,0,0,0,0,0,0,0,0,0,0,0,0,0,0,0,0,0,0,0,0,0,0,0,0
83,10018649925317144938,64749,0,0,0,0,0,62079,0,0,0,0,0,0,0,0,0,0,0,0,0,0,0,0,0,0,811263,0,0,0,126826,0,0,0,44,0,0,0,0,0,0,6,0,0,126819,0,0,customer,0,0,0,0,0,0,0,0,0,0,0,0,0,143578,0,0,143575,0,0,0,0,0,126812,0,0,0
83,10018649925317144938,0,0,0,0,0,0,0,0,0,0,0,0,0,0,0,0,0,0,0,0,0,0,0,0,0,0,0,0,0,0,0,0,0,45,0,0,0,0,0,0,0,0,0,0,0,0,_customer_graveyard,0,0,0,0,0,0,0,0,0,0,0,0,0,0,0,0,0,0,0,0,0,0,0,0,0,0
83,10018649925317144938,0,0,0,0,0,0,0,0,0,0,0,0,0,0,0,0,0,0,0,0,0,0,0,0,0,187980,0,0,0,0,0,0,0,46,0,0,0,0,0,0,62660,0,0,0,0,0,customerwdl,0,0,0,0,0,0,0,0,0,0,0,62658,0,62658,0,0,62658,0,0,0,0,0,0,0,0,0
83,10018649925317144938,0,0,0,0,0,0,0,0,0,0,0,0,0,0,0,0,0,0,0,0,0,0,0,0,0,0,0,0,0,0,0,0,0,47,0,0,0,0,0,0,0,0,0,0,0,0,_customerwdl_graveyard,0,0,0,0,0,0,0,0,0,0,0,0,0,0,0,0,0,0,0,0,0,0,0,0,0,0
83,10018649925317144938,0,0,0,0,0,0,0,0,0,0,0,0,0,0,0,0,0,0,0,0,0,0,0,0,2277,121488,0,0,0,40494,0,0,0,48,0,0,0,0,0,0,0,0,0,0,0,0,history,0,0,0,0,0,0,0,2304,0,0,0,0,2304,0,0,0,0,0,0,0,0,0,0,0,0,0
83,10018649925317144938,0,0,0,0,0,0,0,0,0,0,0,0,0,0,0,0,0,0,0,0,0,0,0,0,0,0,0,0,0,0,0,0,0,49,0,0,0,0,0,0,0,0,0,0,0,0,_history_graveyard,0,0,0,0,0,0,0,0,0,0,0,0,0,0,0,0,0,0,0,0,0,0,0,0,0,0
83,10018649925317144938,44316,87130,0,87130,0,0,44202,0,0,0,0,0,0,0,0,0,0,0,0,0,0,0,54372,0,2134,1192914,0,0,0,278809,0,13157,0,50,33,0,0,0,0,0,118813,0,0,0,0,0,neworder,97503,13157,0,0,0,0,0,3993,4,0,0,88813,3994,101970,0,0,101970,0,1822,0,0,0,0,0,0,0
83,10018649925317144938,0,0,0,0,0,0,0,0,0,0,0,0,0,0,0,0,0,0,0,0,0,0,0,0,0,0,0,0,0,0,0,0,0,51,0,0,0,0,0,0,0,0,0,0,0,0,_neworder_graveyard,0,0,0,0,0,0,0,0,0,0,0,0,0,0,0,0,0,0,0,0,0,0,0,0,0,0
83,10018649925317144938,45038,0,0,0,0,0,43443,0,0,0,0,0,0,0,0,0,0,0,0,0,0,0,0,0,4738,858012,0,0,0,193924,0,0,0,52,0,0,0,0,0,0,0,0,0,88477,0,0,order,0,0,0,0,0,0,0,5108,0,0,0,0,5107,92071,0,0,92071,0,0,0,0,0,88475,0,0,0
83,10018649925317144938,0,0,0,0,0,0,0,0,0,0,0,0,0,0,0,0,0,0,0,0,0,0,0,0,0,0,0,0,0,0,0,0,0,53,0,0,0,0,0,0,0,0,0,0,0,0,_order_graveyard,0,0,0,0,0,0,0,0,0,0,0,0,0,0,0,0,0,0,0,0,0,0,0,0,0,0
83,10018649925317144938,0,0,0,0,0,0,0,0,0,0,0,0,0,0,0,0,3595,0,0,0,0,0,0,0,1427,317109,0,0,0,102108,0,0,0,54,0,0,0,0,0,0,3595,0,0,0,0,0,order_wdc,0,0,0,0,0,0,0,1427,0,0,0,0,1426,3594,0,0,3594,0,0,0,0,0,0,0,0,0
83,10018649925317144938,0,0,0,0,0,0,0,0,0,0,0,0,0,0,0,0,0,0,0,0,0,0,0,0,0,0,0,0,0,0,0,0,0,55,0,0,0,0,0,0,0,0,0,0,0,0,_order_wdc_graveyard,0,0,0,0,0,0,0,0,0,0,0,0,0,0,0,0,0,0,0,0,0,0,0,0,0,0
83,10018649925317144938,447692,0,0,0,0,0,437439,0,0,0,0,0,0,0,0,0,0,0,0,0,0,0,99373,0,59644,7830539,0,0,0,1945065,0,1066,0,56,0,0,0,0,0,0,12544,0,0,885060,0,0,orderline,1807153,1066,0,0,0,0,0,60456,0,0,0,12477,60455,1819615,0,0,1819615,0,0,0,0,0,885014,0,0,0
83,10018649925317144938,0,0,0,0,0,0,0,0,0,0,0,0,0,0,0,0,0,0,0,0,0,0,0,0,0,0,0,0,0,0,0,0,0,57,0,0,0,0,0,0,0,0,0,0,0,0,_orderline_graveyard,0,0,0,0,0,0,0,0,0,0,0,0,0,0,0,0,0,0,0,0,0,0,0,0,0,0
83,10018649925317144938,0,0,0,0,0,0,0,0,0,0,0,0,0,0,0,0,0,0,0,0,0,0,0,0,0,2000102,0,0,0,0,0,0,0,58,0,0,0,0,0,0,0,0,0,0,0,0,item,0,0,0,0,0,0,0,0,0,0,0,0,0,999959,0,0,999953,0,0,0,0,0,0,0,0,0
84,10018649925317144938,0,0,0,0,0,0,0,0,0,0,0,0,0,0,0,0,0,0,0,0,0,0,0,0,0,0,0,0,0,0,0,0,0,61,0,0,0,0,0,0,0,0,0,0,0,0,_stock_graveyard,0,0,0,0,0,0,0,0,0,0,0,0,0,0,0,0,0,0,0,0,0,0,0,0,0,0
84,10018649925317144938,502094,0,0,0,0,0,489647,0,0,0,0,0,0,0,0,0,0,0,0,0,0,0,0,0,0,14992176,0,0,0,992949,0,0,0,60,0,0,0,0,0,0,1099,0,0,991842,0,0,stock,0,0,0,0,0,0,0,0,0,0,0,0,0,2754112,0,0,2754108,0,0,0,0,0,991872,0,0,0
84,10018649925317144938,0,0,0,0,0,0,0,0,0,0,0,0,0,0,0,0,0,0,0,0,0,0,0,0,0,0,0,0,0,0,0,0,0,59,0,0,0,0,0,0,0,0,0,0,0,0,_item_graveyard,0,0,0,0,0,0,0,0,0,0,0,0,0,0,0,0,0,0,0,0,0,0,0,0,0,0
84,10018649925317144938,0,0,0,0,0,0,0,0,0,0,0,0,0,0,0,0,0,0,0,0,0,0,352,0,2375,68210,0,0,0,67997,0,0,0,28,352,868,0,0,0,0,214,0,0,0,0,2771,_history_tree_14_updates,2032,0,0,0,0,0,0,5153,2771,0,0,0,7924,0,0,0,0,0,2425,0,0,0,0,0,0,0
84,10018649925317144938,0,0,0,0,0,0,0,0,0,0,0,0,0,0,0,0,0,0,0,0,0,0,1033,0,6,9394,0,0,0,9379,0,0,0,27,2649,3,0,0,0,0,15,0,0,0,0,2656,_history_tree_13_removes,3117,0,0,0,0,0,0,2662,2656,0,0,0,5318,0,0,0,0,0,6,0,0,0,0,0,0,0
84,10018649925317144938,0,0,0,0,0,0,0,0,0,0,0,0,0,0,0,0,0,0,0,0,0,0,349,0,2369,68035,0,0,0,67825,0,0,0,26,350,817,0,0,0,0,210,0,0,0,0,2696,_history_tree_13_updates,2042,0,0,0,0,0,0,5104,2696,0,0,0,7800,0,0,0,0,0,2385,0,0,0,0,0,0,0
84,10018649925317144938,0,0,0,0,0,0,0,0,0,0,0,0,0,0,0,0,0,0,0,0,0,0,1019,0,6,9256,0,0,0,9239,0,0,0,25,2654,0,0,0,0,0,17,0,0,0,0,2661,_history_tree_12_removes,3100,0,0,0,0,0,0,2667,2661,0,0,0,5328,0,0,0,0,0,7,0,0,0,0,0,0,0
84,10018649925317144938,0,0,0,0,0,0,0,0,0,0,0,0,0,0,0,0,0,0,0,0,0,0,366,0,2373,67930,0,0,0,67693,0,0,0,24,366,848,0,0,0,0,236,0,0,0,0,2761,_history_tree_12_updates,2056,0,0,0,0,0,0,5160,2761,0,0,0,7921,0,0,0,0,0,2421,0,0,0,0,0,0,0
84,10018649925317144938,0,0,0,0,0,0,0,0,0,0,0,0,0,0,0,0,0,0,0,0,0,0,1005,0,2,9186,0,0,0,9169,0,0,0,23,2707,0,0,0,0,0,17,0,0,0,0,2710,_history_tree_11_removes,3195,0,0,0,0,0,0,2712,2710,0,0,0,5422,0,0,0,0,0,3,0,0,0,0,0,0,0
84,10018649925317144938,0,0,0,0,0,0,0,0,0,0,0,0,0,0,0,0,0,0,0,0,0,0,351,0,2364,67709,0,0,0,67479,0,0,0,22,351,773,0,0,0,0,230,0,0,0,0,2722,_history_tree_11_updates,2095,0,0,0,0,0,0,5096,2722,0,0,0,7818,0,0,0,0,0,2381,0,0,0,0,0,0,0
84,10018649925317144938,0,0,0,0,0,0,0,0,0,0,0,0,0,0,0,0,0,0,0,0,0,0,1052,0,4,9392,0,0,0,9382,0,0,0,21,2712,2,0,0,0,0,10,0,0,0,0,2717,_history_tree_10_removes,3153,0,0,0,0,0,0,2721,2717,0,0,0,5438,0,0,0,0,0,5,0,0,0,0,0,0,0
84,10018649925317144938,0,0,0,0,0,0,0,0,0,0,0,0,0,0,0,0,0,0,0,0,0,0,365,0,2369,67996,0,0,0,67775,0,0,0,20,365,793,0,0,0,0,222,0,0,0,0,2733,_history_tree_10_updates,2077,0,0,0,0,0,0,5130,2733,0,0,0,7863,0,0,0,0,0,2396,0,0,0,0,0,0,0
84,10018649925317144938,0,0,0,0,0,0,0,0,0,0,0,0,0,0,0,0,0,0,0,0,0,0,1026,0,4,9266,0,0,0,9249,0,0,0,19,2689,1,0,0,0,0,17,0,0,0,0,2694,_history_tree_9_removes,3143,0,0,0,0,0,0,2698,2694,0,0,0,5392,0,0,0,0,0,5,0,0,0,0,0,0,0
84,10018649925317144938,0,0,0,0,0,0,0,0,0,0,0,0,0,0,0,0,0,0,0,0,0,0,304,0,2360,67631,0,0,0,67419,0,0,0,18,304,779,0,0,0,0,214,0,0,0,0,2685,_history_tree_9_updates,2036,0,0,0,0,0,0,5050,2685,0,0,0,7735,0,0,0,0,0,2386,0,0,0,0,0,0,0
84,10018649925317144938,0,0,0,0,0,0,0,0,0,0,0,0,0,0,0,0,0,0,0,0,0,0,1072,0,5,9697,0,0,0,9688,0,0,0,17,2666,1,0,0,0,0,9,0,0,0,0,2672,_history_tree_8_removes,3116,0,0,0,0,0,0,2677,2672,0,0,0,5349,0,0,0,0,0,6,0,0,0,0,0,0,0
84,10018649925317144938,0,0,0,0,0,0,0,0,0,0,0,0,0,0,0,0,0,0,0,0,0,0,332,0,2407,69400,0,0,0,69191,0,0,0,16,332,858,0,0,0,0,207,0,0,0,0,2754,_history_tree_8_updates,2010,0,0,0,0,0,0,5165,2754,0,0,0,7920,0,0,0,0,0,2428,0,0,0,0,0,0,0
84,10018649925317144938,0,0,0,0,0,0,0,0,0,0,0,0,0,0,0,0,0,0,0,0,0,0,972,0,5,9199,0,0,0,9186,0,0,0,15,2623,2,0,0,0,0,13,0,0,0,0,2630,_history_tree_7_removes,3086,0,0,0,0,0,0,2636,2631,0,0,0,5267,0,0,0,0,0,7,0,0,0,0,0,0,0
84,10018649925317144938,0,0,0,0,0,0,0,0,0,0,0,0,0,0,0,0,0,0,0,0,0,0,352,0,2357,67529,0,0,0,67297,0,0,0,14,352,847,0,0,0,0,230,0,0,0,0,2745,_history_tree_7_updates,2032,0,0,0,0,0,0,5125,2745,0,0,0,7870,0,0,0,0,0,2416,0,0,0,0,0,0,0
84,10018649925317144938,0,0,0,0,0,0,0,0,0,0,0,0,0,0,0,0,0,0,0,0,0,0,1024,0,5,9087,0,0,0,9078,0,0,0,13,2627,3,0,0,0,0,9,0,0,0,0,2632,_history_tree_6_removes,3096,0,0,0,0,0,0,2637,2632,0,0,0,5269,0,0,0,0,0,5,0,0,0,0,0,0,0
84,10018649925317144938,0,0,0,0,0,0,0,0,0,0,0,0,0,22238854,22811287,0,0,0,0,0,0,0,347,0,2382,68269,0,0,0,68036,0,0,0,0,347,856,0,0,0,0,235,0,0,0,0,2714,_history_tree_0_updates,2014,0,1501874,0,0,0,0,5128,2714,0,0,0,7842,0,0,0,0,0,2398,0,0,0,0,714224,0,0
84,10018649925317144938,0,0,0,0,0,0,0,0,0,0,0,0,0,0,0,0,0,0,0,0,0,0,1021,0,8,9415,0,0,0,9403,0,0,0,1,2624,2,0,0,0,0,12,0,0,0,0,2633,_history_tree_0_removes,3104,0,0,0,0,0,0,2641,2633,0,0,0,5274,0,0,0,0,0,9,0,0,0,0,0,0,0
84,10018649925317144938,0,0,0,0,0,0,0,0,0,0,0,0,0,0,0,0,0,0,0,0,0,0,329,0,2373,67983,0,0,0,67791,0,0,0,2,329,870,0,0,0,0,193,0,0,0,0,2721,_history_tree_1_updates,1995,0,0,0,0,0,0,5111,2721,0,0,0,7832,0,0,0,0,0,2409,0,0,0,0,0,0,0
84,10018649925317144938,0,0,0,0,0,0,0,0,0,0,0,0,0,0,0,0,0,0,0,0,0,0,994,0,6,9240,0,0,0,9227,0,0,0,3,2609,1,0,0,0,0,13,0,0,0,0,2616,_history_tree_1_removes,3068,0,0,0,0,0,0,2622,2616,0,0,0,5238,0,0,0,0,0,7,0,0,0,0,0,0,0
84,10018649925317144938,0,0,0,0,0,0,0,0,0,0,0,0,0,0,0,0,0,0,0,0,0,0,335,0,2357,67381,0,0,0,67167,0,0,0,4,335,789,0,0,0,0,214,0,0,0,0,2691,_history_tree_2_updates,2061,0,0,0,0,0,0,5076,2691,0,0,0,7767,0,0,0,0,0,2384,0,0,0,0,0,0,0
84,10018649925317144938,0,0,0,0,0,0,0,0,0,0,0,0,0,0,0,0,0,0,0,0,0,0,953,0,5,9052,0,0,0,9034,0,0,0,5,2692,2,0,0,0,0,18,0,0,0,0,2698,_history_tree_2_removes,3164,0,0,0,0,0,0,2703,2698,0,0,0,5401,0,0,0,0,0,6,0,0,0,0,0,0,0
84,10018649925317144938,0,0,0,0,0,0,0,0,0,0,0,0,0,0,0,0,0,0,0,0,0,0,352,0,2375,68248,0,0,0,68051,0,0,0,6,352,846,0,0,0,0,197,0,0,0,0,2724,_history_tree_3_updates,2030,0,0,0,0,0,0,5130,2724,0,0,0,7854,0,0,0,0,0,2403,0,0,0,0,0,0,0
84,10018649925317144938,0,0,0,0,0,0,0,0,0,0,0,0,0,0,0,0,0,0,0,0,0,0,1022,0,6,9398,0,0,0,9390,0,0,0,7,2645,1,0,0,0,0,8,0,0,0,0,2652,_history_tree_3_removes,3109,0,0,0,0,0,0,2659,2653,0,0,0,5312,0,0,0,0,0,7,0,0,0,0,0,0,0
84,10018649925317144938,0,0,0,0,0,0,0,0,0,0,0,0,0,0,0,0,0,0,0,0,0,0,299,0,2391,68846,0,0,0,68635,0,0,0,8,299,811,0,0,0,0,211,0,0,0,0,2740,_history_tree_4_updates,2076,0,0,0,0,0,0,5157,2740,0,0,0,7897,0,0,0,0,0,2466,0,0,0,0,0,0,0
84,10018649925317144938,0,0,0,0,0,0,0,0,0,0,0,0,0,0,0,0,0,0,0,0,0,0,1064,0,5,9728,0,0,0,9720,0,0,0,9,2754,4,0,0,0,0,8,0,0,0,0,2762,_history_tree_4_removes,3220,0,0,0,0,0,0,2767,2762,0,0,0,5529,0,0,0,0,0,8,0,0,0,0,0,0,0
84,10018649925317144938,0,0,0,0,0,0,0,0,0,0,0,0,0,0,0,0,0,0,0,0,0,0,361,0,2382,68805,0,0,0,68579,0,0,0,10,361,850,0,0,0,0,225,0,0,0,0,2791,_history_tree_5_updates,2080,0,0,0,0,0,0,5176,2791,0,0,0,7969,0,0,0,0,0,2434,0,0,0,0,0,0,0
84,10018649925317144938,0,0,0,0,0,0,0,0,0,0,0,0,0,0,0,0,0,0,0,0,0,0,1057,0,5,9731,0,0,0,9711,0,0,0,11,2670,1,0,0,0,0,20,0,0,0,0,2676,_history_tree_5_removes,3155,0,0,0,0,0,0,2681,2676,0,0,0,5357,0,0,0,0,0,6,0,0,0,0,0,0,0
84,10018649925317144938,0,0,0,0,0,0,0,0,0,0,0,0,0,0,0,0,0,0,0,0,0,0,327,0,2368,67769,0,0,0,67582,0,0,0,12,327,792,0,0,0,0,187,0,0,0,0,2624,_history_tree_6_updates,2043,0,0,0,0,0,0,5066,2624,0,0,0,7690,0,0,0,0,0,2371,0,0,0,0,0,0,0
84,10018649925317144938,0,0,0,0,0,0,0,0,0,0,0,0,0,0,0,0,0,0,0,0,0,0,1029,0,6,9540,0,0,0,9528,0,0,0,29,2650,3,0,0,0,0,13,0,0,0,0,2658,_history_tree_14_removes,3110,0,0,0,0,0,0,2664,2658,0,0,0,5322,0,0,0,0,0,8,0,0,0,0,0,0,0
84,10018649925317144938,0,0,0,0,0,0,0,0,0,0,0,0,0,0,0,0,0,0,0,0,0,0,375,0,2368,67765,0,0,0,67544,0,0,0,30,375,844,0,0,0,0,220,0,0,0,0,2767,_history_tree_15_updates,2073,0,0,0,0,0,0,5160,2767,0,0,0,7927,0,0,0,0,0,2417,0,0,0,0,0,0,0
84,10018649925317144938,0,0,0,0,0,0,0,0,0,0,0,0,0,0,0,0,0,0,0,0,0,0,981,0,8,9249,0,0,0,9232,0,0,0,31,2703,3,0,0,0,0,17,0,0,0,0,2712,_history_tree_15_removes,3164,0,0,0,0,0,0,2720,2712,0,0,0,5432,0,0,0,0,0,9,0,0,0,0,0,0,0
84,10018649925317144938,0,0,0,0,0,0,0,0,0,0,0,0,0,0,0,0,0,0,0,0,0,0,373,0,2396,68785,0,0,0,68581,0,0,0,32,373,883,0,0,0,0,201,0,0,0,0,2804,_history_tree_16_updates,2018,0,0,0,0,0,0,5211,2804,0,0,0,8015,0,0,0,0,0,2442,0,0,0,0,0,0,0
84,10018649925317144938,0,0,0,0,0,0,0,0,0,0,0,0,0,0,0,0,0,0,0,0,0,0,1045,0,6,9483,0,0,0,9465,0,0,0,33,2618,0,0,0,0,0,18,0,0,0,0,2625,_history_tree_16_removes,3037,0,0,0,0,0,0,2631,2625,0,0,0,5256,0,0,0,0,0,7,0,0,0,0,0,0,0
84,10018649925317144938,0,0,0,0,0,0,0,0,0,0,0,0,0,0,0,0,0,0,0,0,0,0,388,0,2342,143060,0,0,0,71333,0,0,0,34,10870,2791,0,0,0,0,198,0,0,0,0,6504,_history_tree_17_updates,4101,0,0,0,0,0,0,15616,13008,0,0,0,22120,0,0,0,0,0,2403,0,0,0,0,0,0,0
84,10018649925317144938,0,0,0,0,0,0,0,0,0,0,0,0,0,0,0,0,0,0,0,0,0,0,819,0,17,9000,0,0,0,8988,0,0,0,35,2530,12,0,0,0,0,12,0,0,0,0,2549,_history_tree_17_removes,2951,0,0,0,0,0,0,2566,2549,0,0,0,5115,0,0,0,0,0,19,0,0,0,0,0,0,0
84,10018649925317144938,0,0,0,0,0,0,0,0,0,0,0,0,0,0,0,0,0,0,0,0,0,0,340,0,2381,68483,0,0,0,68250,0,0,0,36,340,845,0,0,0,0,234,0,0,0,0,2747,_history_tree_18_updates,2046,0,0,0,0,0,0,5142,2747,0,0,0,7889,0,0,0,0,0,2421,0,0,0,0,0,0,0
84,10018649925317144938,0,0,0,0,0,0,0,0,0,0,0,0,0,0,0,0,0,0,0,0,0,0,1000,0,7,9361,0,0,0,9347,0,0,0,37,2626,1,0,0,0,0,14,0,0,0,0,2634,_history_tree_18_removes,3103,0,0,0,0,0,0,2642,2635,0,0,0,5277,0,0,0,0,0,8,0,0,0,0,0,0,0
84,10018649925317144938,0,0,0,0,0,0,0,0,0,0,0,0,0,0,0,0,0,0,0,0,0,0,355,0,2378,68677,0,0,0,68461,0,0,0,38,355,867,0,0,0,0,218,0,0,0,0,2756,_history_tree_19_updates,2054,0,0,0,0,0,0,5175,2756,0,0,0,7931,0,0,0,0,0,2442,0,0,0,0,0,0,0
84,10018649925317144938,0,0,0,0,0,0,0,0,0,0,0,0,0,0,0,0,0,0,0,0,0,0,1061,0,4,9650,0,0,0,9629,0,0,0,39,2651,4,0,0,0,0,21,0,0,0,0,2658,_history_tree_19_removes,3112,0,0,0,0,0,0,2662,2658,0,0,0,5320,0,0,0,0,0,7,0,0,0,0,0,0,0
84,10018649925317144938,49494,0,0,0,0,0,45680,0,0,0,0,0,0,0,0,0,0,0,0,0,0,0,0,0,0,296892,0,0,0,97256,0,0,0,40,0,0,0,0,0,0,2114,0,0,95179,0,0,warehouse,0,0,0,0,0,0,0,0,0,0,0,0,0,197221,0,0,197222,0,0,0,0,0,95181,0,0,0
84,10018649925317144938,0,0,0,0,0,0,0,0,0,0,0,0,0,0,0,0,0,0,0,0,0,0,0,0,0,0,0,0,0,0,0,0,0,41,0,0,0,0,0,0,0,0,0,0,0,0,_warehouse_graveyard,0,0,0,0,0,0,0,0,0,0,0,0,0,0,0,0,0,0,0,0,0,0,0,0,0,0
84,10018649925317144938,97830,0,0,0,0,0,96279,0,0,0,0,0,0,0,0,0,0,0,0,0,0,0,0,0,0,301622,0,0,0,196388,0,0,0,42,0,0,0,0,0,0,1080,0,0,194134,0,0,district,0,0,0,0,0,0,0,0,0,0,0,0,0,104094,0,0,104096,0,0,0,0,0,194151,0,0,0
84,10018649925317144938,0,0,0,0,0,0,0,0,0,0,0,0,0,0,0,0,0,0,0,0,0,0,0,0,0,0,0,0,0,0,0,0,0,43,0,0,0,0,0,0,0,0,0,0,0,0,_district_graveyard,0,0,0,0,0,0,0,0,0,0,0,0,0,0,0,0,0,0,0,0,0,0,0,0,0,0
84,10018649925317144938,63535,0,0,0,0,0,59972,0,0,0,0,0,0,0,0,0,0,0,0,0,0,0,0,0,0,796604,0,0,0,123537,0,0,0,44,0,0,0,0,0,0,9,0,0,123520,0,0,customer,0,0,0,0,0,0,0,0,0,0,0,0,0,142001,0,0,142004,0,0,0,0,0,123528,0,0,0
84,10018649925317144938,0,0,0,0,0,0,0,0,0,0,0,0,0,0,0,0,0,0,0,0,0,0,0,0,0,0,0,0,0,0,0,0,0,45,0,0,0,0,0,0,0,0,0,0,0,0,_customer_graveyard,0,0,0,0,0,0,0,0,0,0,0,0,0,0,0,0,0,0,0,0,0,0,0,0,0,0
84,10018649925317144938,0,0,0,0,0,0,0,0,0,0,0,0,0,0,0,0,0,0,0,0,0,0,0,0,0,186270,0,0,0,0,0,0,0,46,0,0,0,0,0,0,62093,0,0,0,0,0,customerwdl,0,0,0,0,0,0,0,0,0,0,0,62094,0,62094,0,0,62095,0,0,0,0,0,0,0,0,0
84,10018649925317144938,0,0,0,0,0,0,0,0,0,0,0,0,0,0,0,0,0,0,0,0,0,0,0,0,0,0,0,0,0,0,0,0,0,47,0,0,0,0,0,0,0,0,0,0,0,0,_customerwdl_graveyard,0,0,0,0,0,0,0,0,0,0,0,0,0,0,0,0,0,0,0,0,0,0,0,0,0,0
84,10018649925317144938,0,0,0,0,0,0,0,0,0,0,0,0,0,0,0,0,0,0,0,0,0,0,0,0,2229,119214,0,0,0,39738,0,0,0,48,0,0,0,0,0,0,0,0,0,0,0,0,history,0,0,0,0,0,0,0,2254,0,0,0,0,2254,0,0,0,0,0,0,0,0,0,0,0,0,0
84,10018649925317144938,0,0,0,0,0,0,0,0,0,0,0,0,0,0,0,0,0,0,0,0,0,0,0,0,0,0,0,0,0,0,0,0,0,49,0,0,0,0,0,0,0,0,0,0,0,0,_history_graveyard,0,0,0,0,0,0,0,0,0,0,0,0,0,0,0,0,0,0,0,0,0,0,0,0,0,0
84,10018649925317144938,43092,87450,0,87450,0,0,42994,0,0,0,0,0,0,0,0,0,0,0,0,0,0,0,52796,0,2090,1175518,0,0,0,276155,0,10096,0,50,4,0,0,0,0,0,115677,0,0,0,0,0,neworder,92181,10096,0,0,0,0,0,3943,4,0,0,86381,3943,96480,0,0,96480,0,1845,0,0,0,0,0,0,0
84,10018649925317144938,0,0,0,0,0,0,0,0,0,0,0,0,0,0,0,0,0,0,0,0,0,0,0,0,0,0,0,0,0,0,0,0,0,51,0,0,0,0,0,0,0,0,0,0,0,0,_neworder_graveyard,0,0,0,0,0,0,0,0,0,0,0,0,0,0,0,0,0,0,0,0,0,0,0,0,0,0
84,10018649925317144938,43543,0,0,0,0,0,42578,0,0,0,0,0,0,0,0,0,0,0,0,0,0,0,0,0,4606,841868,0,0,0,191000,0,0,0,52,0,0,0,0,0,0,0,0,0,86132,0,0,order,0,0,0,0,0,0,0,4840,0,0,0,0,4841,89634,0,0,89634,0,0,0,0,0,86139,0,0,0
84,10018649925317144938,0,0,0,0,0,0,0,0,0,0,0,0,0,0,0,0,0,0,0,0,0,0,0,0,0,0,0,0,0,0,0,0,0,53,0,0,0,0,0,0,0,0,0,0,0,0,_order_graveyard,0,0,0,0,0,0,0,0,0,0,0,0,0,0,0,0,0,0,0,0,0,0,0,0,0,0
84,10018649925317144938,0,0,0,0,0,0,0,0,0,0,0,0,0,0,0,0,3498,0,0,0,0,0,0,0,1402,315522,0,0,0,101677,0,0,0,54,0,0,0,0,0,0,3498,0,0,0,0,0,order_wdc,0,0,0,0,0,0,0,1404,0,0,0,0,1405,3498,0,0,3498,0,0,0,0,0,0,0,0,0
84,10018649925317144938,0,0,0,0,0,0,0,0,0,0,0,0,0,0,0,0,0,0,0,0,0,0,0,0,0,0,0,0,0,0,0,0,0,55,0,0,0,0,0,0,0,0,0,0,0,0,_order_wdc_graveyard,0,0,0,0,0,0,0,0,0,0,0,0,0,0,0,0,0,0,0,0,0,0,0,0,0,0
84,10018649925317144938,435953,0,0,0,0,0,426141,0,0,0,0,0,0,0,0,0,0,0,0,0,0,0,99611,0,59604,7734645,0,0,0,1921215,0,1007,0,56,0,0,0,0,0,0,12461,0,0,862156,0,0,orderline,1812799,1007,0,0,0,0,0,60446,0,0,0,12394,60447,1825185,0,0,1825185,0,0,0,0,0,862224,0,0,0
84,10018649925317144938,0,0,0,0,0,0,0,0,0,0,0,0,0,0,0,0,0,0,0,0,0,0,0,0,0,0,0,0,0,0,0,0,0,57,0,0,0,0,0,0,0,0,0,0,0,0,_orderline_graveyard,0,0,0,0,0,0,0,0,0,0,0,0,0,0,0,0,0,0,0,0,0,0,0,0,0,0
84,10018649925317144938,0,0,0,0,0,0,0,0,0,0,0,0,0,0,0,0,0,0,0,0,0,0,0,0,0,1999157,0,0,0,0,0,0,0,58,0,0,0,0,0,0,0,0,0,0,0,0,item,0,0,0,0,0,0,0,0,0,0,0,0,0,999690,0,0,999700,0,0,0,0,0,0,0,0,0
85,10018649925317144938,0,0,0,0,0,0,0,0,0,0,0,0,0,0,0,0,0,0,0,0,0,0,0,0,0,0,0,0,0,0,0,0,0,61,0,0,0,0,0,0,0,0,0,0,0,0,_stock_graveyard,0,0,0,0,0,0,0,0,0,0,0,0,0,0,0,0,0,0,0,0,0,0,0,0,0,0
85,10018649925317144938,504526,0,0,0,0,0,492692,0,0,0,0,0,0,0,0,0,0,0,0,0,0,0,0,0,0,15176221,0,0,0,998247,0,0,0,60,0,0,0,0,0,0,1126,0,0,997207,0,0,stock,0,0,0,0,0,0,0,0,0,0,0,0,0,2794677,0,0,2794682,0,0,0,0,0,997220,0,0,0
85,10018649925317144938,0,0,0,0,0,0,0,0,0,0,0,0,0,0,0,0,0,0,0,0,0,0,0,0,0,0,0,0,0,0,0,0,0,59,0,0,0,0,0,0,0,0,0,0,0,0,_item_graveyard,0,0,0,0,0,0,0,0,0,0,0,0,0,0,0,0,0,0,0,0,0,0,0,0,0,0
85,10018649925317144938,0,0,0,0,0,0,0,0,0,0,0,0,0,0,0,0,0,0,0,0,0,0,350,0,2358,67618,0,0,0,67417,0,0,0,28,350,795,0,0,0,0,200,0,0,0,0,2678,_history_tree_14_updates,2017,0,0,0,0,0,0,5062,2678,0,0,0,7740,0,0,0,0,0,2355,0,0,0,0,0,0,0
85,10018649925317144938,0,0,0,0,0,0,0,0,0,0,0,0,0,0,0,0,0,0,0,0,0,0,992,0,7,9358,0,0,0,9344,0,0,0,27,2689,1,0,0,0,0,14,0,0,0,0,2696,_history_tree_13_removes,3158,0,0,0,0,0,0,2703,2696,0,0,0,5399,0,0,0,0,0,7,0,0,0,0,0,0,0
85,10018649925317144938,0,0,0,0,0,0,0,0,0,0,0,0,0,0,0,0,0,0,0,0,0,0,344,0,2392,68594,0,0,0,68393,0,0,0,26,344,815,0,0,0,0,203,0,0,0,0,2727,_history_tree_13_updates,2067,0,0,0,0,0,0,5128,2727,0,0,0,7855,0,0,0,0,0,2392,0,0,0,0,0,0,0
85,10018649925317144938,0,0,0,0,0,0,0,0,0,0,0,0,0,0,0,0,0,0,0,0,0,0,961,0,7,8928,0,0,0,8915,0,0,0,25,2650,2,0,0,0,0,17,0,0,0,0,2657,_history_tree_12_removes,3087,0,0,0,0,0,0,2664,2657,0,0,0,5321,0,0,0,0,0,7,0,0,0,0,0,0,0
85,10018649925317144938,0,0,0,0,0,0,0,0,0,0,0,0,0,0,0,0,0,0,0,0,0,0,364,0,2362,67246,0,0,0,67049,0,0,0,24,364,794,0,0,0,0,197,0,0,0,0,2700,_history_tree_12_updates,2047,0,0,0,0,0,0,5087,2700,0,0,0,7787,0,0,0,0,0,2361,0,0,0,0,0,0,0
85,10018649925317144938,0,0,0,0,0,0,0,0,0,0,0,0,0,0,0,0,0,0,0,0,0,0,1049,0,4,9245,0,0,0,9233,0,0,0,23,2662,1,0,0,0,0,12,0,0,0,0,2666,_history_tree_11_removes,3111,0,0,0,0,0,0,2670,2666,0,0,0,5336,0,0,0,0,0,4,0,0,0,0,0,0,0
85,10018649925317144938,0,0,0,0,0,0,0,0,0,0,0,0,0,0,0,0,0,0,0,0,0,0,306,0,2389,68323,0,0,0,68093,0,0,0,22,306,790,0,0,0,0,231,0,0,0,0,2697,_history_tree_11_updates,2029,0,0,0,0,0,0,5087,2697,0,0,0,7784,0,0,0,0,0,2391,0,0,0,0,0,0,0
85,10018649925317144938,0,0,0,0,0,0,0,0,0,0,0,0,0,0,0,0,0,0,0,0,0,0,1036,0,5,9548,0,0,0,9537,0,0,0,21,2721,0,0,0,0,0,11,0,0,0,0,2726,_history_tree_10_removes,3193,0,0,0,0,0,0,2731,2726,0,0,0,5457,0,0,0,0,0,5,0,0,0,0,0,0,0
85,10018649925317144938,0,0,0,0,0,0,0,0,0,0,0,0,0,0,0,0,0,0,0,0,0,0,328,0,2402,69118,0,0,0,68907,0,0,0,20,328,788,0,0,0,0,209,0,0,0,0,2730,_history_tree_10_updates,2080,0,0,0,0,0,0,5133,2730,0,0,0,7863,0,0,0,0,0,2402,0,0,0,0,0,0,0
85,10018649925317144938,0,0,0,0,0,0,0,0,0,0,0,0,0,0,0,0,0,0,0,0,0,0,1020,0,7,9362,0,0,0,9348,0,0,0,19,2614,3,0,0,0,0,14,0,0,0,0,2621,_history_tree_9_removes,3103,0,0,0,0,0,0,2628,2621,0,0,0,5249,0,0,0,0,0,7,0,0,0,0,0,0,0
85,10018649925317144938,0,0,0,0,0,0,0,0,0,0,0,0,0,0,0,0,0,0,0,0,0,0,327,0,2387,68427,0,0,0,68213,0,0,0,18,327,821,0,0,0,0,214,0,0,0,0,2697,_history_tree_9_updates,2024,0,0,0,0,0,0,5102,2697,0,0,0,7799,0,0,0,0,0,2388,0,0,0,0,0,0,0
85,10018649925317144938,0,0,0,0,0,0,0,0,0,0,0,0,0,0,0,0,0,0,0,0,0,0,1073,0,4,9488,0,0,0,9473,0,0,0,17,2635,1,0,0,0,0,15,0,0,0,0,2639,_history_tree_8_removes,3099,0,0,0,0,0,0,2643,2639,0,0,0,5282,0,0,0,0,0,4,0,0,0,0,0,0,0
85,10018649925317144938,0,0,0,0,0,0,0,0,0,0,0,0,0,0,0,0,0,0,0,0,0,0,313,0,2377,68342,0,0,0,68150,0,0,0,16,313,789,0,0,0,0,191,0,0,0,0,2688,_history_tree_8_updates,2028,0,0,0,0,0,0,5065,2688,0,0,0,7752,0,0,0,0,0,2373,0,0,0,0,0,0,0
85,10018649925317144938,0,0,0,0,0,0,0,0,0,0,0,0,0,0,0,0,0,0,0,0,0,0,1058,0,5,9468,0,0,0,9454,0,0,0,15,2720,1,0,0,0,0,14,0,0,0,0,2725,_history_tree_7_removes,3167,0,0,0,0,0,0,2729,2724,0,0,0,5453,0,0,0,0,0,5,0,0,0,0,0,0,0
85,10018649925317144938,0,0,0,0,0,0,0,0,0,0,0,0,0,0,0,0,0,0,0,0,0,0,364,0,2385,68566,0,0,0,68337,0,0,0,14,364,780,0,0,0,0,228,0,0,0,0,2715,_history_tree_7_updates,2089,0,0,0,0,0,0,5131,2715,0,0,0,7846,0,0,0,0,0,2382,0,0,0,0,0,0,0
85,10018649925317144938,0,0,0,0,0,0,0,0,0,0,0,0,0,0,0,0,0,0,0,0,0,0,1004,0,7,9498,0,0,0,9476,0,0,0,13,2586,4,0,0,0,0,22,0,0,0,0,2593,_history_tree_6_removes,3081,0,0,0,0,0,0,2600,2593,0,0,0,5193,0,0,0,0,0,7,0,0,0,0,0,0,0
85,10018649925317144938,0,0,0,0,0,0,0,0,0,0,0,0,0,22414946,22983644,0,0,0,0,0,0,0,343,0,2394,68446,0,0,0,68189,0,0,0,0,343,818,0,0,0,0,254,0,0,0,0,2734,_history_tree_0_updates,2050,0,1509563,0,0,0,0,5130,2736,0,0,0,7866,0,0,0,0,0,2394,0,0,0,0,711757,0,0
85,10018649925317144938,0,0,0,0,0,0,0,0,0,0,0,0,0,0,0,0,0,0,0,0,0,0,997,0,5,9212,0,0,0,9201,0,0,0,1,2664,0,0,0,0,0,11,0,0,0,0,2669,_history_tree_0_removes,3138,0,0,0,0,0,0,2674,2669,0,0,0,5343,0,0,0,0,0,5,0,0,0,0,0,0,0
85,10018649925317144938,0,0,0,0,0,0,0,0,0,0,0,0,0,0,0,0,0,0,0,0,0,0,346,0,2404,69171,0,0,0,68931,0,0,0,2,346,821,0,0,0,0,238,0,0,0,0,2751,_history_tree_1_updates,2067,0,0,0,0,0,0,5155,2751,0,0,0,7906,0,0,0,0,0,2405,0,0,0,0,0,0,0
85,10018649925317144938,0,0,0,0,0,0,0,0,0,0,0,0,0,0,0,0,0,0,0,0,0,0,1068,0,7,9603,0,0,0,9585,0,0,0,3,2685,2,0,0,0,0,18,0,0,0,0,2692,_history_tree_1_removes,3163,0,0,0,0,0,0,2699,2692,0,0,0,5391,0,0,0,0,0,7,0,0,0,0,0,0,0
85,10018649925317144938,0,0,0,0,0,0,0,0,0,0,0,0,0,0,0,0,0,0,0,0,0,0,376,0,2410,69206,0,0,0,68978,0,0,0,4,376,835,0,0,0,0,229,0,0,0,0,2776,_history_tree_2_updates,2070,0,0,0,0,0,0,5197,2776,0,0,0,7973,0,0,0,0,0,2410,0,0,0,0,0,0,0
85,10018649925317144938,0,0,0,0,0,0,0,0,0,0,0,0,0,0,0,0,0,0,0,0,0,0,1012,0,8,9540,0,0,0,9523,0,0,0,5,2646,2,0,0,0,0,17,0,0,0,0,2654,_history_tree_2_removes,3119,0,0,0,0,0,0,2662,2654,0,0,0,5316,0,0,0,0,0,8,0,0,0,0,0,0,0
85,10018649925317144938,0,0,0,0,0,0,0,0,0,0,0,0,0,0,0,0,0,0,0,0,0,0,332,0,2399,69062,0,0,0,68827,0,0,0,6,332,819,0,0,0,0,233,0,0,0,0,2722,_history_tree_3_updates,2043,0,0,0,0,0,0,5131,2722,0,0,0,7853,0,0,0,0,0,2399,0,0,0,0,0,0,0
85,10018649925317144938,0,0,0,0,0,0,0,0,0,0,0,0,0,0,0,0,0,0,0,0,0,0,1050,0,5,9548,0,0,0,9532,0,0,0,7,2704,1,0,0,0,0,17,0,0,0,0,2710,_history_tree_3_removes,3167,0,0,0,0,0,0,2714,2709,0,0,0,5423,0,0,0,0,0,5,0,0,0,0,0,0,0
85,10018649925317144938,0,0,0,0,0,0,0,0,0,0,0,0,0,0,0,0,0,0,0,0,0,0,333,0,2350,67042,0,0,0,66835,0,0,0,8,333,756,0,0,0,0,203,0,0,0,0,2680,_history_tree_4_updates,2057,0,0,0,0,0,0,5030,2680,0,0,0,7710,0,0,0,0,0,2348,0,0,0,0,0,0,0
85,10018649925317144938,0,0,0,0,0,0,0,0,0,0,0,0,0,0,0,0,0,0,0,0,0,0,963,0,6,9041,0,0,0,9023,0,0,0,9,2707,2,0,0,0,0,19,0,0,0,0,2713,_history_tree_4_removes,3167,0,0,0,0,0,0,2719,2713,0,0,0,5432,0,0,0,0,0,6,0,0,0,0,0,0,0
85,10018649925317144938,0,0,0,0,0,0,0,0,0,0,0,0,0,0,0,0,0,0,0,0,0,0,364,0,2366,67627,0,0,0,67413,0,0,0,10,365,795,0,0,0,0,213,0,0,0,0,2706,_history_tree_5_updates,2082,0,0,0,0,0,0,5097,2706,0,0,0,7801,0,0,0,0,0,2365,0,0,0,0,0,0,0
85,10018649925317144938,0,0,0,0,0,0,0,0,0,0,0,0,0,0,0,0,0,0,0,0,0,0,937,0,10,9093,0,0,0,9067,0,0,0,11,2646,4,0,0,0,0,26,0,0,0,0,2657,_history_tree_5_removes,3113,0,0,0,0,0,0,2667,2657,0,0,0,5324,0,0,0,0,0,10,0,0,0,0,0,0,0
85,10018649925317144938,0,0,0,0,0,0,0,0,0,0,0,0,0,0,0,0,0,0,0,0,0,0,390,0,2415,69301,0,0,0,69095,0,0,0,12,390,869,0,0,0,0,204,0,0,0,0,2736,_history_tree_6_updates,2089,0,0,0,0,0,0,5219,2736,0,0,0,7955,0,0,0,0,0,2414,0,0,0,0,0,0,0
85,10018649925317144938,0,0,0,0,0,0,0,0,0,0,0,0,0,0,0,0,0,0,0,0,0,0,1027,0,7,9267,0,0,0,9254,0,0,0,29,2641,2,0,0,0,0,12,0,0,0,0,2648,_history_tree_14_removes,3073,0,0,0,0,0,0,2656,2649,0,0,0,5305,0,0,0,0,0,7,0,0,0,0,0,0,0
85,10018649925317144938,0,0,0,0,0,0,0,0,0,0,0,0,0,0,0,0,0,0,0,0,0,0,331,0,2396,68773,0,0,0,68566,0,0,0,30,331,807,0,0,0,0,207,0,0,0,0,2727,_history_tree_15_updates,2039,0,0,0,0,0,0,5123,2727,0,0,0,7850,0,0,0,0,0,2396,0,0,0,0,0,0,0
85,10018649925317144938,0,0,0,0,0,0,0,0,0,0,0,0,0,0,0,0,0,0,0,0,0,0,1053,0,4,9421,0,0,0,9397,0,0,0,31,2696,0,0,0,0,0,24,0,0,0,0,2700,_history_tree_15_removes,3156,0,0,0,0,0,0,2704,2700,0,0,0,5404,0,0,0,0,0,4,0,0,0,0,0,0,0
85,10018649925317144938,0,0,0,0,0,0,0,0,0,0,0,0,0,0,0,0,0,0,0,0,0,0,335,0,2380,68551,0,0,0,68347,0,0,0,32,335,826,0,0,0,0,203,0,0,0,0,2710,_history_tree_16_updates,1998,0,0,0,0,0,0,5094,2710,0,0,0,7804,0,0,0,0,0,2379,0,0,0,0,0,0,0
85,10018649925317144938,0,0,0,0,0,0,0,0,0,0,0,0,0,0,0,0,0,0,0,0,0,0,1115,0,4,9574,0,0,0,9554,0,0,0,33,2643,1,0,0,0,0,20,0,0,0,0,2647,_history_tree_16_removes,3085,0,0,0,0,0,0,2651,2647,0,0,0,5298,0,0,0,0,0,4,0,0,0,0,0,0,0
85,10018649925317144938,0,0,0,0,0,0,0,0,0,0,0,0,0,0,0,0,0,0,0,0,0,0,354,0,2421,149130,0,0,0,74345,0,0,0,34,10588,2778,0,0,0,0,219,0,0,0,0,6376,_history_tree_17_updates,3986,0,0,0,0,0,0,15432,12752,0,0,0,21808,0,0,0,0,0,2424,0,0,0,0,0,0,0
85,10018649925317144938,0,0,0,0,0,0,0,0,0,0,0,0,0,0,0,0,0,0,0,0,0,0,934,0,22,9812,0,0,0,9801,0,0,0,35,2447,16,0,0,0,0,11,0,0,0,0,2469,_history_tree_17_removes,2894,0,0,0,0,0,0,2491,2469,0,0,0,4960,0,0,0,0,0,22,0,0,0,0,0,0,0
85,10018649925317144938,0,0,0,0,0,0,0,0,0,0,0,0,0,0,0,0,0,0,0,0,0,0,407,0,2352,67238,0,0,0,67025,0,0,0,36,407,800,0,0,0,0,213,0,0,0,0,2734,_history_tree_18_updates,2076,0,0,0,0,0,0,5109,2734,0,0,0,7843,0,0,0,0,0,2350,0,0,0,0,0,0,0
85,10018649925317144938,0,0,0,0,0,0,0,0,0,0,0,0,0,0,0,0,0,0,0,0,0,0,972,0,5,9028,0,0,0,9010,0,0,0,37,2650,2,0,0,0,0,18,0,0,0,0,2655,_history_tree_18_removes,3104,0,0,0,0,0,0,2659,2654,0,0,0,5313,0,0,0,0,0,5,0,0,0,0,0,0,0
85,10018649925317144938,0,0,0,0,0,0,0,0,0,0,0,0,0,0,0,0,0,0,0,0,0,0,369,0,2374,68241,0,0,0,68015,0,0,0,38,369,796,0,0,0,0,223,0,0,0,0,2684,_history_tree_19_updates,2082,0,0,0,0,0,0,5119,2684,0,0,0,7803,0,0,0,0,0,2376,0,0,0,0,0,0,0
85,10018649925317144938,0,0,0,0,0,0,0,0,0,0,0,0,0,0,0,0,0,0,0,0,0,0,1037,0,5,9420,0,0,0,9408,0,0,0,39,2681,2,0,0,0,0,12,0,0,0,0,2686,_history_tree_19_removes,3147,0,0,0,0,0,0,2691,2686,0,0,0,5377,0,0,0,0,0,5,0,0,0,0,0,0,0
85,10018649925317144938,49574,0,0,0,0,0,46069,0,0,0,0,0,0,0,0,0,0,0,0,0,0,0,0,0,0,297905,0,0,0,97672,0,0,0,40,0,0,0,0,0,0,2190,0,0,95650,0,0,warehouse,0,0,0,0,0,0,0,0,0,0,0,0,0,197750,0,0,197750,0,0,0,0,0,95652,0,0,0
85,10018649925317144938,0,0,0,0,0,0,0,0,0,0,0,0,0,0,0,0,0,0,0,0,0,0,0,0,0,0,0,0,0,0,0,0,0,41,0,0,0,0,0,0,0,0,0,0,0,0,_warehouse_graveyard,0,0,0,0,0,0,0,0,0,0,0,0,0,0,0,0,0,0,0,0,0,0,0,0,0,0
85,10018649925317144938,98535,0,0,0,0,0,96094,0,0,0,0,0,0,0,0,0,0,0,0,0,0,0,0,0,0,302502,0,0,0,196796,0,0,0,42,0,0,0,0,0,0,986,0,0,194627,0,0,district,0,0,0,0,0,0,0,0,0,0,0,0,0,104665,0,0,104664,0,0,0,0,0,194623,0,0,0
85,10018649925317144938,0,0,0,0,0,0,0,0,0,0,0,0,0,0,0,0,0,0,0,0,0,0,0,0,0,0,0,0,0,0,0,0,0,43,0,0,0,0,0,0,0,0,0,0,0,0,_district_graveyard,0,0,0,0,0,0,0,0,0,0,0,0,0,0,0,0,0,0,0,0,0,0,0,0,0,0
85,10018649925317144938,63987,0,0,0,0,0,60492,0,0,0,0,0,0,0,0,0,0,0,0,0,0,0,0,0,0,800905,0,0,0,124505,0,0,0,44,0,0,0,0,0,0,5,0,0,124473,0,0,customer,0,0,0,0,0,0,0,0,0,0,0,0,0,142455,0,0,142452,0,0,0,0,0,124468,0,0,0
85,10018649925317144938,0,0,0,0,0,0,0,0,0,0,0,0,0,0,0,0,0,0,0,0,0,0,0,0,0,0,0,0,0,0,0,0,0,45,0,0,0,0,0,0,0,0,0,0,0,0,_customer_graveyard,0,0,0,0,0,0,0,0,0,0,0,0,0,0,0,0,0,0,0,0,0,0,0,0,0,0
85,10018649925317144938,0,0,0,0,0,0,0,0,0,0,0,0,0,0,0,0,0,0,0,0,0,0,0,0,0,187248,0,0,0,0,0,0,0,46,0,0,0,0,0,0,62413,0,0,0,0,0,customerwdl,0,0,0,0,0,0,0,0,0,0,0,62414,0,62414,0,0,62413,0,0,0,0,0,0,0,0,0
85,10018649925317144938,0,0,0,0,0,0,0,0,0,0,0,0,0,0,0,0,0,0,0,0,0,0,0,0,0,0,0,0,0,0,0,0,0,47,0,0,0,0,0,0,0,0,0,0,0,0,_customerwdl_graveyard,0,0,0,0,0,0,0,0,0,0,0,0,0,0,0,0,0,0,0,0,0,0,0,0,0,0
85,10018649925317144938,0,0,0,0,0,0,0,0,0,0,0,0,0,0,0,0,0,0,0,0,0,0,0,0,2250,120168,0,0,0,40056,0,0,0,48,0,0,0,0,0,0,0,0,0,0,0,0,history,0,0,0,0,0,0,0,2276,0,0,0,0,2277,0,0,0,0,0,0,0,0,0,0,0,0,0
85,10018649925317144938,0,0,0,0,0,0,0,0,0,0,0,0,0,0,0,0,0,0,0,0,0,0,0,0,0,0,0,0,0,0,0,0,0,49,0,0,0,0,0,0,0,0,0,0,0,0,_history_graveyard,0,0,0,0,0,0,0,0,0,0,0,0,0,0,0,0,0,0,0,0,0,0,0,0,0,0
85,10018649925317144938,43394,86650,0,86650,0,0,43295,0,0,0,0,0,0,0,0,0,0,0,0,0,0,0,52529,0,2102,1177462,0,0,0,275832,0,10621,0,50,24,0,0,0,0,0,116648,0,0,0,0,0,neworder,92775,10621,0,0,0,0,0,3968,3,0,0,87015,3969,97635,0,0,97636,0,1838,0,0,0,0,0,0,0
85,10018649925317144938,0,0,0,0,0,0,0,0,0,0,0,0,0,0,0,0,0,0,0,0,0,0,0,0,0,0,0,0,0,0,0,0,0,51,0,0,0,0,0,0,0,0,0,0,0,0,_neworder_graveyard,0,0,0,0,0,0,0,0,0,0,0,0,0,0,0,0,0,0,0,0,0,0,0,0,0,0
85,10018649925317144938,43632,0,0,0,0,0,43049,0,0,0,0,0,0,0,0,0,0,0,0,0,0,0,0,0,4429,844574,0,0,0,191178,0,0,0,52,0,0,0,0,0,0,0,0,0,86671,0,0,order,0,0,0,0,0,0,0,4504,0,0,0,0,4504,90334,0,0,90334,0,0,0,0,0,86664,0,0,0
85,10018649925317144938,0,0,0,0,0,0,0,0,0,0,0,0,0,0,0,0,0,0,0,0,0,0,0,0,0,0,0,0,0,0,0,0,0,53,0,0,0,0,0,0,0,0,0,0,0,0,_order_graveyard,0,0,0,0,0,0,0,0,0,0,0,0,0,0,0,0,0,0,0,0,0,0,0,0,0,0
85,10018649925317144938,0,0,0,0,0,0,0,0,0,0,0,0,0,0,0,0,3668,0,0,0,0,0,0,0,1373,315279,0,0,0,101425,1,1,0,54,0,0,0,0,0,0,3668,0,0,0,0,0,order_wdc,0,1,0,0,0,0,0,1375,0,0,0,0,1375,3669,0,0,3669,0,0,0,0,0,0,0,0,0
85,10018649925317144938,0,0,0,0,0,0,0,0,0,0,0,0,0,0,0,0,0,0,0,0,0,0,0,0,0,0,0,0,0,0,0,0,0,55,0,0,0,0,0,0,0,0,0,0,0,0,_order_wdc_graveyard,0,0,0,0,0,0,0,0,0,0,0,0,0,0,0,0,0,0,0,0,0,0,0,0,0,0
85,10018649925317144938,437428,0,0,0,0,0,427358,0,0,0,0,0,0,0,0,0,0,0,0,0,0,0,101095,0,59441,7733145,0,0,0,1920518,0,1030,0,56,0,0,0,0,0,0,12767,0,0,864812,0,0,orderline,1836462,1030,0,0,0,0,0,60351,0,0,0,12679,60354,1849231,0,0,1849244,0,0,0,0,0,864781,0,0,0
85,10018649925317144938,0,0,0,0,0,0,0,0,0,0,0,0,0,0,0,0,0,0,0,0,0,0,0,0,0,0,0,0,0,0,0,0,0,57,0,0,0,0,0,0,0,0,0,0,0,0,_orderline_graveyard,0,0,0,0,0,0,0,0,0,0,0,0,0,0,0,0,0,0,0,0,0,0,0,0,0,0
85,10018649925317144938,0,0,0,0,0,0,0,0,0,0,0,0,0,0,0,0,0,0,0,0,0,0,0,0,0,1991974,0,0,0,0,0,0,0,58,0,0,0,0,0,0,0,0,0,0,0,0,item,0,0,0,0,0,0,0,0,0,0,0,0,0,995990,0,0,995985,0,0,0,0,0,0,0,0,0
86,10018649925317144938,0,0,0,0,0,0,0,0,0,0,0,0,0,0,0,0,0,0,0,0,0,0,0,0,0,0,0,0,0,0,0,0,0,61,0,0,0,0,0,0,0,0,0,0,0,0,_stock_graveyard,0,0,0,0,0,0,0,0,0,0,0,0,0,0,0,0,0,0,0,0,0,0,0,0,0,0
86,10018649925317144938,493569,0,0,0,0,0,481277,0,0,0,0,0,0,0,0,0,0,0,0,0,0,0,0,0,0,14945694,0,0,0,975954,0,0,0,60,0,0,0,0,0,0,1129,0,0,974815,0,0,stock,0,0,0,0,0,0,0,0,0,0,0,0,0,2759359,0,0,2759359,0,0,0,0,0,974820,0,0,0
86,10018649925317144938,0,0,0,0,0,0,0,0,0,0,0,0,0,0,0,0,0,0,0,0,0,0,0,0,0,0,0,0,0,0,0,0,0,59,0,0,0,0,0,0,0,0,0,0,0,0,_item_graveyard,0,0,0,0,0,0,0,0,0,0,0,0,0,0,0,0,0,0,0,0,0,0,0,0,0,0
86,10018649925317144938,0,0,0,0,0,0,0,0,0,0,0,0,0,0,0,0,0,0,0,0,0,0,312,0,2363,67664,0,0,0,67420,0,0,0,28,312,815,0,0,0,0,244,0,0,0,0,2665,_history_tree_14_updates,1965,0,0,0,0,0,0,5040,2665,0,0,0,7705,0,0,0,0,0,2366,0,0,0,0,0,0,0
86,10018649925317144938,0,0,0,0,0,0,0,0,0,0,0,0,0,0,0,0,0,0,0,0,0,0,1000,0,6,9347,0,0,0,9330,0,0,0,27,2560,2,0,0,0,0,17,0,0,0,0,2565,_history_tree_13_removes,3027,0,0,0,0,0,0,2571,2565,0,0,0,5136,0,0,0,0,0,6,0,0,0,0,0,0,0
86,10018649925317144938,0,0,0,0,0,0,0,0,0,0,0,0,0,0,0,0,0,0,0,0,0,0,335,0,2347,67543,0,0,0,67348,0,0,0,26,335,790,0,0,0,0,194,0,0,0,0,2680,_history_tree_13_updates,2021,0,0,0,0,0,0,5031,2680,0,0,0,7711,0,0,0,0,0,2348,0,0,0,0,0,0,0
86,10018649925317144938,0,0,0,0,0,0,0,0,0,0,0,0,0,0,0,0,0,0,0,0,0,0,987,0,6,9123,0,0,0,9105,0,0,0,25,2543,2,0,0,0,0,14,0,0,0,0,2549,_history_tree_12_removes,2986,0,0,0,0,0,0,2555,2549,0,0,0,5104,0,0,0,0,0,6,0,0,0,0,0,0,0
86,10018649925317144938,0,0,0,0,0,0,0,0,0,0,0,0,0,0,0,0,0,0,0,0,0,0,348,0,2330,66938,0,0,0,66693,0,0,0,24,348,809,0,0,0,0,245,0,0,0,0,2669,_history_tree_12_updates,1993,0,0,0,0,0,0,5008,2669,0,0,0,7677,0,0,0,0,0,2330,0,0,0,0,0,0,0
86,10018649925317144938,0,0,0,0,0,0,0,0,0,0,0,0,0,0,0,0,0,0,0,0,0,0,1023,0,3,9198,0,0,0,9187,0,0,0,23,2655,1,0,0,0,0,11,0,0,0,0,2658,_history_tree_11_removes,3122,0,0,0,0,0,0,2661,2658,0,0,0,5319,0,0,0,0,0,3,0,0,0,0,0,0,0
86,10018649925317144938,0,0,0,0,0,0,0,0,0,0,0,0,0,0,0,0,0,0,0,0,0,0,324,0,2328,66879,0,0,0,66640,0,0,0,22,324,763,0,0,0,0,238,0,0,0,0,2653,_history_tree_11_updates,2021,0,0,0,0,0,0,4980,2653,0,0,0,7633,0,0,0,0,0,2329,0,0,0,0,0,0,0
86,10018649925317144938,0,0,0,0,0,0,0,0,0,0,0,0,0,0,0,0,0,0,0,0,0,0,1015,0,5,9328,0,0,0,9313,0,0,0,21,2565,0,0,0,0,0,15,0,0,0,0,2570,_history_tree_10_removes,3045,0,0,0,0,0,0,2575,2570,0,0,0,5145,0,0,0,0,0,5,0,0,0,0,0,0,0
86,10018649925317144938,0,0,0,0,0,0,0,0,0,0,0,0,0,0,0,0,0,0,0,0,0,0,345,0,2347,67510,0,0,0,67326,0,0,0,20,345,821,0,0,0,0,183,0,0,0,0,2692,_history_tree_10_updates,2004,0,0,0,0,0,0,5038,2692,0,0,0,7730,0,0,0,0,0,2347,0,0,0,0,0,0,0
86,10018649925317144938,0,0,0,0,0,0,0,0,0,0,0,0,0,0,0,0,0,0,0,0,0,0,947,0,5,8757,0,0,0,8744,0,0,0,19,2552,1,0,0,0,0,13,0,0,0,0,2557,_history_tree_9_removes,2976,0,0,0,0,0,0,2563,2558,0,0,0,5121,0,0,0,0,0,5,0,0,0,0,0,0,0
86,10018649925317144938,0,0,0,0,0,0,0,0,0,0,0,0,0,0,0,0,0,0,0,0,0,0,358,0,2331,66514,0,0,0,66289,0,0,0,18,358,798,0,0,0,0,221,0,0,0,0,2685,_history_tree_9_updates,1993,0,0,0,0,0,0,5019,2685,0,0,0,7704,0,0,0,0,0,2329,0,0,0,0,0,0,0
86,10018649925317144938,0,0,0,0,0,0,0,0,0,0,0,0,0,0,0,0,0,0,0,0,0,0,1098,0,4,9575,0,0,0,9563,0,0,0,17,2596,0,0,0,0,0,12,0,0,0,0,2600,_history_tree_8_removes,3080,0,0,0,0,0,0,2604,2600,0,0,0,5206,0,0,0,0,0,4,0,0,0,0,0,0,0
86,10018649925317144938,0,0,0,0,0,0,0,0,0,0,0,0,0,0,0,0,0,0,0,0,0,0,316,0,2361,68231,0,0,0,68017,0,0,0,16,316,806,0,0,0,0,215,0,0,0,0,2681,_history_tree_8_updates,1999,0,0,0,0,0,0,5042,2681,0,0,0,7723,0,0,0,0,0,2365,0,0,0,0,0,0,0
86,10018649925317144938,0,0,0,0,0,0,0,0,0,0,0,0,0,0,0,0,0,0,0,0,0,0,1036,0,5,9496,0,0,0,9485,0,0,0,15,2519,1,0,0,0,0,11,0,0,0,0,2524,_history_tree_7_removes,2978,0,0,0,0,0,0,2529,2524,0,0,0,5053,0,0,0,0,0,5,0,0,0,0,0,0,0
86,10018649925317144938,0,0,0,0,0,0,0,0,0,0,0,0,0,0,0,0,0,0,0,0,0,0,318,0,2383,68639,0,0,0,68421,0,0,0,14,318,840,0,0,0,0,217,0,0,0,0,2657,_history_tree_7_updates,1992,0,0,0,0,0,0,5086,2657,0,0,0,7743,0,0,0,0,0,2385,0,0,0,0,0,0,0
86,10018649925317144938,0,0,0,0,0,0,0,0,0,0,0,0,0,0,0,0,0,0,0,0,0,0,960,0,8,9109,0,0,0,9099,0,0,0,13,2552,6,0,0,0,0,10,0,0,0,0,2560,_history_tree_6_removes,2991,0,0,0,0,0,0,2568,2560,0,0,0,5128,0,0,0,0,0,8,0,0,0,0,0,0,0
86,10018649925317144938,0,0,0,0,0,0,0,0,0,0,0,0,0,22035283,22590849,0,0,0,0,0,0,0,341,0,2295,65245,0,0,0,65070,0,0,0,0,341,772,0,0,0,0,180,0,0,0,0,2621,_history_tree_0_updates,1994,0,1480563,0,0,0,0,4930,2619,0,0,0,7549,0,0,0,0,0,2294,0,0,0,0,702968,0,0
86,10018649925317144938,0,0,0,0,0,0,0,0,0,0,0,0,0,0,0,0,0,0,0,0,0,0,918,0,5,8540,0,0,0,8523,0,0,0,1,2570,1,0,0,0,0,17,0,0,0,0,2575,_history_tree_0_removes,3001,0,0,0,0,0,0,2580,2575,0,0,0,5155,0,0,0,0,0,5,0,0,0,0,0,0,0
86,10018649925317144938,0,0,0,0,0,0,0,0,0,0,0,0,0,0,0,0,0,0,0,0,0,0,401,0,2328,66754,0,0,0,66539,0,0,0,2,401,858,0,0,0,0,207,0,0,0,0,2689,_history_tree_1_updates,2001,0,0,0,0,0,0,5056,2689,0,0,0,7745,0,0,0,0,0,2327,0,0,0,0,0,0,0
86,10018649925317144938,0,0,0,0,0,0,0,0,0,0,0,0,0,0,0,0,0,0,0,0,0,0,992,0,6,9161,0,0,0,9152,0,0,0,3,2525,1,0,0,0,0,9,0,0,0,0,2531,_history_tree_1_removes,2992,0,0,0,0,0,0,2537,2531,0,0,0,5068,0,0,0,0,0,6,0,0,0,0,0,0,0
86,10018649925317144938,0,0,0,0,0,0,0,0,0,0,0,0,0,0,0,0,0,0,0,0,0,0,340,0,2328,66961,0,0,0,66721,0,0,0,4,340,818,0,0,0,0,239,0,0,0,0,2643,_history_tree_2_updates,1968,0,0,0,0,0,0,4995,2643,0,0,0,7638,0,0,0,0,0,2328,0,0,0,0,0,0,0
86,10018649925317144938,0,0,0,0,0,0,0,0,0,0,0,0,0,0,0,0,0,0,0,0,0,0,1032,0,10,9336,0,0,0,9322,0,0,0,5,2543,4,0,0,0,0,14,0,0,0,0,2553,_history_tree_2_removes,2998,0,0,0,0,0,0,2563,2553,0,0,0,5116,0,0,0,0,0,10,0,0,0,0,0,0,0
86,10018649925317144938,0,0,0,0,0,0,0,0,0,0,0,0,0,0,0,0,0,0,0,0,0,0,344,0,2321,66784,0,0,0,66553,0,0,0,6,344,758,0,0,0,0,230,0,0,0,0,2665,_history_tree_3_updates,2030,0,0,0,0,0,0,4985,2665,0,0,0,7650,0,0,0,0,0,2322,0,0,0,0,0,0,0
86,10018649925317144938,0,0,0,0,0,0,0,0,0,0,0,0,0,0,0,0,0,0,0,0,0,0,1023,0,4,9212,0,0,0,9190,0,0,0,7,2619,1,0,0,0,0,21,0,0,0,0,2622,_history_tree_3_removes,3073,0,0,0,0,0,0,2626,2622,0,0,0,5248,0,0,0,0,0,4,0,0,0,0,0,0,0
86,10018649925317144938,0,0,0,0,0,0,0,0,0,0,0,0,0,0,0,0,0,0,0,0,0,0,336,0,2354,67584,0,0,0,67337,0,0,0,8,336,813,0,0,0,0,246,0,0,0,0,2688,_history_tree_4_updates,2024,0,0,0,0,0,0,5045,2688,0,0,0,7733,0,0,0,0,0,2355,0,0,0,0,0,0,0
86,10018649925317144938,0,0,0,0,0,0,0,0,0,0,0,0,0,0,0,0,0,0,0,0,0,0,971,0,7,9236,0,0,0,9223,0,0,0,9,2588,1,0,0,0,0,12,0,0,0,0,2595,_history_tree_4_removes,3058,0,0,0,0,0,0,2602,2595,0,0,0,5197,0,0,0,0,0,7,0,0,0,0,0,0,0
86,10018649925317144938,0,0,0,0,0,0,0,0,0,0,0,0,0,0,0,0,0,0,0,0,0,0,310,0,2343,67058,0,0,0,66865,0,0,0,10,310,774,0,0,0,0,193,0,0,0,0,2652,_history_tree_5_updates,1998,0,0,0,0,0,0,4997,2652,0,0,0,7649,0,0,0,0,0,2344,0,0,0,0,0,0,0
86,10018649925317144938,0,0,0,0,0,0,0,0,0,0,0,0,0,0,0,0,0,0,0,0,0,0,1006,0,5,9047,0,0,0,9036,0,0,0,11,2623,1,0,0,0,0,11,0,0,0,0,2627,_history_tree_5_removes,3075,0,0,0,0,0,0,2632,2627,0,0,0,5259,0,0,0,0,0,5,0,0,0,0,0,0,0
86,10018649925317144938,0,0,0,0,0,0,0,0,0,0,0,0,0,0,0,0,0,0,0,0,0,0,367,0,2305,66183,0,0,0,65950,0,0,0,12,367,800,0,0,0,0,231,0,0,0,0,2578,_history_tree_6_updates,1979,0,0,0,0,0,0,4975,2578,0,0,0,7553,0,0,0,0,0,2303,0,0,0,0,0,0,0
86,10018649925317144938,0,0,0,0,0,0,0,0,0,0,0,0,0,0,0,0,0,0,0,0,0,0,1009,0,7,9191,0,0,0,9187,0,0,0,29,2615,2,0,0,0,0,4,0,0,0,0,2622,_history_tree_14_removes,3037,0,0,0,0,0,0,2628,2621,0,0,0,5249,0,0,0,0,0,7,0,0,0,0,0,0,0
86,10018649925317144938,0,0,0,0,0,0,0,0,0,0,0,0,0,0,0,0,0,0,0,0,0,0,324,0,2302,65806,0,0,0,65611,0,0,0,30,324,777,0,0,0,0,195,0,0,0,0,2610,_history_tree_15_updates,1971,0,0,0,0,0,0,4928,2611,0,0,0,7539,0,0,0,0,0,2302,0,0,0,0,0,0,0
86,10018649925317144938,0,0,0,0,0,0,0,0,0,0,0,0,0,0,0,0,0,0,0,0,0,0,926,0,4,8831,0,0,0,8813,0,0,0,31,2544,1,0,0,0,0,18,0,0,0,0,2548,_history_tree_15_removes,2984,0,0,0,0,0,0,2553,2549,0,0,0,5102,0,0,0,0,0,4,0,0,0,0,0,0,0
86,10018649925317144938,0,0,0,0,0,0,0,0,0,0,0,0,0,0,0,0,0,0,0,0,0,0,310,0,2373,68418,0,0,0,68220,0,0,0,32,310,825,0,0,0,0,198,0,0,0,0,2680,_history_tree_16_updates,1987,0,0,0,0,0,0,5060,2680,0,0,0,7740,0,0,0,0,0,2375,0,0,0,0,0,0,0
86,10018649925317144938,0,0,0,0,0,0,0,0,0,0,0,0,0,0,0,0,0,0,0,0,0,0,1040,0,8,9557,0,0,0,9540,0,0,0,33,2586,1,0,0,0,0,17,0,0,0,0,2594,_history_tree_16_removes,3052,0,0,0,0,0,0,2602,2594,0,0,0,5196,0,0,0,0,0,8,0,0,0,0,0,0,0
86,10018649925317144938,0,0,0,0,0,0,0,0,0,0,0,0,0,0,0,0,0,0,0,0,0,0,380,0,2353,143368,0,0,0,71514,0,0,0,34,10484,2730,0,0,0,0,172,0,0,0,0,6287,_history_tree_17_updates,3959,0,0,0,0,0,0,15194,12575,1,0,0,21482,0,0,0,0,0,2353,0,0,0,0,0,0,0
86,10018649925317144938,0,0,0,0,0,0,0,0,0,0,0,0,0,0,0,0,0,0,0,0,0,0,805,0,20,9019,0,0,0,9006,0,0,0,35,2441,14,0,0,0,0,13,0,0,0,0,2461,_history_tree_17_removes,2889,0,0,0,0,0,0,2481,2461,0,0,0,4942,0,0,0,0,0,20,0,0,0,0,0,0,0
86,10018649925317144938,0,0,0,0,0,0,0,0,0,0,0,0,0,0,0,0,0,0,0,0,0,0,334,0,2368,68188,0,0,0,67957,0,0,0,36,334,827,0,0,0,0,229,0,0,0,0,2681,_history_tree_18_updates,1998,0,0,0,0,0,0,5074,2681,0,0,0,7755,0,0,0,0,0,2371,0,0,0,0,0,0,0
86,10018649925317144938,0,0,0,0,0,0,0,0,0,0,0,0,0,0,0,0,0,0,0,0,0,0,1043,0,9,9443,0,0,0,9430,0,0,0,37,2579,4,0,0,0,0,13,0,0,0,0,2588,_history_tree_18_removes,3040,0,0,0,0,0,0,2597,2588,0,0,0,5185,0,0,0,0,0,9,0,0,0,0,0,0,0
86,10018649925317144938,0,0,0,0,0,0,0,0,0,0,0,0,0,0,0,0,0,0,0,0,0,0,343,0,2371,67806,0,0,0,67610,0,0,0,38,343,801,0,0,0,0,196,0,0,0,0,2655,_history_tree_19_updates,2039,0,0,0,0,0,0,5083,2655,0,0,0,7738,0,0,0,0,0,2369,0,0,0,0,0,0,0
86,10018649925317144938,0,0,0,0,0,0,0,0,0,0,0,0,0,0,0,0,0,0,0,0,0,0,953,0,9,9122,0,0,0,9115,0,0,0,39,2568,5,0,0,0,0,7,0,0,0,0,2578,_history_tree_19_removes,3007,0,0,0,0,0,0,2587,2578,0,0,0,5165,0,0,0,0,0,9,0,0,0,0,0,0,0
86,10018649925317144938,48823,0,0,0,0,0,45224,0,0,0,0,0,0,0,0,0,0,0,0,0,0,0,0,0,0,292569,0,0,0,96072,0,0,0,40,0,0,0,0,0,0,2122,0,0,94046,0,0,warehouse,0,0,0,0,0,0,0,0,0,0,0,0,0,194039,0,0,194039,0,0,0,0,0,94047,0,0,0
86,10018649925317144938,0,0,0,0,0,0,0,0,0,0,0,0,0,0,0,0,0,0,0,0,0,0,0,0,0,0,0,0,0,0,0,0,0,41,0,0,0,0,0,0,0,0,0,0,0,0,_warehouse_graveyard,0,0,0,0,0,0,0,0,0,0,0,0,0,0,0,0,0,0,0,0,0,0,0,0,0,0
86,10018649925317144938,96225,0,0,0,0,0,94645,0,0,0,0,0,0,0,0,0,0,0,0,0,0,0,0,0,1,297135,0,0,0,193102,0,0,0,42,0,0,0,0,0,0,1012,0,0,190866,0,0,district,0,0,0,0,0,0,0,1,0,0,0,0,1,102966,0,0,102966,1,0,0,0,0,190866,0,0,0
86,10018649925317144938,0,0,0,0,0,0,0,0,0,0,0,0,0,0,0,0,0,0,0,0,0,0,0,0,0,0,0,0,0,0,0,0,0,43,0,0,0,0,0,0,0,0,0,0,0,0,_district_graveyard,0,0,0,0,0,0,0,0,0,0,0,0,0,0,0,0,0,0,0,0,0,0,0,0,0,0
86,10018649925317144938,62839,0,0,0,0,0,59658,0,0,0,0,0,0,0,0,0,0,0,0,0,0,0,0,0,0,786783,0,0,0,122510,0,0,0,44,0,0,0,0,0,0,5,0,0,122497,0,0,customer,0,0,0,0,0,0,0,0,0,0,0,0,0,139741,0,0,139742,0,0,0,0,0,122500,0,0,0
86,10018649925317144938,0,0,0,0,0,0,0,0,0,0,0,0,0,0,0,0,0,0,0,0,0,0,0,0,0,0,0,0,0,0,0,0,0,45,0,0,0,0,0,0,0,0,0,0,0,0,_customer_graveyard,0,0,0,0,0,0,0,0,0,0,0,0,0,0,0,0,0,0,0,0,0,0,0,0,0,0
86,10018649925317144938,0,0,0,0,0,0,0,0,0,0,0,0,0,0,0,0,0,0,0,0,0,0,0,0,0,183207,0,0,0,0,0,0,0,46,0,0,0,0,0,0,61071,0,0,0,0,0,customerwdl,0,0,0,0,0,0,0,0,0,0,0,61070,0,61070,0,0,61070,0,0,0,0,0,0,0,0,0
86,10018649925317144938,0,0,0,0,0,0,0,0,0,0,0,0,0,0,0,0,0,0,0,0,0,0,0,0,0,0,0,0,0,0,0,0,0,47,0,0,0,0,0,0,0,0,0,0,0,0,_customerwdl_graveyard,0,0,0,0,0,0,0,0,0,0,0,0,0,0,0,0,0,0,0,0,0,0,0,0,0,0
86,10018649925317144938,0,0,0,0,0,0,0,0,0,0,0,0,0,0,0,0,0,0,0,0,0,0,0,0,2219,118530,0,0,0,39510,0,0,0,48,0,0,0,0,0,0,0,0,0,0,0,0,history,0,0,0,0,0,0,0,2247,0,0,0,0,2246,0,0,0,0,0,0,0,0,0,0,0,0,0
86,10018649925317144938,0,0,0,0,0,0,0,0,0,0,0,0,0,0,0,0,0,0,0,0,0,0,0,0,0,0,0,0,0,0,0,0,0,49,0,0,0,0,0,0,0,0,0,0,0,0,_history_graveyard,0,0,0,0,0,0,0,0,0,0,0,0,0,0,0,0,0,0,0,0,0,0,0,0,0,0
86,10018649925317144938,42638,85180,0,85180,0,0,42547,0,0,0,0,0,0,0,0,0,0,0,0,0,0,0,50890,0,2072,1155801,0,0,0,270638,0,10477,0,50,16,0,0,0,0,0,114614,0,0,0,0,0,neworder,90518,10477,0,0,0,0,0,3867,5,0,0,85447,3867,95923,0,0,95922,0,1780,0,0,0,0,0,0,0
86,10018649925317144938,0,0,0,0,0,0,0,0,0,0,0,0,0,0,0,0,0,0,0,0,0,0,0,0,0,0,0,0,0,0,0,0,0,51,0,0,0,0,0,0,0,0,0,0,0,0,_neworder_graveyard,0,0,0,0,0,0,0,0,0,0,0,0,0,0,0,0,0,0,0,0,0,0,0,0,0,0
86,10018649925317144938,43089,0,0,0,0,0,42091,0,0,0,0,0,0,0,0,0,0,0,0,0,0,0,0,0,4257,828288,0,0,0,187380,0,0,0,52,0,0,0,0,0,0,0,0,0,85179,0,0,order,0,0,0,0,0,0,0,4274,0,0,0,0,4274,88715,0,0,88715,0,0,0,0,0,85179,0,0,0
86,10018649925317144938,0,0,0,0,0,0,0,0,0,0,0,0,0,0,0,0,0,0,0,0,0,0,0,0,0,0,0,0,0,0,0,0,0,53,0,0,0,0,0,0,0,0,0,0,0,0,_order_graveyard,0,0,0,0,0,0,0,0,0,0,0,0,0,0,0,0,0,0,0,0,0,0,0,0,0,0
86,10018649925317144938,0,0,0,0,0,0,0,0,0,0,0,0,0,0,0,0,3536,0,0,0,0,0,0,0,1393,308562,0,0,0,99318,0,0,0,54,0,0,0,0,0,0,3536,0,0,0,0,0,order_wdc,0,0,0,0,0,0,0,1398,0,0,0,0,1397,3536,0,0,3536,0,0,0,0,0,0,0,0,0
86,10018649925317144938,0,0,0,0,0,0,0,0,0,0,0,0,0,0,0,0,0,0,0,0,0,0,0,0,0,0,0,0,0,0,0,0,0,55,0,0,0,0,0,0,0,0,0,0,0,0,_order_wdc_graveyard,0,0,0,0,0,0,0,0,0,0,0,0,0,0,0,0,0,0,0,0,0,0,0,0,0,0
86,10018649925317144938,430782,0,0,0,0,0,420942,0,0,0,0,0,0,0,0,0,0,0,0,0,0,0,100196,0,58132,7587857,0,0,0,1884412,0,871,0,56,0,0,0,0,0,0,12545,0,0,851660,0,0,orderline,1821123,871,0,0,0,0,0,58951,0,0,0,12471,58948,1833497,0,0,1833500,0,0,0,0,0,851659,0,0,0
86,10018649925317144938,0,0,0,0,0,0,0,0,0,0,0,0,0,0,0,0,0,0,0,0,0,0,0,0,0,0,0,0,0,0,0,0,0,57,0,0,0,0,0,0,0,0,0,0,0,0,_orderline_graveyard,0,0,0,0,0,0,0,0,0,0,0,0,0,0,0,0,0,0,0,0,0,0,0,0,0,0
86,10018649925317144938,0,0,0,0,0,0,0,0,0,0,0,0,0,0,0,0,0,0,0,0,0,0,0,0,0,1949053,0,0,0,0,0,0,0,58,0,0,0,0,0,0,0,0,0,0,0,0,item,0,0,0,0,0,0,0,0,0,0,0,0,0,974497,0,0,974501,0,0,0,0,0,0,0,0,0
87,10018649925317144938,0,0,0,0,0,0,0,0,0,0,0,0,0,0,0,0,0,0,0,0,0,0,0,0,0,0,0,0,0,0,0,0,0,61,0,0,0,0,0,0,0,0,0,0,0,0,_stock_graveyard,0,0,0,0,0,0,0,0,0,0,0,0,0,0,0,0,0,0,0,0,0,0,0,0,0,0
87,10018649925317144938,503280,0,0,0,0,0,491326,0,0,0,0,0,0,0,0,0,0,0,0,0,0,0,0,0,0,15165649,0,0,0,995516,0,0,0,60,0,0,0,0,0,0,1094,0,0,994641,0,0,stock,0,0,0,0,0,0,0,0,0,0,0,0,0,2794912,0,0,2794900,0,0,0,0,0,994630,0,0,0
87,10018649925317144938,0,0,0,0,0,0,0,0,0,0,0,0,0,0,0,0,0,0,0,0,0,0,0,0,0,0,0,0,0,0,0,0,0,59,0,0,0,0,0,0,0,0,0,0,0,0,_item_graveyard,0,0,0,0,0,0,0,0,0,0,0,0,0,0,0,0,0,0,0,0,0,0,0,0,0,0
87,10018649925317144938,0,0,0,0,0,0,0,0,0,0,0,0,0,0,0,0,0,0,0,0,0,0,315,0,2371,68214,0,0,0,68016,0,0,0,28,315,824,0,0,0,0,201,0,0,0,0,2684,_history_tree_14_updates,1981,0,0,0,0,0,0,5059,2684,0,0,0,7743,0,0,0,0,0,2371,0,0,0,0,0,0,0
87,10018649925317144938,0,0,0,0,0,0,0,0,0,0,0,0,0,0,0,0,0,0,0,0,0,0,1068,0,7,9518,0,0,0,9503,0,0,0,27,2548,4,0,0,0,0,15,0,0,0,0,2555,_history_tree_13_removes,3027,0,0,0,0,0,0,2562,2555,0,0,0,5117,0,0,0,0,0,7,0,0,0,0,0,0,0
87,10018649925317144938,0,0,0,0,0,0,0,0,0,0,0,0,0,0,0,0,0,0,0,0,0,0,291,0,2400,69062,0,0,0,68873,0,0,0,26,291,861,0,0,0,0,189,0,0,0,0,2638,_history_tree_13_updates,1955,0,0,0,0,0,0,5090,2638,0,0,0,7728,0,0,0,0,0,2399,0,0,0,0,0,0,0
87,10018649925317144938,0,0,0,0,0,0,0,0,0,0,0,0,0,0,0,0,0,0,0,0,0,0,943,0,7,8937,0,0,0,8931,0,0,0,25,2577,4,0,0,0,0,6,0,0,0,0,2584,_history_tree_12_removes,3031,0,0,0,0,0,0,2591,2584,0,0,0,5175,0,0,0,0,0,7,0,0,0,0,0,0,0
87,10018649925317144938,0,0,0,0,0,0,0,0,0,0,0,0,0,0,0,0,0,0,0,0,0,0,380,0,2379,67804,0,0,0,67593,0,0,0,24,380,856,0,0,0,0,210,0,0,0,0,2717,_history_tree_12_updates,2030,0,0,0,0,0,0,5139,2717,0,0,0,7856,0,0,0,0,0,2380,0,0,0,0,0,0,0
87,10018649925317144938,0,0,0,0,0,0,0,0,0,0,0,0,0,0,0,0,0,0,0,0,0,0,992,0,7,9165,0,0,0,9148,0,0,0,23,2573,3,0,0,0,0,17,0,0,0,0,2580,_history_tree_11_removes,3013,0,0,0,0,0,0,2587,2580,0,0,0,5167,0,0,0,0,0,7,0,0,0,0,0,0,0
87,10018649925317144938,0,0,0,0,0,0,0,0,0,0,0,0,0,0,0,0,0,0,0,0,0,0,309,0,2386,68251,0,0,0,68038,0,0,0,22,309,840,0,0,0,0,215,0,0,0,0,2643,_history_tree_11_updates,1977,0,0,0,0,0,0,5081,2643,0,0,0,7724,0,0,0,0,0,2385,0,0,0,0,0,0,0
87,10018649925317144938,0,0,0,0,0,0,0,0,0,0,0,0,0,0,0,0,0,0,0,0,0,0,948,0,11,9190,0,0,0,9174,0,0,0,21,2517,5,0,0,0,0,16,0,0,0,0,2528,_history_tree_10_removes,2962,0,0,0,0,0,0,2539,2528,0,0,0,5067,0,0,0,0,0,11,0,0,0,0,0,0,0
87,10018649925317144938,0,0,0,0,0,0,0,0,0,0,0,0,0,0,0,0,0,0,0,0,0,0,376,0,2377,68033,0,0,0,67838,0,0,0,20,376,884,0,0,0,0,196,0,0,0,0,2695,_history_tree_10_updates,1999,0,0,0,0,0,0,5128,2695,0,0,0,7823,0,0,0,0,0,2375,0,0,0,0,0,0,0
87,10018649925317144938,0,0,0,0,0,0,0,0,0,0,0,0,0,0,0,0,0,0,0,0,0,0,1029,0,8,9477,0,0,0,9466,0,0,0,19,2619,3,0,0,0,0,11,0,0,0,0,2627,_history_tree_9_removes,3072,0,0,0,0,0,0,2634,2626,0,0,0,5260,0,0,0,0,0,8,0,0,0,0,0,0,0
87,10018649925317144938,0,0,0,0,0,0,0,0,0,0,0,0,0,0,0,0,0,0,0,0,0,0,364,0,2401,69001,0,0,0,68776,0,0,0,18,364,847,0,0,0,0,224,0,0,0,0,2715,_history_tree_9_updates,2031,0,0,0,0,0,0,5165,2715,0,0,0,7880,0,0,0,0,0,2401,0,0,0,0,0,0,0
87,10018649925317144938,0,0,0,0,0,0,0,0,0,0,0,0,0,0,0,0,0,0,0,0,0,0,1044,0,7,9478,0,0,0,9463,0,0,0,17,2581,2,0,0,0,0,15,0,0,0,0,2588,_history_tree_8_removes,3053,0,0,0,0,0,0,2595,2588,0,0,0,5183,0,0,0,0,0,7,0,0,0,0,0,0,0
87,10018649925317144938,0,0,0,0,0,0,0,0,0,0,0,0,0,0,0,0,0,0,0,0,0,0,311,0,2395,68892,0,0,0,68668,0,0,0,16,311,847,0,0,0,0,221,0,0,0,0,2681,_history_tree_8_updates,1983,0,0,0,0,0,0,5101,2681,0,0,0,7782,0,0,0,0,0,2395,0,0,0,0,0,0,0
87,10018649925317144938,0,0,0,0,0,0,0,0,0,0,0,0,0,0,0,0,0,0,0,0,0,0,1008,0,5,9222,0,0,0,9210,0,0,0,15,2606,1,0,0,0,0,12,0,0,0,0,2611,_history_tree_7_removes,3045,0,0,0,0,0,0,2616,2611,0,0,0,5227,0,0,0,0,0,5,0,0,0,0,0,0,0
87,10018649925317144938,0,0,0,0,0,0,0,0,0,0,0,0,0,0,0,0,0,0,0,0,0,0,333,0,2351,67540,0,0,0,67328,0,0,0,14,333,798,0,0,0,0,212,0,0,0,0,2670,_history_tree_7_updates,2006,0,0,0,0,0,0,5034,2670,0,0,0,7704,0,0,0,0,0,2350,0,0,0,0,0,0,0
87,10018649925317144938,0,0,0,0,0,0,0,0,0,0,0,0,0,0,0,0,0,0,0,0,0,0,1072,0,11,9934,0,0,0,9921,0,0,0,13,2561,7,0,0,0,0,13,0,0,0,0,2572,_history_tree_6_removes,3044,0,0,0,0,0,0,2583,2572,0,0,0,5155,0,0,0,0,0,11,0,0,0,0,0,0,0
87,10018649925317144938,0,0,0,0,0,0,0,0,0,0,0,0,0,22442395,23018643,0,0,0,0,0,0,0,329,0,2435,70293,0,0,0,70106,0,0,0,0,329,937,0,0,0,0,184,0,0,0,0,2692,_history_tree_0_updates,1957,0,1511287,0,0,0,0,5202,2692,0,0,0,7894,0,0,0,0,0,2436,0,0,0,0,716702,0,0
87,10018649925317144938,0,0,0,0,0,0,0,0,0,0,0,0,0,0,0,0,0,0,0,0,0,0,977,0,12,9841,0,0,0,9825,0,0,0,1,2500,5,0,0,0,0,16,0,0,0,0,2512,_history_tree_0_removes,2954,0,0,0,0,0,0,2524,2512,0,0,0,5036,0,0,0,0,0,12,0,0,0,0,0,0,0
87,10018649925317144938,0,0,0,0,0,0,0,0,0,0,0,0,0,0,0,0,0,0,0,0,0,0,340,0,2400,68900,0,0,0,68662,0,0,0,2,340,875,0,0,0,0,238,0,0,0,0,2682,_history_tree_1_updates,1990,0,0,0,0,0,0,5138,2682,0,0,0,7820,0,0,0,0,0,2398,0,0,0,0,0,0,0
87,10018649925317144938,0,0,0,0,0,0,0,0,0,0,0,0,0,0,0,0,0,0,0,0,0,0,1008,0,9,9458,0,0,0,9440,0,0,0,3,2579,5,0,0,0,0,18,0,0,0,0,2588,_history_tree_1_removes,3041,0,0,0,0,0,0,2597,2588,0,0,0,5185,0,0,0,0,0,9,0,0,0,0,0,0,0
87,10018649925317144938,0,0,0,0,0,0,0,0,0,0,0,0,0,0,0,0,0,0,0,0,0,0,325,0,2413,68985,0,0,0,68777,0,0,0,4,325,860,0,0,0,0,207,0,0,0,0,2670,_history_tree_2_updates,2011,0,0,0,0,0,0,5152,2670,0,0,0,7822,0,0,0,0,0,2414,0,0,0,0,0,0,0
87,10018649925317144938,0,0,0,0,0,0,0,0,0,0,0,0,0,0,0,0,0,0,0,0,0,0,1010,0,9,9363,0,0,0,9351,0,0,0,5,2650,5,0,0,0,0,12,0,0,0,0,2659,_history_tree_2_removes,3107,0,0,0,0,0,0,2668,2659,0,0,0,5327,0,0,0,0,0,9,0,0,0,0,0,0,0
87,10018649925317144938,0,0,0,0,0,0,0,0,0,0,0,0,0,0,0,0,0,0,0,0,0,0,352,0,2395,68410,0,0,0,68180,0,0,0,6,352,873,0,0,0,0,229,0,0,0,0,2644,_history_tree_3_updates,2003,0,0,0,0,0,0,5142,2644,0,0,0,7786,0,0,0,0,0,2394,0,0,0,0,0,0,0
87,10018649925317144938,0,0,0,0,0,0,0,0,0,0,0,0,0,0,0,0,0,0,0,0,0,0,953,0,10,9138,0,0,0,9124,0,0,0,7,2553,5,0,0,0,0,14,0,0,0,0,2563,_history_tree_3_removes,3015,0,0,0,0,0,0,2573,2563,0,0,0,5136,0,0,0,0,0,10,0,0,0,0,0,0,0
87,10018649925317144938,0,0,0,0,0,0,0,0,0,0,0,0,0,0,0,0,0,0,0,0,0,0,312,0,2349,66725,0,0,0,66469,0,0,0,8,312,814,0,0,0,0,253,0,0,0,0,2622,_history_tree_4_updates,1985,0,0,0,0,0,0,5009,2622,0,0,0,7631,0,0,0,0,0,2348,0,0,0,0,0,0,0
87,10018649925317144938,0,0,0,0,0,0,0,0,0,0,0,0,0,0,0,0,0,0,0,0,0,0,898,0,7,8675,0,0,0,8661,0,0,0,9,2601,1,0,0,0,0,14,0,0,0,0,2608,_history_tree_4_removes,3055,0,0,0,0,0,0,2616,2609,0,0,0,5225,0,0,0,0,0,7,0,0,0,0,0,0,0
87,10018649925317144938,0,0,0,0,0,0,0,0,0,0,0,0,0,0,0,0,0,0,0,0,0,0,325,0,2409,69224,0,0,0,68994,0,0,0,10,325,851,0,0,0,0,230,0,0,0,0,2697,_history_tree_5_updates,2023,0,0,0,0,0,0,5142,2697,0,0,0,7839,0,0,0,0,0,2408,0,0,0,0,0,0,0
87,10018649925317144938,0,0,0,0,0,0,0,0,0,0,0,0,0,0,0,0,0,0,0,0,0,0,1021,0,8,9586,0,0,0,9574,0,0,0,11,2594,4,0,0,0,0,12,0,0,0,0,2602,_history_tree_5_removes,3048,0,0,0,0,0,0,2610,2602,0,0,0,5212,0,0,0,0,0,8,0,0,0,0,0,0,0
87,10018649925317144938,0,0,0,0,0,0,0,0,0,0,0,0,0,0,0,0,0,0,0,0,0,0,340,0,2475,71259,0,0,0,71053,0,0,0,12,340,956,0,0,0,0,206,0,0,0,0,2665,_history_tree_6_updates,2002,0,0,0,0,0,0,5289,2665,0,0,0,7954,0,0,0,0,0,2474,0,0,0,0,0,0,0
87,10018649925317144938,0,0,0,0,0,0,0,0,0,0,0,0,0,0,0,0,0,0,0,0,0,0,1061,0,5,9425,0,0,0,9411,0,0,0,29,2560,1,0,0,0,0,14,0,0,0,0,2565,_history_tree_14_removes,3031,0,0,0,0,0,0,2570,2565,0,0,0,5135,0,0,0,0,0,5,0,0,0,0,0,0,0
87,10018649925317144938,0,0,0,0,0,0,0,0,0,0,0,0,0,0,0,0,0,0,0,0,0,0,316,0,2411,68917,0,0,0,68703,0,0,0,30,316,877,0,0,0,0,214,0,0,0,0,2693,_history_tree_15_updates,1978,0,0,0,0,0,0,5137,2692,0,0,0,7829,0,0,0,0,0,2410,0,0,0,0,0,0,0
87,10018649925317144938,0,0,0,0,0,0,0,0,0,0,0,0,0,0,0,0,0,0,0,0,0,0,1025,0,8,9336,0,0,0,9320,0,0,0,31,2570,3,0,0,0,0,16,0,0,0,0,2578,_history_tree_15_removes,3034,0,0,0,0,0,0,2586,2578,0,0,0,5164,0,0,0,0,0,8,0,0,0,0,0,0,0
87,10018649925317144938,0,0,0,0,0,0,0,0,0,0,0,0,0,0,0,0,0,0,0,0,0,0,345,0,2363,67493,0,0,0,67292,0,0,0,32,345,830,0,0,0,0,200,0,0,0,0,2697,_history_tree_16_updates,1992,0,0,0,0,0,0,5068,2697,0,0,0,7765,0,0,0,0,0,2362,0,0,0,0,0,0,0
87,10018649925317144938,0,0,0,0,0,0,0,0,0,0,0,0,0,0,0,0,0,0,0,0,0,0,1002,0,6,9094,0,0,0,9079,0,0,0,33,2598,0,0,0,0,0,15,0,0,0,0,2604,_history_tree_16_removes,3041,0,0,0,0,0,0,2610,2604,0,0,0,5214,0,0,0,0,0,6,0,0,0,0,0,0,0
87,10018649925317144938,0,0,0,0,0,0,0,0,0,0,0,0,0,0,0,0,0,0,0,0,0,0,327,0,2356,143834,0,0,0,71692,0,0,0,34,10424,2680,0,0,0,0,222,0,0,0,0,6255,_history_tree_17_updates,3971,0,0,0,0,0,0,15132,12510,0,0,0,21387,0,0,0,0,0,2353,0,0,0,0,0,0,0
87,10018649925317144938,0,0,0,0,0,0,0,0,0,0,0,0,0,0,0,0,0,0,0,0,0,0,860,0,19,9091,0,0,0,9072,0,0,0,35,2460,11,0,0,0,0,21,0,0,0,0,2479,_history_tree_17_removes,2887,0,0,0,0,0,0,2498,2479,0,0,0,4977,0,0,0,0,0,19,0,0,0,0,0,0,0
87,10018649925317144938,0,0,0,0,0,0,0,0,0,0,0,0,0,0,0,0,0,0,0,0,0,0,334,0,2396,69242,0,0,0,69008,0,0,0,36,334,892,0,0,0,0,232,0,0,0,0,2723,_history_tree_18_updates,1964,0,0,0,0,0,0,5124,2723,0,0,0,7847,0,0,0,0,0,2395,0,0,0,0,0,0,0
87,10018649925317144938,0,0,0,0,0,0,0,0,0,0,0,0,0,0,0,0,0,0,0,0,0,0,1065,0,6,9718,0,0,0,9704,0,0,0,37,2520,1,0,0,0,0,14,0,0,0,0,2526,_history_tree_18_removes,2989,0,0,0,0,0,0,2532,2526,0,0,0,5058,0,0,0,0,0,6,0,0,0,0,0,0,0
87,10018649925317144938,0,0,0,0,0,0,0,0,0,0,0,0,0,0,0,0,0,0,0,0,0,0,299,0,2331,66792,0,0,0,66604,0,0,0,38,299,762,0,0,0,0,188,0,0,0,0,2588,_history_tree_19_updates,1970,0,0,0,0,0,0,4963,2588,0,0,0,7551,0,0,0,0,0,2333,0,0,0,0,0,0,0
87,10018649925317144938,0,0,0,0,0,0,0,0,0,0,0,0,0,0,0,0,0,0,0,0,0,0,1023,0,6,9182,0,0,0,9164,0,0,0,39,2652,4,0,0,0,0,18,0,0,0,0,2657,_history_tree_19_removes,3075,0,0,0,0,0,0,2663,2657,0,0,0,5320,0,0,0,0,0,6,0,0,0,0,0,0,0
87,10018649925317144938,49665,0,0,0,0,0,46015,0,0,0,0,0,0,0,0,0,0,0,0,0,0,0,0,0,0,297839,0,0,0,97761,0,0,0,40,0,0,0,0,0,0,2165,0,0,95676,0,0,warehouse,0,0,0,0,0,0,0,0,0,0,0,0,0,197574,0,0,197575,0,0,0,0,0,95673,0,0,0
87,10018649925317144938,0,0,0,0,0,0,0,0,0,0,0,0,0,0,0,0,0,0,0,0,0,0,0,0,0,0,0,0,0,0,0,0,0,41,0,0,0,0,0,0,0,0,0,0,0,0,_warehouse_graveyard,0,0,0,0,0,0,0,0,0,0,0,0,0,0,0,0,0,0,0,0,0,0,0,0,0,0
87,10018649925317144938,98082,0,0,0,0,0,96356,0,0,0,0,0,0,0,0,0,0,0,0,0,0,0,0,0,0,302309,0,0,0,196560,0,0,0,42,0,0,0,0,0,0,1005,0,0,194436,0,0,district,0,0,0,0,0,0,0,0,0,0,0,0,0,104696,0,0,104695,0,0,0,0,0,194437,0,0,0
87,10018649925317144938,0,0,0,0,0,0,0,0,0,0,0,0,0,0,0,0,0,0,0,0,0,0,0,0,0,0,0,0,0,0,0,0,0,43,0,0,0,0,0,0,0,0,0,0,0,0,_district_graveyard,0,0,0,0,0,0,0,0,0,0,0,0,0,0,0,0,0,0,0,0,0,0,0,0,0,0
87,10018649925317144938,64077,0,0,0,0,0,61059,0,0,0,0,0,0,0,0,0,0,0,0,0,0,0,0,0,0,801214,0,0,0,125146,0,0,0,44,0,0,0,0,0,0,3,0,0,125141,0,0,customer,0,0,0,0,0,0,0,0,0,0,0,0,0,141923,0,0,141924,0,0,0,0,0,125144,0,0,0
87,10018649925317144938,0,0,0,0,0,0,0,0,0,0,0,0,0,0,0,0,0,0,0,0,0,0,0,0,0,0,0,0,0,0,0,0,0,45,0,0,0,0,0,0,0,0,0,0,0,0,_customer_graveyard,0,0,0,0,0,0,0,0,0,0,0,0,0,0,0,0,0,0,0,0,0,0,0,0,0,0
87,10018649925317144938,0,0,0,0,0,0,0,0,0,0,0,0,0,0,0,0,0,0,0,0,0,0,0,0,0,187647,0,0,0,0,0,0,0,46,0,0,0,0,0,0,62549,0,0,0,0,0,customerwdl,0,0,0,0,0,0,0,0,0,0,0,62553,0,62553,0,0,62553,0,0,0,0,0,0,0,0,0
87,10018649925317144938,0,0,0,0,0,0,0,0,0,0,0,0,0,0,0,0,0,0,0,0,0,0,0,0,0,0,0,0,0,0,0,0,0,47,0,0,0,0,0,0,0,0,0,0,0,0,_customerwdl_graveyard,0,0,0,0,0,0,0,0,0,0,0,0,0,0,0,0,0,0,0,0,0,0,0,0,0,0
87,10018649925317144938,0,0,0,0,0,0,0,0,0,0,0,0,0,0,0,0,0,0,0,0,0,0,0,0,2239,119724,0,0,0,39908,0,0,0,48,0,0,0,0,0,0,0,0,0,0,0,0,history,0,0,0,0,0,0,0,2262,0,0,0,0,2262,0,0,0,0,0,0,0,0,0,0,0,0,0
87,10018649925317144938,0,0,0,0,0,0,0,0,0,0,0,0,0,0,0,0,0,0,0,0,0,0,0,0,0,0,0,0,0,0,0,0,0,49,0,0,0,0,0,0,0,0,0,0,0,0,_history_graveyard,0,0,0,0,0,0,0,0,0,0,0,0,0,0,0,0,0,0,0,0,0,0,0,0,0,0
87,10018649925317144938,43804,87460,0,87460,0,0,43682,0,0,0,0,0,0,0,0,0,0,0,0,0,0,0,52563,0,2100,1185024,0,0,0,277156,0,14124,0,50,24,0,0,0,0,0,117842,0,0,0,0,0,neworder,96734,14124,0,0,0,0,0,3974,3,0,0,87776,3974,101899,0,0,101899,0,1847,0,0,0,0,0,0,0
87,10018649925317144938,0,0,0,0,0,0,0,0,0,0,0,0,0,0,0,0,0,0,0,0,0,0,0,0,0,0,0,0,0,0,0,0,0,51,0,0,0,0,0,0,0,0,0,0,0,0,_neworder_graveyard,0,0,0,0,0,0,0,0,0,0,0,0,0,0,0,0,0,0,0,0,0,0,0,0,0,0
87,10018649925317144938,44394,0,0,0,0,0,43086,0,0,0,0,0,0,0,0,0,0,0,0,0,0,0,0,0,4363,847983,0,0,0,191652,0,0,0,52,0,0,0,0,0,0,0,0,0,87484,0,0,order,0,0,0,0,0,0,0,4369,0,0,0,0,4369,91015,0,0,91015,0,0,0,0,0,87486,0,0,0
87,10018649925317144938,0,0,0,0,0,0,0,0,0,0,0,0,0,0,0,0,0,0,0,0,0,0,0,0,0,0,0,0,0,0,0,0,0,53,0,0,0,0,0,0,0,0,0,0,0,0,_order_graveyard,0,0,0,0,0,0,0,0,0,0,0,0,0,0,0,0,0,0,0,0,0,0,0,0,0,0
87,10018649925317144938,0,0,0,0,0,0,0,0,0,0,0,0,0,0,0,0,3529,0,0,0,0,0,0,0,1407,314235,0,0,0,101215,0,0,0,54,0,0,0,0,0,0,3529,0,0,0,0,0,order_wdc,0,0,0,0,0,0,0,1412,0,0,0,0,1412,3529,0,0,3529,0,0,0,0,0,0,0,0,0
87,10018649925317144938,0,0,0,0,0,0,0,0,0,0,0,0,0,0,0,0,0,0,0,0,0,0,0,0,0,0,0,0,0,0,0,0,0,55,0,0,0,0,0,0,0,0,0,0,0,0,_order_wdc_graveyard,0,0,0,0,0,0,0,0,0,0,0,0,0,0,0,0,0,0,0,0,0,0,0,0,0,0
87,10018649925317144938,442262,0,0,0,0,0,432202,0,0,0,0,0,0,0,0,0,0,0,0,0,0,0,100957,0,59236,7759728,0,0,0,1927327,0,991,0,56,0,0,0,0,0,0,12607,0,0,874524,0,0,orderline,1835832,991,0,0,0,0,0,60035,0,0,0,12536,60036,1848356,0,0,1848340,0,0,0,0,0,874556,0,0,0
87,10018649925317144938,0,0,0,0,0,0,0,0,0,0,0,0,0,0,0,0,0,0,0,0,0,0,0,0,0,0,0,0,0,0,0,0,0,57,0,0,0,0,0,0,0,0,0,0,0,0,_orderline_graveyard,0,0,0,0,0,0,0,0,0,0,0,0,0,0,0,0,0,0,0,0,0,0,0,0,0,0
87,10018649925317144938,0,0,0,0,0,0,0,0,0,0,0,0,0,0,0,0,0,0,0,0,0,0,0,0,0,1986936,0,0,0,0,0,0,0,58,0,0,0,0,0,0,0,0,0,0,0,0,item,0,0,0,0,0,0,0,0,0,0,0,0,0,993494,0,0,993499,0,0,0,0,0,0,0,0,0
88,10018649925317144938,0,0,0,0,0,0,0,0,0,0,0,0,0,0,0,0,0,0,0,0,0,0,0,0,0,0,0,0,0,0,0,0,0,61,0,0,0,0,0,0,0,0,0,0,0,0,_stock_graveyard,0,0,0,0,0,0,0,0,0,0,0,0,0,0,0,0,0,0,0,0,0,0,0,0,0,0
88,10018649925317144938,494617,0,0,0,0,0,482797,0,0,0,0,0,0,0,0,0,0,0,0,0,0,0,0,0,0,14753499,0,0,0,978500,0,0,0,60,0,0,0,0,0,0,1056,0,0,977427,0,0,stock,0,0,0,0,0,0,0,0,0,0,0,0,0,2708776,0,0,2708765,0,0,0,0,0,977430,0,0,0
88,10018649925317144938,0,0,0,0,0,0,0,0,0,0,0,0,0,0,0,0,0,0,0,0,0,0,0,0,0,0,0,0,0,0,0,0,0,59,0,0,0,0,0,0,0,0,0,0,0,0,_item_graveyard,0,0,0,0,0,0,0,0,0,0,0,0,0,0,0,0,0,0,0,0,0,0,0,0,0,0
88,10018649925317144938,0,0,0,0,0,0,0,0,0,0,0,0,0,0,0,0,0,0,0,0,0,0,351,0,2369,68009,0,0,0,67759,0,0,0,28,351,868,0,0,0,0,240,0,0,0,0,2676,_history_tree_14_updates,1971,0,0,0,0,0,0,5088,2676,0,0,0,7764,0,0,0,0,0,2369,0,0,0,0,0,0,0
88,10018649925317144938,0,0,0,0,0,0,0,0,0,0,0,0,0,0,0,0,0,0,0,0,0,0,994,0,9,9391,0,0,0,9379,0,0,0,27,2478,4,0,0,0,0,12,0,0,0,0,2487,_history_tree_13_removes,2939,0,0,0,0,0,0,2496,2487,0,0,0,4983,0,0,0,0,0,9,0,0,0,0,0,0,0
88,10018649925317144938,0,0,0,0,0,0,0,0,0,0,0,0,0,0,0,0,0,0,0,0,0,0,380,0,2340,67449,0,0,0,67261,0,0,0,26,380,859,0,0,0,0,187,0,0,0,0,2694,_history_tree_13_updates,1985,0,0,0,0,0,0,5060,2694,0,0,0,7754,0,0,0,0,0,2341,0,0,0,0,0,0,0
88,10018649925317144938,0,0,0,0,0,0,0,0,0,0,0,0,0,0,0,0,0,0,0,0,0,0,1020,0,6,9207,0,0,0,9195,0,0,0,25,2505,2,0,0,0,0,12,0,0,0,0,2511,_history_tree_12_removes,2940,0,0,0,0,0,0,2517,2511,0,0,0,5028,0,0,0,0,0,6,0,0,0,0,0,0,0
88,10018649925317144938,0,0,0,0,0,0,0,0,0,0,0,0,0,0,0,0,0,0,0,0,0,0,321,0,2343,67105,0,0,0,66920,0,0,0,24,321,837,0,0,0,0,187,0,0,0,0,2625,_history_tree_12_updates,1929,0,0,0,0,0,0,5006,2625,0,0,0,7632,0,0,0,0,0,2342,0,0,0,0,0,0,0
88,10018649925317144938,0,0,0,0,0,0,0,0,0,0,0,0,0,0,0,0,0,0,0,0,0,0,970,0,8,9043,0,0,0,9022,0,0,0,23,2522,1,0,0,0,0,21,0,0,0,0,2530,_history_tree_11_removes,2960,0,0,0,0,0,0,2538,2530,0,0,0,5068,0,0,0,0,0,8,0,0,0,0,0,0,0
88,10018649925317144938,0,0,0,0,0,0,0,0,0,0,0,0,0,0,0,0,0,0,0,0,0,0,342,0,2326,66646,0,0,0,66430,0,0,0,22,342,815,0,0,0,0,213,0,0,0,0,2640,_history_tree_11_updates,1972,0,0,0,0,0,0,4993,2640,0,0,0,7633,0,0,0,0,0,2326,0,0,0,0,0,0,0
88,10018649925317144938,0,0,0,0,0,0,0,0,0,0,0,0,0,0,0,0,0,0,0,0,0,0,1013,0,7,9519,0,0,0,9503,0,0,0,21,2548,2,0,0,0,0,16,0,0,0,0,2555,_history_tree_10_removes,3014,0,0,0,0,0,0,2562,2555,0,0,0,5117,0,0,0,0,0,7,0,0,0,0,0,0,0
88,10018649925317144938,0,0,0,0,0,0,0,0,0,0,0,0,0,0,0,0,0,0,0,0,0,0,292,0,2346,67551,0,0,0,67335,0,0,0,20,292,826,0,0,0,0,212,0,0,0,0,2602,_history_tree_10_updates,1949,0,0,0,0,0,0,4987,2603,0,0,0,7590,0,0,0,0,0,2349,0,0,0,0,0,0,0
88,10018649925317144938,0,0,0,0,0,0,0,0,0,0,0,0,0,0,0,0,0,0,0,0,0,0,949,0,5,8821,0,0,0,8807,0,0,0,19,2552,2,0,0,0,0,14,0,0,0,0,2557,_history_tree_9_removes,2971,0,0,0,0,0,0,2562,2557,0,0,0,5119,0,0,0,0,0,5,0,0,0,0,0,0,0
88,10018649925317144938,0,0,0,0,0,0,0,0,0,0,0,0,0,0,0,0,0,0,0,0,0,0,343,0,2309,65989,0,0,0,65790,0,0,0,18,343,805,0,0,0,0,199,0,0,0,0,2613,_history_tree_9_updates,1964,0,0,0,0,0,0,4963,2613,0,0,0,7576,0,0,0,0,0,2311,0,0,0,0,0,0,0
88,10018649925317144938,0,0,0,0,0,0,0,0,0,0,0,0,0,0,0,0,0,0,0,0,0,0,884,0,9,8605,0,0,0,8593,0,0,0,17,2553,2,0,0,0,0,12,0,0,0,0,2562,_history_tree_8_removes,3015,0,0,0,0,0,0,2571,2562,0,0,0,5131,0,0,0,0,0,9,0,0,0,0,0,0,0
88,10018649925317144938,0,0,0,0,0,0,0,0,0,0,0,0,0,0,0,0,0,0,0,0,0,0,319,0,2309,65639,0,0,0,65417,0,0,0,16,319,782,0,0,0,0,222,0,0,0,0,2600,_history_tree_8_updates,1989,0,0,0,0,0,0,4936,2600,0,0,0,7536,0,0,0,0,0,2308,0,0,0,0,0,0,0
88,10018649925317144938,0,0,0,0,0,0,0,0,0,0,0,0,0,0,0,0,0,0,0,0,0,0,998,0,10,9397,0,0,0,9381,0,0,0,15,2504,3,0,0,0,0,16,0,0,0,0,2514,_history_tree_7_removes,2964,0,0,0,0,0,0,2524,2514,0,0,0,5038,0,0,0,0,0,10,0,0,0,0,0,0,0
88,10018649925317144938,0,0,0,0,0,0,0,0,0,0,0,0,0,0,0,0,0,0,0,0,0,0,342,0,2382,68386,0,0,0,68143,0,0,0,14,342,896,0,0,0,0,236,0,0,0,0,2673,_history_tree_7_updates,1957,0,0,0,0,0,0,5105,2673,0,0,0,7778,0,0,0,0,0,2381,0,0,0,0,0,0,0
88,10018649925317144938,0,0,0,0,0,0,0,0,0,0,0,0,0,0,0,0,0,0,0,0,0,0,989,0,8,9015,0,0,0,9001,0,0,0,13,2540,4,0,0,0,0,14,0,0,0,0,2548,_history_tree_6_removes,2975,0,0,0,0,0,0,2556,2548,0,0,0,5104,0,0,0,0,0,8,0,0,0,0,0,0,0
88,10018649925317144938,0,0,0,0,0,0,0,0,0,0,0,0,0,21891829,22455164,0,0,0,0,0,0,0,339,0,2320,66382,0,0,0,66200,0,0,0,0,339,829,0,0,0,0,180,0,0,0,0,2607,_history_tree_0_updates,1943,0,1477463,0,0,0,0,4974,2607,0,0,0,7583,0,0,0,0,0,2320,0,0,0,0,698487,0,0
88,10018649925317144938,0,0,0,0,0,0,0,0,0,0,0,0,0,0,0,0,0,0,0,0,0,0,941,0,8,8973,0,0,0,8962,0,0,0,1,2494,3,0,0,0,0,11,0,0,0,0,2503,_history_tree_0_removes,2945,0,0,0,0,0,0,2511,2503,0,0,0,5014,0,0,0,0,0,8,0,0,0,0,0,0,0
88,10018649925317144938,0,0,0,0,0,0,0,0,0,0,0,0,0,0,0,0,0,0,0,0,0,0,335,0,2332,66626,0,0,0,66400,0,0,0,2,335,865,0,0,0,0,225,0,0,0,0,2623,_history_tree_1_updates,1910,0,0,0,0,0,0,5002,2623,0,0,0,7625,0,0,0,0,0,2334,0,0,0,0,0,0,0
88,10018649925317144938,0,0,0,0,0,0,0,0,0,0,0,0,0,0,0,0,0,0,0,0,0,0,911,0,9,8885,0,0,0,8872,0,0,0,3,2511,3,0,0,0,0,14,0,0,0,0,2520,_history_tree_1_removes,2918,0,0,0,0,0,0,2529,2520,0,0,0,5049,0,0,0,0,0,9,0,0,0,0,0,0,0
88,10018649925317144938,0,0,0,0,0,0,0,0,0,0,0,0,0,0,0,0,0,0,0,0,0,0,330,0,2334,67134,0,0,0,66941,0,0,0,4,330,855,0,0,0,0,192,0,0,0,0,2634,_history_tree_2_updates,1922,0,0,0,0,0,0,4998,2634,0,0,0,7633,0,0,0,0,0,2334,0,0,0,0,0,0,0
88,10018649925317144938,0,0,0,0,0,0,0,0,0,0,0,0,0,0,0,0,0,0,0,0,0,0,972,0,9,9268,0,0,0,9258,0,0,0,5,2489,4,0,0,0,0,10,0,0,0,0,2498,_history_tree_2_removes,2920,0,0,0,0,0,0,2507,2498,0,0,0,5005,0,0,0,0,0,9,0,0,0,0,0,0,0
88,10018649925317144938,0,0,0,0,0,0,0,0,0,0,0,0,0,0,0,0,0,0,0,0,0,0,301,0,2352,67937,0,0,0,67734,0,0,0,6,301,823,0,0,0,0,202,0,0,0,0,2632,_history_tree_3_updates,1959,0,0,0,0,0,0,5005,2632,0,0,0,7637,0,0,0,0,0,2352,0,0,0,0,0,0,0
88,10018649925317144938,0,0,0,0,0,0,0,0,0,0,0,0,0,0,0,0,0,0,0,0,0,0,1070,0,6,9527,0,0,0,9502,0,0,0,7,2569,2,0,0,0,0,25,0,0,0,0,2575,_history_tree_3_removes,3020,0,0,0,0,0,0,2581,2575,0,0,0,5156,0,0,0,0,0,6,0,0,0,0,0,0,0
88,10018649925317144938,0,0,0,0,0,0,0,0,0,0,0,0,0,0,0,0,0,0,0,0,0,0,323,0,2352,67365,0,0,0,67139,0,0,0,8,323,833,0,0,0,0,225,0,0,0,0,2660,_history_tree_4_updates,1948,0,0,0,0,0,0,5027,2660,0,0,0,7687,0,0,0,0,0,2352,0,0,0,0,0,0,0
88,10018649925317144938,0,0,0,0,0,0,0,0,0,0,0,0,0,0,0,0,0,0,0,0,0,0,986,0,7,9118,0,0,0,9098,0,0,0,9,2584,2,0,0,0,0,20,0,0,0,0,2592,_history_tree_4_removes,3000,0,0,0,0,0,0,2598,2591,0,0,0,5189,0,0,0,0,0,7,0,0,0,0,0,0,0
88,10018649925317144938,0,0,0,0,0,0,0,0,0,0,0,0,0,0,0,0,0,0,0,0,0,0,342,0,2332,66869,0,0,0,66653,0,0,0,10,342,780,0,0,0,0,216,0,0,0,0,2665,_history_tree_5_updates,2027,0,0,0,0,0,0,5007,2665,0,0,0,7672,0,0,0,0,0,2333,0,0,0,0,0,0,0
88,10018649925317144938,0,0,0,0,0,0,0,0,0,0,0,0,0,0,0,0,0,0,0,0,0,0,989,0,6,9078,0,0,0,9063,0,0,0,11,2597,1,0,0,0,0,15,0,0,0,0,2603,_history_tree_5_removes,3071,0,0,0,0,0,0,2610,2604,0,0,0,5214,0,0,0,0,0,6,0,0,0,0,0,0,0
88,10018649925317144938,0,0,0,0,0,0,0,0,0,0,0,0,0,0,0,0,0,0,0,0,0,0,325,0,2283,65293,0,0,0,65119,0,0,0,12,325,790,0,0,0,0,173,0,0,0,0,2522,_history_tree_6_updates,1929,0,0,0,0,0,0,4894,2522,0,0,0,7416,0,0,0,0,0,2286,0,0,0,0,0,0,0
88,10018649925317144938,0,0,0,0,0,0,0,0,0,0,0,0,0,0,0,0,0,0,0,0,0,0,973,0,10,9248,0,0,0,9237,0,0,0,29,2538,5,0,0,0,0,11,0,0,0,0,2548,_history_tree_14_removes,2981,0,0,0,0,0,0,2558,2548,0,0,0,5106,0,0,0,0,0,10,0,0,0,0,0,0,0
88,10018649925317144938,0,0,0,0,0,0,0,0,0,0,0,0,0,0,0,0,0,0,0,0,0,0,327,0,2315,66244,0,0,0,66037,0,0,0,30,327,829,0,0,0,0,207,0,0,0,0,2613,_history_tree_15_updates,1927,0,0,0,0,0,0,4957,2613,0,0,0,7570,0,0,0,0,0,2314,0,0,0,0,0,0,0
88,10018649925317144938,0,0,0,0,0,0,0,0,0,0,0,0,0,0,0,0,0,0,0,0,0,0,972,0,8,8923,0,0,0,8914,0,0,0,31,2475,4,0,0,0,0,9,0,0,0,0,2483,_history_tree_15_removes,2911,0,0,0,0,0,0,2490,2482,0,0,0,4972,0,0,0,0,0,8,0,0,0,0,0,0,0
88,10018649925317144938,0,0,0,0,0,0,0,0,0,0,0,0,0,0,0,0,0,0,0,0,0,0,315,0,2320,66272,0,0,0,66065,0,0,0,32,315,807,0,0,0,0,206,0,0,0,0,2605,_history_tree_16_updates,1956,0,0,0,0,0,0,4955,2605,0,0,0,7560,0,0,0,0,0,2320,0,0,0,0,0,0,0
88,10018649925317144938,0,0,0,0,0,0,0,0,0,0,0,0,0,0,0,0,0,0,0,0,0,0,956,0,8,8891,0,0,0,8876,0,0,0,33,2563,3,0,0,0,0,15,0,0,0,0,2572,_history_tree_16_removes,3024,0,0,0,0,0,0,2580,2572,0,0,0,5152,0,0,0,0,0,8,0,0,0,0,0,0,0
88,10018649925317144938,0,0,0,0,0,0,0,0,0,0,0,0,0,0,0,0,0,0,0,0,0,0,312,0,2362,142834,0,0,0,71191,0,0,0,34,10122,2675,0,0,0,0,225,0,0,0,0,6089,_history_tree_17_updates,3833,0,0,0,0,0,0,14848,12175,1,0,0,20936,0,0,0,0,0,2365,0,0,0,0,0,0,0
88,10018649925317144938,0,0,0,0,0,0,0,0,0,0,0,0,0,0,0,0,0,0,0,0,0,0,812,0,21,8736,0,0,0,8716,0,0,0,35,2364,14,0,0,0,0,18,0,0,0,0,2385,_history_tree_17_removes,2772,0,0,0,0,0,0,2406,2385,0,0,0,4791,0,0,0,0,0,21,0,0,0,0,0,0,0
88,10018649925317144938,0,0,0,0,0,0,0,0,0,0,0,0,0,0,0,0,0,0,0,0,0,0,341,0,2329,66562,0,0,0,66344,0,0,0,36,341,865,0,0,0,0,218,0,0,0,0,2626,_history_tree_18_updates,1922,0,0,0,0,0,0,5002,2626,0,0,0,7628,0,0,0,0,0,2331,0,0,0,0,0,0,0
88,10018649925317144938,0,0,0,0,0,0,0,0,0,0,0,0,0,0,0,0,0,0,0,0,0,0,949,0,8,8928,0,0,0,8905,0,0,0,37,2482,2,0,0,0,0,23,0,0,0,0,2490,_history_tree_18_removes,2926,0,0,0,0,0,0,2498,2490,0,0,0,4988,0,0,0,0,0,8,0,0,0,0,0,0,0
88,10018649925317144938,0,0,0,0,0,0,0,0,0,0,0,0,0,0,0,0,0,0,0,0,0,0,290,0,2382,68551,0,0,0,68303,0,0,0,38,290,846,0,0,0,0,248,0,0,0,0,2599,_history_tree_19_updates,1956,0,0,0,0,0,0,5052,2599,0,0,0,7651,0,0,0,0,0,2380,0,0,0,0,0,0,0
88,10018649925317144938,0,0,0,0,0,0,0,0,0,0,0,0,0,0,0,0,0,0,0,0,0,0,1036,0,8,9429,0,0,0,9419,0,0,0,39,2571,4,0,0,0,0,10,0,0,0,0,2579,_history_tree_19_removes,3051,0,0,0,0,0,0,2588,2580,0,0,0,5168,0,0,0,0,0,8,0,0,0,0,0,0,0
88,10018649925317144938,48543,0,0,0,0,0,44676,0,0,0,0,0,0,0,0,0,0,0,0,0,0,0,0,0,0,290825,0,0,0,95204,0,0,0,40,0,0,0,0,0,0,2090,0,0,93219,0,0,warehouse,0,0,0,0,0,0,0,0,0,0,0,0,0,193239,0,0,193239,0,0,0,0,0,93222,0,0,0
88,10018649925317144938,0,0,0,0,0,0,0,0,0,0,0,0,0,0,0,0,0,0,0,0,0,0,0,0,0,0,0,0,0,0,0,0,0,41,0,0,0,0,0,0,0,0,0,0,0,0,_warehouse_graveyard,0,0,0,0,0,0,0,0,0,0,0,0,0,0,0,0,0,0,0,0,0,0,0,0,0,0
88,10018649925317144938,95998,0,0,0,0,0,94183,0,0,0,0,0,0,0,0,0,0,0,0,0,0,0,0,0,0,295414,0,0,0,192401,0,0,0,42,0,0,0,0,0,0,1047,0,0,190209,0,0,district,0,0,0,0,0,0,0,0,0,0,0,0,0,101923,0,0,101925,0,0,0,0,0,190215,0,0,0
88,10018649925317144938,0,0,0,0,0,0,0,0,0,0,0,0,0,0,0,0,0,0,0,0,0,0,0,0,0,0,0,0,0,0,0,0,0,43,0,0,0,0,0,0,0,0,0,0,0,0,_district_graveyard,0,0,0,0,0,0,0,0,0,0,0,0,0,0,0,0,0,0,0,0,0,0,0,0,0,0
88,10018649925317144938,62174,0,0,0,0,0,59335,0,0,0,0,0,0,0,0,0,0,0,0,0,0,0,0,0,0,782343,0,0,0,121519,0,0,0,44,0,0,0,0,0,0,5,0,0,121509,0,0,customer,0,0,0,0,0,0,0,0,0,0,0,0,0,139265,0,0,139265,0,0,0,0,0,121508,0,0,0
88,10018649925317144938,0,0,0,0,0,0,0,0,0,0,0,0,0,0,0,0,0,0,0,0,0,0,0,0,0,0,0,0,0,0,0,0,0,45,0,0,0,0,0,0,0,0,0,0,0,0,_customer_graveyard,0,0,0,0,0,0,0,0,0,0,0,0,0,0,0,0,0,0,0,0,0,0,0,0,0,0
88,10018649925317144938,0,0,0,0,0,0,0,0,0,0,0,0,0,0,0,0,0,0,0,0,0,0,0,0,0,182034,0,0,0,0,0,0,0,46,0,0,0,0,0,0,60678,0,0,0,0,0,customerwdl,0,0,0,0,0,0,0,0,0,0,0,60675,0,60675,0,0,60675,0,0,0,0,0,0,0,0,0
88,10018649925317144938,0,0,0,0,0,0,0,0,0,0,0,0,0,0,0,0,0,0,0,0,0,0,0,0,0,0,0,0,0,0,0,0,0,47,0,0,0,0,0,0,0,0,0,0,0,0,_customerwdl_graveyard,0,0,0,0,0,0,0,0,0,0,0,0,0,0,0,0,0,0,0,0,0,0,0,0,0,0
88,10018649925317144938,0,0,0,0,0,0,0,0,0,0,0,0,0,0,0,0,0,0,0,0,0,0,0,0,2187,116979,0,0,0,38993,0,0,0,48,0,0,0,0,0,0,0,0,0,0,0,0,history,0,0,0,0,0,0,0,2213,0,0,0,0,2213,0,0,0,0,0,0,0,0,0,0,0,0,0
88,10018649925317144938,0,0,0,0,0,0,0,0,0,0,0,0,0,0,0,0,0,0,0,0,0,0,0,0,0,0,0,0,0,0,0,0,0,49,0,0,0,0,0,0,0,0,0,0,0,0,_history_graveyard,0,0,0,0,0,0,0,0,0,0,0,0,0,0,0,0,0,0,0,0,0,0,0,0,0,0
88,10018649925317144938,42433,84730,0,84730,0,0,42298,0,0,0,0,0,0,0,0,0,0,0,0,0,0,0,50986,0,2071,1152835,0,0,0,269977,0,13737,0,50,40,0,0,0,0,0,114292,0,0,0,0,0,neworder,93962,13738,0,0,0,0,0,3888,10,0,0,85040,3888,98779,0,0,98779,0,1776,0,0,0,0,0,0,0
88,10018649925317144938,0,0,0,0,0,0,0,0,0,0,0,0,0,0,0,0,0,0,0,0,0,0,0,0,0,0,0,0,0,0,0,0,0,51,0,0,0,0,0,0,0,0,0,0,0,0,_neworder_graveyard,0,0,0,0,0,0,0,0,0,0,0,0,0,0,0,0,0,0,0,0,0,0,0,0,0,0
88,10018649925317144938,42902,0,0,0,0,0,41848,0,0,0,0,0,0,0,0,0,0,0,0,0,0,0,0,0,4276,826074,0,0,0,187170,0,0,0,52,0,0,0,0,0,0,0,0,0,84752,0,0,order,0,0,0,0,0,0,0,4281,0,0,0,0,4281,88185,0,0,88186,0,0,0,0,0,84754,0,0,0
88,10018649925317144938,0,0,0,0,0,0,0,0,0,0,0,0,0,0,0,0,0,0,0,0,0,0,0,0,0,0,0,0,0,0,0,0,0,53,0,0,0,0,0,0,0,0,0,0,0,0,_order_graveyard,0,0,0,0,0,0,0,0,0,0,0,0,0,0,0,0,0,0,0,0,0,0,0,0,0,0
88,10018649925317144938,0,0,0,0,0,0,0,0,0,0,0,0,0,0,0,0,3434,0,0,0,0,0,0,0,1379,308817,0,0,0,99506,0,0,0,54,0,0,0,0,0,0,3434,0,0,0,0,0,order_wdc,0,0,0,0,0,0,0,1385,0,0,0,0,1385,3434,0,0,3434,0,0,0,0,0,0,0,0,0
88,10018649925317144938,0,0,0,0,0,0,0,0,0,0,0,0,0,0,0,0,0,0,0,0,0,0,0,0,0,0,0,0,0,0,0,0,0,55,0,0,0,0,0,0,0,0,0,0,0,0,_order_wdc_graveyard,0,0,0,0,0,0,0,0,0,0,0,0,0,0,0,0,0,0,0,0,0,0,0,0,0,0
88,10018649925317144938,429044,0,0,0,0,0,419142,0,0,0,0,0,0,0,0,0,0,0,0,0,0,0,97229,0,58219,7579038,0,0,0,1882549,0,916,0,56,0,0,0,0,0,0,12200,0,0,848178,0,0,orderline,1770395,916,0,0,0,0,0,59015,0,0,0,12129,59017,1782513,0,0,1782513,0,0,0,0,0,848144,0,0,0
88,10018649925317144938,0,0,0,0,0,0,0,0,0,0,0,0,0,0,0,0,0,0,0,0,0,0,0,0,0,0,0,0,0,0,0,0,0,57,0,0,0,0,0,0,0,0,0,0,0,0,_orderline_graveyard,0,0,0,0,0,0,0,0,0,0,0,0,0,0,0,0,0,0,0,0,0,0,0,0,0,0
88,10018649925317144938,0,0,0,0,0,0,0,0,0,0,0,0,0,0,0,0,0,0,0,0,0,0,0,0,0,1952274,0,0,0,0,0,0,0,58,0,0,0,0,0,0,0,0,0,0,0,0,item,0,0,0,0,0,0,0,0,0,0,0,0,0,976076,0,0,976070,0,0,0,0,0,0,0,0,0
89,10018649925317144938,0,0,0,0,0,0,0,0,0,0,0,0,0,0,0,0,0,0,0,0,0,0,0,0,0,0,0,0,0,0,0,0,0,61,0,0,0,0,0,0,0,0,0,0,0,0,_stock_graveyard,0,0,0,0,0,0,0,0,0,0,0,0,0,0,0,0,0,0,0,0,0,0,0,0,0,0
89,10018649925317144938,505454,0,0,0,0,0,493637,0,0,0,0,0,0,0,0,0,0,0,0,0,0,0,0,0,0,15105891,0,0,0,1000000,0,0,0,60,0,0,0,0,0,0,1118,0,0,999057,0,0,stock,0,0,0,0,0,0,0,0,0,0,0,0,0,2775353,0,0,2775355,0,0,0,0,0,999082,0,0,0
89,10018649925317144938,0,0,0,0,0,0,0,0,0,0,0,0,0,0,0,0,0,0,0,0,0,0,0,0,0,0,0,0,0,0,0,0,0,59,0,0,0,0,0,0,0,0,0,0,0,0,_item_graveyard,0,0,0,0,0,0,0,0,0,0,0,0,0,0,0,0,0,0,0,0,0,0,0,0,0,0
89,10018649925317144938,0,0,0,0,0,0,0,0,0,0,0,0,0,0,0,0,0,0,0,0,0,0,364,0,2361,67517,0,0,0,67287,0,0,0,28,364,814,0,0,0,0,228,0,0,0,0,2698,_history_tree_14_updates,2045,0,0,0,0,0,0,5085,2698,0,0,0,7783,0,0,0,0,0,2360,0,0,0,0,0,0,0
89,10018649925317144938,0,0,0,0,0,0,0,0,0,0,0,0,0,0,0,0,0,0,0,0,0,0,1064,0,6,9569,0,0,0,9556,0,0,0,27,2675,2,0,0,0,0,13,0,0,0,0,2681,_history_tree_13_removes,3135,0,0,0,0,0,0,2687,2681,0,0,0,5368,0,0,0,0,0,6,0,0,0,0,0,0,0
89,10018649925317144938,0,0,0,0,0,0,0,0,0,0,0,0,0,0,0,0,0,0,0,0,0,0,336,0,2414,69321,0,0,0,69113,0,0,0,26,336,807,0,0,0,0,207,0,0,0,0,2744,_history_tree_13_updates,2061,0,0,0,0,0,0,5163,2744,0,0,0,7907,0,0,0,0,0,2413,0,0,0,0,0,0,0
89,10018649925317144938,0,0,0,0,0,0,0,0,0,0,0,0,0,0,0,0,0,0,0,0,0,0,982,0,7,9172,0,0,0,9159,0,0,0,25,2649,2,0,0,0,0,13,0,0,0,0,2656,_history_tree_12_removes,3125,0,0,0,0,0,0,2663,2656,0,0,0,5319,0,0,0,0,0,7,0,0,0,0,0,0,0
89,10018649925317144938,0,0,0,0,0,0,0,0,0,0,0,0,0,0,0,0,0,0,0,0,0,0,324,0,2383,68097,0,0,0,67886,0,0,0,24,324,806,0,0,0,0,210,0,0,0,0,2698,_history_tree_12_updates,2049,0,0,0,0,0,0,5089,2698,0,0,0,7786,0,0,0,0,0,2382,0,0,0,0,0,0,0
89,10018649925317144938,0,0,0,0,0,0,0,0,0,0,0,0,0,0,0,0,0,0,0,0,0,0,978,0,9,9342,0,0,0,9331,0,0,0,23,2624,2,0,0,0,0,11,0,0,0,0,2633,_history_tree_11_removes,3102,0,0,0,0,0,0,2642,2633,0,0,0,5275,0,0,0,0,0,9,0,0,0,0,0,0,0
89,10018649925317144938,0,0,0,0,0,0,0,0,0,0,0,0,0,0,0,0,0,0,0,0,0,0,343,0,2401,68789,0,0,0,68595,0,0,0,22,343,825,0,0,0,0,195,0,0,0,0,2729,_history_tree_11_updates,2062,0,0,0,0,0,0,5145,2729,0,0,0,7874,0,0,0,0,0,2401,0,0,0,0,0,0,0
89,10018649925317144938,0,0,0,0,0,0,0,0,0,0,0,0,0,0,0,0,0,0,0,0,0,0,1005,0,9,9484,0,0,0,9477,0,0,0,21,2598,3,0,0,0,0,7,0,0,0,0,2607,_history_tree_10_removes,3066,0,0,0,0,0,0,2616,2607,0,0,0,5223,0,0,0,0,0,9,0,0,0,0,0,0,0
89,10018649925317144938,0,0,0,0,0,0,0,0,0,0,0,0,0,0,0,0,0,0,0,0,0,0,353,0,2411,69225,0,0,0,69008,0,0,0,20,353,867,0,0,0,0,216,0,0,0,0,2733,_history_tree_10_updates,2027,0,0,0,0,0,0,5173,2732,0,0,0,7905,0,0,0,0,0,2410,0,0,0,0,0,0,0
89,10018649925317144938,0,0,0,0,0,0,0,0,0,0,0,0,0,0,0,0,0,0,0,0,0,0,1025,0,6,9411,0,0,0,9395,0,0,0,19,2650,0,0,0,0,0,16,0,0,0,0,2656,_history_tree_9_removes,3122,0,0,0,0,0,0,2662,2656,0,0,0,5318,0,0,0,0,0,6,0,0,0,0,0,0,0
89,10018649925317144938,0,0,0,0,0,0,0,0,0,0,0,0,0,0,0,0,0,0,0,0,0,0,359,0,2396,68691,0,0,0,68501,0,0,0,18,360,828,0,0,0,0,191,0,0,0,0,2755,_history_tree_9_updates,2061,0,0,0,0,0,0,5152,2755,0,0,0,7907,0,0,0,0,0,2396,0,0,0,0,0,0,0
89,10018649925317144938,0,0,0,0,0,0,0,0,0,0,0,0,0,0,0,0,0,0,0,0,0,0,1004,0,5,9387,0,0,0,9380,0,0,0,17,2601,0,0,0,0,0,7,0,0,0,0,2607,_history_tree_8_removes,3068,0,0,0,0,0,0,2612,2607,0,0,0,5219,0,0,0,0,0,5,0,0,0,0,0,0,0
89,10018649925317144938,0,0,0,0,0,0,0,0,0,0,0,0,0,0,0,0,0,0,0,0,0,0,366,0,2395,68901,0,0,0,68687,0,0,0,16,366,837,0,0,0,0,213,0,0,0,0,2760,_history_tree_8_updates,2057,0,0,0,0,0,0,5155,2760,0,0,0,7915,0,0,0,0,0,2394,0,0,0,0,0,0,0
89,10018649925317144938,0,0,0,0,0,0,0,0,0,0,0,0,0,0,0,0,0,0,0,0,0,0,1059,0,5,9629,0,0,0,9609,0,0,0,15,2581,1,0,0,0,0,20,0,0,0,0,2586,_history_tree_7_removes,3037,0,0,0,0,0,0,2591,2586,0,0,0,5177,0,0,0,0,0,5,0,0,0,0,0,0,0
89,10018649925317144938,0,0,0,0,0,0,0,0,0,0,0,0,0,0,0,0,0,0,0,0,0,0,351,0,2378,68662,0,0,0,68434,0,0,0,14,351,830,0,0,0,0,227,0,0,0,0,2706,_history_tree_7_updates,2011,0,0,0,0,0,0,5109,2706,0,0,0,7815,0,0,0,0,0,2380,0,0,0,0,0,0,0
89,10018649925317144938,0,0,0,0,0,0,0,0,0,0,0,0,0,0,0,0,0,0,0,0,0,0,1026,0,10,9594,0,0,0,9583,0,0,0,13,2690,6,0,0,0,0,14,0,0,0,0,2700,_history_tree_6_removes,3161,0,0,0,0,0,0,2710,2700,0,0,0,5410,0,0,0,0,0,10,0,0,0,0,0,0,0
89,10018649925317144938,0,0,0,0,0,0,0,0,0,0,0,0,0,22421404,22966141,0,0,0,0,0,0,0,348,0,2415,69267,0,0,0,69042,0,0,0,0,348,886,0,0,0,0,227,0,0,0,0,2718,_history_tree_0_updates,1996,0,1511966,0,0,0,0,5179,2718,0,0,0,7895,0,0,0,0,0,2413,0,0,0,0,720606,0,0
89,10018649925317144938,0,0,0,0,0,0,0,0,0,0,0,0,0,0,0,0,0,0,0,0,0,0,997,0,9,9472,0,0,0,9456,0,0,0,1,2567,3,0,0,0,0,16,0,0,0,0,2576,_history_tree_0_removes,3016,0,0,0,0,0,0,2585,2576,0,0,0,5161,0,0,0,0,0,9,0,0,0,0,0,0,0
89,10018649925317144938,0,0,0,0,0,0,0,0,0,0,0,0,0,0,0,0,0,0,0,0,0,0,324,0,2408,69167,0,0,0,68936,0,0,0,2,324,832,0,0,0,0,230,0,0,0,0,2732,_history_tree_1_updates,2014,0,0,0,0,0,0,5139,2732,0,0,0,7871,0,0,0,0,0,2408,0,0,0,0,0,0,0
89,10018649925317144938,0,0,0,0,0,0,0,0,0,0,0,0,0,0,0,0,0,0,0,0,0,0,1010,0,7,9598,0,0,0,9580,0,0,0,3,2657,1,0,0,0,0,17,0,0,0,0,2664,_history_tree_1_removes,3074,0,0,0,0,0,0,2671,2664,0,0,0,5335,0,0,0,0,0,7,0,0,0,0,0,0,0
89,10018649925317144938,0,0,0,0,0,0,0,0,0,0,0,0,0,0,0,0,0,0,0,0,0,0,304,0,2405,68834,0,0,0,68614,0,0,0,4,304,852,0,0,0,0,221,0,0,0,0,2687,_history_tree_2_updates,1978,0,0,0,0,0,0,5113,2687,0,0,0,7799,0,0,0,0,0,2404,0,0,0,0,0,0,0
89,10018649925317144938,0,0,0,0,0,0,0,0,0,0,0,0,0,0,0,0,0,0,0,0,0,0,1003,0,7,9284,0,0,0,9267,0,0,0,5,2600,3,0,0,0,0,17,0,0,0,0,2608,_history_tree_2_removes,3054,0,0,0,0,0,0,2615,2608,0,0,0,5223,0,0,0,0,0,7,0,0,0,0,0,0,0
89,10018649925317144938,0,0,0,0,0,0,0,0,0,0,0,0,0,0,0,0,0,0,0,0,0,0,355,0,2412,69181,0,0,0,68948,0,0,0,6,355,825,0,0,0,0,232,0,0,0,0,2743,_history_tree_3_updates,2070,0,0,0,0,0,0,5179,2743,0,0,0,7922,0,0,0,0,0,2412,0,0,0,0,0,0,0
89,10018649925317144938,0,0,0,0,0,0,0,0,0,0,0,0,0,0,0,0,0,0,0,0,0,0,1037,0,6,9482,0,0,0,9463,0,0,0,7,2717,1,0,0,0,0,19,0,0,0,0,2723,_history_tree_3_removes,3176,0,0,0,0,0,0,2729,2723,0,0,0,5452,0,0,0,0,0,6,0,0,0,0,0,0,0
89,10018649925317144938,0,0,0,0,0,0,0,0,0,0,0,0,0,0,0,0,0,0,0,0,0,0,378,0,2353,66948,0,0,0,66718,0,0,0,8,378,788,0,0,0,0,229,0,0,0,0,2727,_history_tree_4_updates,2095,0,0,0,0,0,0,5086,2727,0,0,0,7813,0,0,0,0,0,2355,0,0,0,0,0,0,0
89,10018649925317144938,0,0,0,0,0,0,0,0,0,0,0,0,0,0,0,0,0,0,0,0,0,0,933,0,6,8856,0,0,0,8835,0,0,0,9,2643,2,0,0,0,0,21,0,0,0,0,2648,_history_tree_4_removes,3115,0,0,0,0,0,0,2654,2648,0,0,0,5302,0,0,0,0,0,6,0,0,0,0,0,0,0
89,10018649925317144938,0,0,0,0,0,0,0,0,0,0,0,0,0,0,0,0,0,0,0,0,0,0,351,0,2366,67714,0,0,0,67481,0,0,0,10,351,780,0,0,0,0,233,0,0,0,0,2717,_history_tree_5_updates,2074,0,0,0,0,0,0,5084,2717,0,0,0,7801,0,0,0,0,0,2366,0,0,0,0,0,0,0
89,10018649925317144938,0,0,0,0,0,0,0,0,0,0,0,0,0,0,0,0,0,0,0,0,0,0,1041,0,4,9122,0,0,0,9106,0,0,0,11,2667,0,0,0,0,0,16,0,0,0,0,2671,_history_tree_5_removes,3162,0,0,0,0,0,0,2674,2670,0,0,0,5344,0,0,0,0,0,4,0,0,0,0,0,0,0
89,10018649925317144938,0,0,0,0,0,0,0,0,0,0,0,0,0,0,0,0,0,0,0,0,0,0,337,0,2446,70142,0,0,0,69898,0,0,0,12,337,851,0,0,0,0,246,0,0,0,0,2677,_history_tree_6_updates,2069,0,0,0,0,0,0,5229,2677,0,0,0,7906,0,0,0,0,0,2446,0,0,0,0,0,0,0
89,10018649925317144938,0,0,0,0,0,0,0,0,0,0,0,0,0,0,0,0,0,0,0,0,0,0,994,0,5,9042,0,0,0,9030,0,0,0,29,2608,2,0,0,0,0,13,0,0,0,0,2613,_history_tree_14_removes,3064,0,0,0,0,0,0,2618,2613,0,0,0,5231,0,0,0,0,0,5,0,0,0,0,0,0,0
89,10018649925317144938,0,0,0,0,0,0,0,0,0,0,0,0,0,0,0,0,0,0,0,0,0,0,331,0,2413,69087,0,0,0,68885,0,0,0,30,331,858,0,0,0,0,202,0,0,0,0,2743,_history_tree_15_updates,2018,0,0,0,0,0,0,5157,2743,0,0,0,7900,0,0,0,0,0,2413,0,0,0,0,0,0,0
89,10018649925317144938,0,0,0,0,0,0,0,0,0,0,0,0,0,0,0,0,0,0,0,0,0,0,1053,0,6,9479,0,0,0,9463,0,0,0,31,2612,2,0,0,0,0,16,0,0,0,0,2618,_history_tree_15_removes,3087,0,0,0,0,0,0,2624,2618,0,0,0,5242,0,0,0,0,0,6,0,0,0,0,0,0,0
89,10018649925317144938,0,0,0,0,0,0,0,0,0,0,0,0,0,0,0,0,0,0,0,0,0,0,357,0,2391,68574,0,0,0,68374,0,0,0,32,358,799,0,0,0,0,200,0,0,0,0,2736,_history_tree_16_updates,2071,0,0,0,0,0,0,5139,2736,0,0,0,7875,0,0,0,0,0,2390,0,0,0,0,0,0,0
89,10018649925317144938,0,0,0,0,0,0,0,0,0,0,0,0,0,0,0,0,0,0,0,0,0,0,1062,0,5,9438,0,0,0,9418,0,0,0,33,2673,2,0,0,0,0,20,0,0,0,0,2678,_history_tree_16_removes,3121,0,0,0,0,0,0,2683,2678,0,0,0,5361,0,0,0,0,0,5,0,0,0,0,0,0,0
89,10018649925317144938,0,0,0,0,0,0,0,0,0,0,0,0,0,0,0,0,0,0,0,0,0,0,365,0,2386,146162,0,0,0,72863,0,0,0,34,10677,2751,0,0,0,0,217,0,0,0,0,6408,_history_tree_17_updates,4030,0,0,0,0,0,0,15449,12816,0,0,0,21857,0,0,0,0,0,2386,0,0,0,0,0,0,0
89,10018649925317144938,0,0,0,0,0,0,0,0,0,0,0,0,0,0,0,0,0,0,0,0,0,0,851,0,20,9313,0,0,0,9299,0,0,0,35,2480,13,0,0,0,0,14,0,0,0,0,2501,_history_tree_17_removes,2938,0,0,0,0,0,0,2521,2501,0,0,0,5022,0,0,0,0,0,20,0,0,0,0,0,0,0
89,10018649925317144938,0,0,0,0,0,0,0,0,0,0,0,0,0,0,0,0,0,0,0,0,0,0,362,0,2397,69121,0,0,0,68899,0,0,0,36,362,863,0,0,0,0,221,0,0,0,0,2740,_history_tree_18_updates,2027,0,0,0,0,0,0,5154,2740,0,0,0,7894,0,0,0,0,0,2397,0,0,0,0,0,0,0
89,10018649925317144938,0,0,0,0,0,0,0,0,0,0,0,0,0,0,0,0,0,0,0,0,0,0,1051,0,9,9609,0,0,0,9591,0,0,0,37,2585,4,0,0,0,0,18,0,0,0,0,2594,_history_tree_18_removes,3065,0,0,0,0,0,0,2603,2594,0,0,0,5197,0,0,0,0,0,9,0,0,0,0,0,0,0
89,10018649925317144938,0,0,0,0,0,0,0,0,0,0,0,0,0,0,0,0,0,0,0,0,0,0,363,0,2343,67204,0,0,0,67003,0,0,0,38,363,806,0,0,0,0,201,0,0,0,0,2662,_history_tree_19_updates,2029,0,0,0,0,0,0,5051,2662,0,0,0,7713,0,0,0,0,0,2345,0,0,0,0,0,0,0
89,10018649925317144938,0,0,0,0,0,0,0,0,0,0,0,0,0,0,0,0,0,0,0,0,0,0,996,0,6,9124,0,0,0,9107,0,0,0,39,2575,3,0,0,0,0,17,0,0,0,0,2581,_history_tree_19_removes,3044,0,0,0,0,0,0,2586,2580,0,0,0,5166,0,0,0,0,0,6,0,0,0,0,0,0,0
89,10018649925317144938,50272,0,0,0,0,0,45498,0,0,0,0,0,0,0,0,0,0,0,0,0,0,0,0,0,0,298377,0,0,0,97929,0,0,0,40,0,0,0,0,0,0,2183,0,0,95776,0,0,warehouse,0,0,0,0,0,0,0,0,0,0,0,0,0,197969,0,0,197967,0,0,0,0,0,95775,0,0,0
89,10018649925317144938,0,0,0,0,0,0,0,0,0,0,0,0,0,0,0,0,0,0,0,0,0,0,0,0,0,0,0,0,0,0,0,0,0,41,0,0,0,0,0,0,0,0,0,0,0,0,_warehouse_graveyard,0,0,0,0,0,0,0,0,0,0,0,0,0,0,0,0,0,0,0,0,0,0,0,0,0,0
89,10018649925317144938,97759,0,0,0,0,0,96964,0,0,0,0,0,0,0,0,0,0,0,0,0,0,0,0,0,0,302695,0,0,0,196925,0,0,0,42,0,0,0,0,0,0,1042,0,0,194706,0,0,district,0,0,0,0,0,0,0,0,0,0,0,0,0,104646,0,0,104646,0,0,0,0,0,194708,0,0,0
89,10018649925317144938,0,0,0,0,0,0,0,0,0,0,0,0,0,0,0,0,0,0,0,0,0,0,0,0,0,0,0,0,0,0,0,0,0,43,0,0,0,0,0,0,0,0,0,0,0,0,_district_graveyard,0,0,0,0,0,0,0,0,0,0,0,0,0,0,0,0,0,0,0,0,0,0,0,0,0,0
89,10018649925317144938,64178,0,0,0,0,0,60836,0,0,0,0,0,0,0,0,0,0,0,0,0,0,0,0,0,0,802823,0,0,0,125031,0,0,0,44,0,0,0,0,0,0,5,0,0,125013,0,0,customer,0,0,0,0,0,0,0,0,0,0,0,0,0,142565,0,0,142564,0,0,0,0,0,125009,0,0,0
89,10018649925317144938,0,0,0,0,0,0,0,0,0,0,0,0,0,0,0,0,0,0,0,0,0,0,0,0,0,0,0,0,0,0,0,0,0,45,0,0,0,0,0,0,0,0,0,0,0,0,_customer_graveyard,0,0,0,0,0,0,0,0,0,0,0,0,0,0,0,0,0,0,0,0,0,0,0,0,0,0
89,10018649925317144938,0,0,0,0,0,0,0,0,0,0,0,0,0,0,0,0,0,0,0,0,0,0,0,0,0,186681,0,0,0,0,0,0,0,46,0,0,0,0,0,0,62228,0,0,0,0,0,customerwdl,0,0,0,0,0,0,0,0,0,0,0,62232,0,62233,0,0,62234,0,0,0,0,0,0,0,0,0
89,10018649925317144938,0,0,0,0,0,0,0,0,0,0,0,0,0,0,0,0,0,0,0,0,0,0,0,0,0,0,0,0,0,0,0,0,0,47,0,0,0,0,0,0,0,0,0,0,0,0,_customerwdl_graveyard,0,0,0,0,0,0,0,0,0,0,0,0,0,0,0,0,0,0,0,0,0,0,0,0,0,0
89,10018649925317144938,0,0,0,0,0,0,0,0,0,0,0,0,0,0,0,0,0,0,0,0,0,0,0,0,2260,120753,0,0,0,40252,0,0,0,48,0,0,0,0,0,0,0,0,0,0,0,0,history,0,0,0,0,0,0,0,2285,0,0,0,0,2285,0,0,0,0,0,0,0,0,0,0,0,0,0
89,10018649925317144938,0,0,0,0,0,0,0,0,0,0,0,0,0,0,0,0,0,0,0,0,0,0,0,0,0,0,0,0,0,0,0,0,0,49,0,0,0,0,0,0,0,0,0,0,0,0,_history_graveyard,0,0,0,0,0,0,0,0,0,0,0,0,0,0,0,0,0,0,0,0,0,0,0,0,0,0
89,10018649925317144938,43549,87000,0,87000,0,0,43448,0,0,0,0,0,0,0,0,0,0,0,0,0,0,0,52052,0,2090,1181443,0,0,0,276424,0,10741,0,50,65,0,0,0,0,0,117370,0,0,0,0,0,neworder,92847,10741,0,0,0,0,0,3973,19,0,0,87288,3973,98029,0,0,98029,0,1816,0,0,0,0,0,0,0
89,10018649925317144938,0,0,0,0,0,0,0,0,0,0,0,0,0,0,0,0,0,0,0,0,0,0,0,0,0,0,0,0,0,0,0,0,0,51,0,0,0,0,0,0,0,0,0,0,0,0,_neworder_graveyard,0,0,0,0,0,0,0,0,0,0,0,0,0,0,0,0,0,0,0,0,0,0,0,0,0,0
89,10018649925317144938,44147,0,0,0,0,0,42830,0,0,0,0,0,0,0,0,0,0,0,0,0,0,0,0,0,4341,845742,0,0,0,191349,0,0,0,52,0,0,0,0,0,0,0,0,0,86979,0,0,order,0,0,0,0,0,0,0,4346,0,0,0,0,4346,90572,0,0,90571,0,0,0,0,0,86982,0,0,0
89,10018649925317144938,0,0,0,0,0,0,0,0,0,0,0,0,0,0,0,0,0,0,0,0,0,0,0,0,0,0,0,0,0,0,0,0,0,53,0,0,0,0,0,0,0,0,0,0,0,0,_order_graveyard,0,0,0,0,0,0,0,0,0,0,0,0,0,0,0,0,0,0,0,0,0,0,0,0,0,0
89,10018649925317144938,0,0,0,0,0,0,0,0,0,0,0,0,0,0,0,0,3588,0,0,0,0,0,0,0,1430,315096,0,0,0,101445,0,0,0,54,0,0,0,0,0,0,3588,0,0,0,0,0,order_wdc,0,0,0,0,0,0,0,1433,0,0,0,0,1433,3588,0,0,3588,0,0,0,0,0,0,0,0,0
89,10018649925317144938,0,0,0,0,0,0,0,0,0,0,0,0,0,0,0,0,0,0,0,0,0,0,0,0,0,0,0,0,0,0,0,0,0,55,0,0,0,0,0,0,0,0,0,0,0,0,_order_wdc_graveyard,0,0,0,0,0,0,0,0,0,0,0,0,0,0,0,0,0,0,0,0,0,0,0,0,0,0
89,10018649925317144938,439973,0,0,0,0,0,429954,0,0,0,0,0,0,0,0,0,0,0,0,0,0,0,99747,0,59534,7762477,0,0,0,1928098,0,888,0,56,0,0,0,0,0,0,12523,0,0,869914,0,0,orderline,1812244,888,0,0,0,0,0,60329,0,0,0,12459,60326,1824808,0,0,1824836,0,0,0,0,0,869903,0,0,0
89,10018649925317144938,0,0,0,0,0,0,0,0,0,0,0,0,0,0,0,0,0,0,0,0,0,0,0,0,0,0,0,0,0,0,0,0,0,57,0,0,0,0,0,0,0,0,0,0,0,0,_orderline_graveyard,0,0,0,0,0,0,0,0,0,0,0,0,0,0,0,0,0,0,0,0,0,0,0,0,0,0
89,10018649925317144938,0,0,0,0,0,0,0,0,0,0,0,0,0,0,0,0,0,0,0,0,0,0,0,0,0,1996872,0,0,0,0,0,0,0,58,0,0,0,0,0,0,0,0,0,0,0,0,item,0,0,0,0,0,0,0,0,0,0,0,0,0,998468,0,0,998472,0,0,0,0,0,0,0,0,0
90,10018649925317144938,0,0,0,0,0,0,0,0,0,0,0,0,0,0,0,0,0,0,0,0,0,0,0,0,0,0,0,0,0,0,0,0,0,61,0,0,0,0,0,0,0,0,0,0,0,0,_stock_graveyard,0,0,0,0,0,0,0,0,0,0,0,0,0,0,0,0,0,0,0,0,0,0,0,0,0,0
90,10018649925317144938,492850,0,0,0,0,0,480631,0,0,0,0,0,0,0,0,0,0,0,0,0,0,0,0,0,0,14828800,0,0,0,974595,0,0,0,60,0,0,0,0,0,0,1076,0,0,973489,0,0,stock,0,0,0,0,0,0,0,0,0,0,0,0,0,2731523,0,0,2731528,0,0,0,0,0,973453,0,0,0
90,10018649925317144938,0,0,0,0,0,0,0,0,0,0,0,0,0,0,0,0,0,0,0,0,0,0,0,0,0,0,0,0,0,0,0,0,0,59,0,0,0,0,0,0,0,0,0,0,0,0,_item_graveyard,0,0,0,0,0,0,0,0,0,0,0,0,0,0,0,0,0,0,0,0,0,0,0,0,0,0
90,10018649925317144938,0,0,0,0,0,0,0,0,0,0,0,0,0,0,0,0,0,0,0,0,0,0,307,0,2354,67595,0,0,0,67387,0,0,0,28,307,841,0,0,0,0,209,0,0,0,0,2637,_history_tree_14_updates,1950,0,0,0,0,0,0,5015,2637,0,0,0,7652,0,0,0,0,0,2354,0,0,0,0,0,0,0
90,10018649925317144938,0,0,0,0,0,0,0,0,0,0,0,0,0,0,0,0,0,0,0,0,0,0,999,0,5,9003,0,0,0,8980,0,0,0,27,2606,1,0,0,0,0,24,0,0,0,0,2611,_history_tree_13_removes,3046,0,0,0,0,0,0,2616,2611,0,0,0,5227,0,0,0,0,0,5,0,0,0,0,0,0,0
90,10018649925317144938,0,0,0,0,0,0,0,0,0,0,0,0,0,0,0,0,0,0,0,0,0,0,272,0,2318,66477,0,0,0,66266,0,0,0,26,272,725,0,0,0,0,211,0,0,0,0,2583,_history_tree_13_updates,1974,0,0,0,0,0,0,4908,2583,0,0,0,7492,0,0,0,0,0,2318,0,0,0,0,0,0,0
90,10018649925317144938,0,0,0,0,0,0,0,0,0,0,0,0,0,0,0,0,0,0,0,0,0,0,999,0,4,9088,0,0,0,9071,0,0,0,25,2617,0,0,0,0,0,17,0,0,0,0,2621,_history_tree_12_removes,3052,0,0,0,0,0,0,2625,2621,0,0,0,5246,0,0,0,0,0,4,0,0,0,0,0,0,0
90,10018649925317144938,0,0,0,0,0,0,0,0,0,0,0,0,0,0,0,0,0,0,0,0,0,0,289,0,2323,66516,0,0,0,66302,0,0,0,24,289,780,0,0,0,0,212,0,0,0,0,2613,_history_tree_12_updates,1948,0,0,0,0,0,0,4937,2613,0,0,0,7550,0,0,0,0,0,2325,0,0,0,0,0,0,0
90,10018649925317144938,0,0,0,0,0,0,0,0,0,0,0,0,0,0,0,0,0,0,0,0,0,0,949,0,7,9005,0,0,0,8995,0,0,0,23,2556,2,0,0,0,0,10,0,0,0,0,2563,_history_tree_11_removes,3012,0,0,0,0,0,0,2570,2563,0,0,0,5133,0,0,0,0,0,7,0,0,0,0,0,0,0
90,10018649925317144938,0,0,0,0,0,0,0,0,0,0,0,0,0,0,0,0,0,0,0,0,0,0,337,0,2323,66534,0,0,0,66290,0,0,0,22,337,796,0,0,0,0,245,0,0,0,0,2652,_history_tree_11_updates,1996,0,0,0,0,0,0,4983,2652,0,0,0,7635,0,0,0,0,0,2323,0,0,0,0,0,0,0
90,10018649925317144938,0,0,0,0,0,0,0,0,0,0,0,0,0,0,0,0,0,0,0,0,0,0,974,0,4,8947,0,0,0,8923,0,0,0,21,2549,1,0,0,0,0,24,0,0,0,0,2554,_history_tree_10_removes,3003,0,0,0,0,0,0,2558,2554,0,0,0,5112,0,0,0,0,0,4,0,0,0,0,0,0,0
90,10018649925317144938,0,0,0,0,0,0,0,0,0,0,0,0,0,0,0,0,0,0,0,0,0,0,362,0,2319,66344,0,0,0,66145,0,0,0,20,362,799,0,0,0,0,198,0,0,0,0,2665,_history_tree_10_updates,2020,0,0,0,0,0,0,4999,2665,0,0,0,7668,0,0,0,0,0,2319,0,0,0,0,0,0,0
90,10018649925317144938,0,0,0,0,0,0,0,0,0,0,0,0,0,0,0,0,0,0,0,0,0,0,991,0,8,9306,0,0,0,9292,0,0,0,19,2571,3,0,0,0,0,14,0,0,0,0,2579,_history_tree_9_removes,3022,0,0,0,0,0,0,2587,2579,0,0,0,5166,0,0,0,0,0,8,0,0,0,0,0,0,0
90,10018649925317144938,0,0,0,0,0,0,0,0,0,0,0,0,0,0,0,0,0,0,0,0,0,0,354,0,2342,67269,0,0,0,67066,0,0,0,18,354,850,0,0,0,0,202,0,0,0,0,2660,_history_tree_9_updates,1965,0,0,0,0,0,0,5038,2661,0,0,0,7699,0,0,0,0,0,2342,0,0,0,0,0,0,0
90,10018649925317144938,0,0,0,0,0,0,0,0,0,0,0,0,0,0,0,0,0,0,0,0,0,0,1027,0,5,9383,0,0,0,9368,0,0,0,17,2479,1,0,0,0,0,15,0,0,0,0,2483,_history_tree_8_removes,2965,0,0,0,0,0,0,2488,2483,0,0,0,4971,0,0,0,0,0,5,0,0,0,0,0,0,0
90,10018649925317144938,0,0,0,0,0,0,0,0,0,0,0,0,0,0,0,0,0,0,0,0,0,0,377,0,2342,67576,0,0,0,67363,0,0,0,16,377,844,0,0,0,0,212,0,0,0,0,2704,_history_tree_8_updates,2015,0,0,0,0,0,0,5062,2705,0,0,0,7767,0,0,0,0,0,2343,0,0,0,0,0,0,0
90,10018649925317144938,0,0,0,0,0,0,0,0,0,0,0,0,0,0,0,0,0,0,0,0,0,0,1025,0,10,9586,0,0,0,9569,0,0,0,15,2486,4,0,0,0,0,17,0,0,0,0,2496,_history_tree_7_removes,2946,0,0,0,0,0,0,2506,2496,0,0,0,5002,0,0,0,0,0,10,0,0,0,0,0,0,0
90,10018649925317144938,0,0,0,0,0,0,0,0,0,0,0,0,0,0,0,0,0,0,0,0,0,0,339,0,2385,68781,0,0,0,68579,0,0,0,14,339,889,0,0,0,0,199,0,0,0,0,2651,_history_tree_7_updates,1950,0,0,0,0,0,0,5108,2651,0,0,0,7759,0,0,0,0,0,2384,0,0,0,0,0,0,0
90,10018649925317144938,0,0,0,0,0,0,0,0,0,0,0,0,0,0,0,0,0,0,0,0,0,0,1028,0,7,9052,0,0,0,9035,0,0,0,13,2493,5,0,0,0,0,17,0,0,0,0,2500,_history_tree_6_removes,2933,0,0,0,0,0,0,2507,2500,0,0,0,5007,0,0,0,0,0,7,0,0,0,0,0,0,0
90,10018649925317144938,0,0,0,0,0,0,0,0,0,0,0,0,0,21980242,22498524,0,0,0,0,0,0,0,321,0,2324,66698,0,0,0,66464,0,0,0,0,321,779,0,0,0,0,232,0,0,0,0,2629,_history_tree_0_updates,1991,0,1478995,0,0,0,0,4971,2629,0,0,0,7600,0,0,0,0,0,2325,0,0,0,0,703284,0,0
90,10018649925317144938,0,0,0,0,0,0,0,0,0,0,0,0,0,0,0,0,0,0,0,0,0,0,1065,0,4,9125,0,0,0,9111,0,0,0,1,2592,1,0,0,0,0,17,0,0,0,0,2595,_history_tree_0_removes,3038,0,0,0,0,0,0,2599,2595,0,0,0,5194,0,0,0,0,0,4,0,0,0,0,0,0,0
90,10018649925317144938,0,0,0,0,0,0,0,0,0,0,0,0,0,0,0,0,0,0,0,0,0,0,377,0,2350,67813,0,0,0,67605,0,0,0,2,377,861,0,0,0,0,208,0,0,0,0,2721,_history_tree_1_updates,1998,0,0,0,0,0,0,5075,2721,0,0,0,7796,0,0,0,0,0,2348,0,0,0,0,0,0,0
90,10018649925317144938,0,0,0,0,0,0,0,0,0,0,0,0,0,0,0,0,0,0,0,0,0,0,1038,0,7,9502,0,0,0,9488,0,0,0,3,2509,2,0,0,0,0,14,0,0,0,0,2516,_history_tree_1_removes,2987,0,0,0,0,0,0,2524,2517,0,0,0,5041,0,0,0,0,0,7,0,0,0,0,0,0,0
90,10018649925317144938,0,0,0,0,0,0,0,0,0,0,0,0,0,0,0,0,0,0,0,0,0,0,346,0,2319,66432,0,0,0,66198,0,0,0,4,346,793,0,0,0,0,234,0,0,0,0,2648,_history_tree_2_updates,1981,0,0,0,0,0,0,4984,2648,0,0,0,7632,0,0,0,0,0,2319,0,0,0,0,0,0,0
90,10018649925317144938,0,0,0,0,0,0,0,0,0,0,0,0,0,0,0,0,0,0,0,0,0,0,946,0,6,8984,0,0,0,8968,0,0,0,5,2569,3,0,0,0,0,16,0,0,0,0,2574,_history_tree_2_removes,2998,0,0,0,0,0,0,2580,2574,0,0,0,5154,0,0,0,0,0,6,0,0,0,0,0,0,0
90,10018649925317144938,0,0,0,0,0,0,0,0,0,0,0,0,0,0,0,0,0,0,0,0,0,0,384,0,2309,65840,0,0,0,65642,0,0,0,6,384,826,0,0,0,0,199,0,0,0,0,2656,_history_tree_3_updates,1984,0,0,0,0,0,0,5002,2656,0,0,0,7658,0,0,0,0,0,2309,0,0,0,0,0,0,0
90,10018649925317144938,0,0,0,0,0,0,0,0,0,0,0,0,0,0,0,0,0,0,0,0,0,0,926,0,8,8798,0,0,0,8784,0,0,0,7,2513,1,0,0,0,0,14,0,0,0,0,2521,_history_tree_3_removes,2945,0,0,0,0,0,0,2529,2521,0,0,0,5050,0,0,0,0,0,8,0,0,0,0,0,0,0
90,10018649925317144938,0,0,0,0,0,0,0,0,0,0,0,0,0,0,0,0,0,0,0,0,0,0,277,0,2339,66937,0,0,0,66748,0,0,0,8,277,786,0,0,0,0,191,0,0,0,0,2612,_history_tree_4_updates,1947,0,0,0,0,0,0,4952,2612,0,0,0,7564,0,0,0,0,0,2336,0,0,0,0,0,0,0
90,10018649925317144938,0,0,0,0,0,0,0,0,0,0,0,0,0,0,0,0,0,0,0,0,0,0,1016,0,4,9106,0,0,0,9090,0,0,0,9,2598,1,0,0,0,0,16,0,0,0,0,2602,_history_tree_4_removes,3044,0,0,0,0,0,0,2606,2602,0,0,0,5208,0,0,0,0,0,4,0,0,0,0,0,0,0
90,10018649925317144938,0,0,0,0,0,0,0,0,0,0,0,0,0,0,0,0,0,0,0,0,0,0,306,0,2352,67713,0,0,0,67489,0,0,0,10,306,813,0,0,0,0,224,0,0,0,0,2658,_history_tree_5_updates,1982,0,0,0,0,0,0,5010,2658,0,0,0,7668,0,0,0,0,0,2352,0,0,0,0,0,0,0
90,10018649925317144938,0,0,0,0,0,0,0,0,0,0,0,0,0,0,0,0,0,0,0,0,0,0,1048,0,5,9377,0,0,0,9361,0,0,0,11,2567,1,0,0,0,0,16,0,0,0,0,2573,_history_tree_5_removes,3055,0,0,0,0,0,0,2578,2573,0,0,0,5151,0,0,0,0,0,5,0,0,0,0,0,0,0
90,10018649925317144938,0,0,0,0,0,0,0,0,0,0,0,0,0,0,0,0,0,0,0,0,0,0,353,0,2295,66034,0,0,0,65832,0,0,0,12,353,793,0,0,0,0,200,0,0,0,0,2565,_history_tree_6_updates,1961,0,0,0,0,0,0,4944,2565,0,0,0,7509,0,0,0,0,0,2296,0,0,0,0,0,0,0
90,10018649925317144938,0,0,0,0,0,0,0,0,0,0,0,0,0,0,0,0,0,0,0,0,0,0,1010,0,5,9251,0,0,0,9240,0,0,0,29,2517,1,0,0,0,0,10,0,0,0,0,2522,_history_tree_14_removes,2983,0,0,0,0,0,0,2527,2522,0,0,0,5049,0,0,0,0,0,5,0,0,0,0,0,0,0
90,10018649925317144938,0,0,0,0,0,0,0,0,0,0,0,0,0,0,0,0,0,0,0,0,0,0,356,0,2325,66759,0,0,0,66539,0,0,0,30,356,824,0,0,0,0,217,0,0,0,0,2660,_history_tree_15_updates,1999,0,0,0,0,0,0,5007,2660,0,0,0,7667,0,0,0,0,0,2327,0,0,0,0,0,0,0
90,10018649925317144938,0,0,0,0,0,0,0,0,0,0,0,0,0,0,0,0,0,0,0,0,0,0,985,0,6,9113,0,0,0,9101,0,0,0,31,2525,2,0,0,0,0,12,0,0,0,0,2531,_history_tree_15_removes,2976,0,0,0,0,0,0,2537,2531,0,0,0,5068,0,0,0,0,0,6,0,0,0,0,0,0,0
90,10018649925317144938,0,0,0,0,0,0,0,0,0,0,0,0,0,0,0,0,0,0,0,0,0,0,320,0,2348,67540,0,0,0,67324,0,0,0,32,320,824,0,0,0,0,217,0,0,0,0,2668,_history_tree_16_updates,2004,0,0,0,0,0,0,5017,2668,0,0,0,7685,0,0,0,0,0,2348,0,0,0,0,0,0,0
90,10018649925317144938,0,0,0,0,0,0,0,0,0,0,0,0,0,0,0,0,0,0,0,0,0,0,1029,0,4,9286,0,0,0,9272,0,0,0,33,2565,0,0,0,0,0,14,0,0,0,0,2568,_history_tree_16_removes,3057,0,0,0,0,0,0,2572,2568,0,0,0,5140,0,0,0,0,0,4,0,0,0,0,0,0,0
90,10018649925317144938,0,0,0,0,0,0,0,0,0,0,0,0,0,0,0,0,0,0,0,0,0,0,344,0,2372,144344,0,0,0,71973,0,0,0,34,10265,2710,0,0,0,0,199,0,0,0,0,6179,_history_tree_17_updates,3871,0,0,0,0,0,0,15011,12356,2,0,0,21190,0,0,0,0,0,2370,0,0,0,0,0,0,0
90,10018649925317144938,0,0,0,0,0,0,0,0,0,0,0,0,0,0,0,0,0,0,0,0,0,0,830,0,19,9111,0,0,0,9096,0,0,0,35,2377,11,0,0,0,0,15,0,0,0,0,2395,_history_tree_17_removes,2818,0,0,0,0,0,0,2415,2396,0,0,0,4811,0,0,0,0,0,19,0,0,0,0,0,0,0
90,10018649925317144938,0,0,0,0,0,0,0,0,0,0,0,0,0,0,0,0,0,0,0,0,0,0,351,0,2354,67448,0,0,0,67236,0,0,0,36,351,849,0,0,0,0,211,0,0,0,0,2671,_history_tree_18_updates,1988,0,0,0,0,0,0,5060,2671,0,0,0,7731,0,0,0,0,0,2354,0,0,0,0,0,0,0
90,10018649925317144938,0,0,0,0,0,0,0,0,0,0,0,0,0,0,0,0,0,0,0,0,0,0,987,0,7,9212,0,0,0,9199,0,0,0,37,2547,1,0,0,0,0,13,0,0,0,0,2554,_history_tree_18_removes,3019,0,0,0,0,0,0,2561,2554,0,0,0,5115,0,0,0,0,0,7,0,0,0,0,0,0,0
90,10018649925317144938,0,0,0,0,0,0,0,0,0,0,0,0,0,0,0,0,0,0,0,0,0,0,307,0,2387,68251,0,0,0,68041,0,0,0,38,307,844,0,0,0,0,211,0,0,0,0,2626,_history_tree_19_updates,1960,0,0,0,0,0,0,5081,2626,0,0,0,7707,0,0,0,0,0,2387,0,0,0,0,0,0,0
90,10018649925317144938,0,0,0,0,0,0,0,0,0,0,0,0,0,0,0,0,0,0,0,0,0,0,1009,0,7,9147,0,0,0,9132,0,0,0,39,2553,1,0,0,0,0,15,0,0,0,0,2560,_history_tree_19_removes,3004,0,0,0,0,0,0,2567,2560,0,0,0,5127,0,0,0,0,0,7,0,0,0,0,0,0,0
90,10018649925317144938,48333,0,0,0,0,0,44611,0,0,0,0,0,0,0,0,0,0,0,0,0,0,0,0,0,1,290137,0,0,0,95025,0,0,0,40,0,0,0,0,0,0,2120,0,0,92939,0,0,warehouse,0,0,0,0,0,0,0,1,0,0,0,0,1,192669,0,0,192669,1,0,0,0,0,92939,0,0,0
90,10018649925317144938,0,0,0,0,0,0,0,0,0,0,0,0,0,0,0,0,0,0,0,0,0,0,0,0,0,0,0,0,0,0,0,0,0,41,0,0,0,0,0,0,0,0,0,0,0,0,_warehouse_graveyard,0,0,0,0,0,0,0,0,0,0,0,0,0,0,0,0,0,0,0,0,0,0,0,0,0,0
90,10018649925317144938,95440,0,0,0,0,0,94103,0,0,0,0,0,0,0,0,0,0,0,0,0,0,0,0,0,0,294493,0,0,0,191702,0,0,0,42,0,0,0,0,0,0,1025,0,0,189541,0,0,district,0,0,0,0,0,0,0,0,0,0,0,0,0,101708,0,0,101707,0,0,0,0,0,189537,0,0,0
90,10018649925317144938,0,0,0,0,0,0,0,0,0,0,0,0,0,0,0,0,0,0,0,0,0,0,0,0,0,0,0,0,0,0,0,0,0,43,0,0,0,0,0,0,0,0,0,0,0,0,_district_graveyard,0,0,0,0,0,0,0,0,0,0,0,0,0,0,0,0,0,0,0,0,0,0,0,0,0,0
90,10018649925317144938,62846,0,0,0,0,0,59435,0,0,0,0,0,0,0,0,0,0,0,0,0,0,0,0,0,0,783597,0,0,0,122287,0,0,0,44,0,0,0,0,0,0,6,0,0,122275,0,0,customer,0,0,0,0,0,0,0,0,0,0,0,0,0,138909,0,0,138908,0,0,0,0,0,122273,0,0,0
90,10018649925317144938,0,0,0,0,0,0,0,0,0,0,0,0,0,0,0,0,0,0,0,0,0,0,0,0,0,0,0,0,0,0,0,0,0,45,0,0,0,0,0,0,0,0,0,0,0,0,_customer_graveyard,0,0,0,0,0,0,0,0,0,0,0,0,0,0,0,0,0,0,0,0,0,0,0,0,0,0
90,10018649925317144938,0,0,0,0,0,0,0,0,0,0,0,0,0,0,0,0,0,0,0,0,0,0,0,0,0,181062,0,0,0,0,0,0,0,46,0,0,0,0,0,0,60351,0,0,0,0,0,customerwdl,0,0,0,0,0,0,0,0,0,0,0,60346,0,60345,0,0,60346,0,0,0,0,0,0,0,0,0
90,10018649925317144938,0,0,0,0,0,0,0,0,0,0,0,0,0,0,0,0,0,0,0,0,0,0,0,0,0,0,0,0,0,0,0,0,0,47,0,0,0,0,0,0,0,0,0,0,0,0,_customerwdl_graveyard,0,0,0,0,0,0,0,0,0,0,0,0,0,0,0,0,0,0,0,0,0,0,0,0,0,0
90,10018649925317144938,0,0,0,0,0,0,0,0,0,0,0,0,0,0,0,0,0,0,0,0,0,0,0,0,2195,117057,0,0,0,39020,0,0,0,48,0,0,0,0,0,0,0,0,0,0,0,0,history,0,0,0,0,0,0,0,2224,0,0,0,0,2224,0,0,0,0,0,0,0,0,0,0,0,0,0
90,10018649925317144938,0,0,0,0,0,0,0,0,0,0,0,0,0,0,0,0,0,0,0,0,0,0,0,0,0,0,0,0,0,0,0,0,0,49,0,0,0,0,0,0,0,0,0,0,0,0,_history_graveyard,0,0,0,0,0,0,0,0,0,0,0,0,0,0,0,0,0,0,0,0,0,0,0,0,0,0
90,10018649925317144938,42757,85460,0,85460,0,0,42675,0,0,0,0,0,0,0,0,0,0,0,0,0,0,0,49994,0,2056,1159304,0,0,0,271004,0,10374,0,50,2,0,0,0,0,0,115424,0,0,0,0,0,neworder,90040,10373,0,0,0,0,0,3895,2,0,0,85744,3896,96118,0,0,96119,0,1833,0,0,0,0,0,0,0
90,10018649925317144938,0,0,0,0,0,0,0,0,0,0,0,0,0,0,0,0,0,0,0,0,0,0,0,0,0,0,0,0,0,0,0,0,0,51,0,0,0,0,0,0,0,0,0,0,0,0,_neworder_graveyard,0,0,0,0,0,0,0,0,0,0,0,0,0,0,0,0,0,0,0,0,0,0,0,0,0,0
90,10018649925317144938,43138,0,0,0,0,0,42295,0,0,0,0,0,0,0,0,0,0,0,0,0,0,0,0,0,4257,829051,0,0,0,187440,0,0,0,52,0,0,0,0,0,0,0,0,0,85431,0,0,order,0,0,0,0,0,0,0,4259,0,0,0,0,4259,88904,0,0,88904,0,0,0,0,0,85426,0,0,0
90,10018649925317144938,0,0,0,0,0,0,0,0,0,0,0,0,0,0,0,0,0,0,0,0,0,0,0,0,0,0,0,0,0,0,0,0,0,53,0,0,0,0,0,0,0,0,0,0,0,0,_order_graveyard,0,0,0,0,0,0,0,0,0,0,0,0,0,0,0,0,0,0,0,0,0,0,0,0,0,0
90,10018649925317144938,0,0,0,0,0,0,0,0,0,0,0,0,0,0,0,0,3477,0,0,0,0,0,0,0,1371,307755,0,0,0,99105,1,1,0,54,0,0,0,0,0,0,3478,0,0,0,0,0,order_wdc,0,1,0,0,0,0,0,1380,0,0,0,0,1380,3480,0,0,3480,0,0,0,0,0,0,0,0,0
90,10018649925317144938,0,0,0,0,0,0,0,0,0,0,0,0,0,0,0,0,0,0,0,0,0,0,0,0,0,0,0,0,0,0,0,0,0,55,0,0,0,0,0,0,0,0,0,0,0,0,_order_wdc_graveyard,0,0,0,0,0,0,0,0,0,0,0,0,0,0,0,0,0,0,0,0,0,0,0,0,0,0
90,10018649925317144938,432164,0,0,0,0,0,422294,0,0,0,0,0,0,0,0,0,0,0,0,0,0,0,98651,0,58031,7592553,0,0,0,1885831,0,975,0,56,0,0,0,0,0,0,12321,0,0,854481,0,0,orderline,1793775,975,0,0,0,0,0,58816,0,0,0,12255,58817,1805907,0,0,1805879,0,0,0,0,0,854532,0,0,0
90,10018649925317144938,0,0,0,0,0,0,0,0,0,0,0,0,0,0,0,0,0,0,0,0,0,0,0,0,0,0,0,0,0,0,0,0,0,57,0,0,0,0,0,0,0,0,0,0,0,0,_orderline_graveyard,0,0,0,0,0,0,0,0,0,0,0,0,0,0,0,0,0,0,0,0,0,0,0,0,0,0
90,10018649925317144938,0,0,0,0,0,0,0,0,0,0,0,0,0,0,0,0,0,0,0,0,0,0,0,0,0,1946378,0,0,0,0,0,0,0,58,0,0,0,0,0,0,0,0,0,0,0,0,item,0,0,0,0,0,0,0,0,0,0,0,0,0,973218,0,0,973216,0,0,0,0,0,0,0,0,0
91,10018649925317144938,0,0,0,0,0,0,0,0,0,0,0,0,0,0,0,0,0,0,0,0,0,0,0,0,0,0,0,0,0,0,0,0,0,61,0,0,0,0,0,0,0,0,0,0,0,0,_stock_graveyard,0,0,0,0,0,0,0,0,0,0,0,0,0,0,0,0,0,0,0,0,0,0,0,0,0,0
91,10018649925317144938,514008,0,0,0,0,0,501569,0,0,0,0,0,0,0,0,0,0,0,0,0,0,0,0,0,0,15484788,0,0,0,1016554,0,0,0,60,0,0,0,0,0,0,1118,0,0,1015480,0,0,stock,0,0,0,0,0,0,0,0,0,0,0,0,0,2853397,0,0,2853373,0,0,0,0,0,1015454,0,0,0
91,10018649925317144938,0,0,0,0,0,0,0,0,0,0,0,0,0,0,0,0,0,0,0,0,0,0,0,0,0,0,0,0,0,0,0,0,0,59,0,0,0,0,0,0,0,0,0,0,0,0,_item_graveyard,0,0,0,0,0,0,0,0,0,0,0,0,0,0,0,0,0,0,0,0,0,0,0,0,0,0
91,10018649925317144938,0,0,0,0,0,0,0,0,0,0,0,0,0,0,0,0,0,0,0,0,0,0,373,0,2404,69012,0,0,0,68798,0,0,0,28,373,813,0,0,0,0,212,0,0,0,0,2716,_history_tree_14_updates,2094,0,0,0,0,0,0,5171,2716,0,0,0,7887,0,0,0,0,0,2394,0,0,0,0,0,0,0
91,10018649925317144938,0,0,0,0,0,0,0,0,0,0,0,0,0,0,0,0,0,0,0,0,0,0,1076,0,6,9553,0,0,0,9530,0,0,0,27,2720,0,0,0,0,0,22,0,0,0,0,2724,_history_tree_13_removes,3177,0,0,0,0,0,0,2730,2724,0,0,0,5454,0,0,0,0,0,4,0,0,0,0,0,0,0
91,10018649925317144938,0,0,0,0,0,0,0,0,0,0,0,0,0,0,0,0,0,0,0,0,0,0,324,0,2431,69702,0,0,0,69501,0,0,0,26,324,782,0,0,0,0,201,0,0,0,0,2712,_history_tree_13_updates,2031,0,0,0,0,0,0,5144,2712,0,0,0,7855,0,0,0,0,0,2389,0,0,0,0,0,0,0
91,10018649925317144938,0,0,0,0,0,0,0,0,0,0,0,0,0,0,0,0,0,0,0,0,0,0,1009,0,6,9439,0,0,0,9421,0,0,0,25,2674,1,0,0,0,0,18,0,0,0,0,2678,_history_tree_12_removes,3149,0,0,0,0,0,0,2684,2678,0,0,0,5362,0,0,0,0,0,4,0,0,0,0,0,0,0
91,10018649925317144938,0,0,0,0,0,0,0,0,0,0,0,0,0,0,0,0,0,0,0,0,0,0,358,0,2432,69655,0,0,0,69429,0,0,0,24,358,798,0,0,0,0,221,0,0,0,0,2717,_history_tree_12_updates,2058,0,0,0,0,0,0,5154,2717,0,0,0,7871,0,0,0,0,0,2364,0,0,0,0,0,0,0
91,10018649925317144938,0,0,0,0,0,0,0,0,0,0,0,0,0,0,0,0,0,0,0,0,0,0,1066,0,7,9523,0,0,0,9513,0,0,0,23,2703,2,0,0,0,0,10,0,0,0,0,2709,_history_tree_11_removes,3173,0,0,0,0,0,0,2716,2709,0,0,0,5425,0,0,0,0,0,6,0,0,0,0,0,0,0
91,10018649925317144938,0,0,0,0,0,0,0,0,0,0,0,0,0,0,0,0,0,0,0,0,0,0,336,0,2430,69639,0,0,0,69414,0,0,0,22,336,788,0,0,0,0,222,0,0,0,0,2716,_history_tree_11_updates,2059,0,0,0,0,0,0,5146,2716,0,0,0,7862,0,0,0,0,0,2380,0,0,0,0,0,0,0
91,10018649925317144938,0,0,0,0,0,0,0,0,0,0,0,0,0,0,0,0,0,0,0,0,0,0,1061,0,7,9500,0,0,0,9487,0,0,0,21,2681,0,0,0,0,0,13,0,0,0,0,2685,_history_tree_10_removes,3129,0,0,0,0,0,0,2692,2685,0,0,0,5377,0,0,0,0,0,5,0,0,0,0,0,0,0
91,10018649925317144938,0,0,0,0,0,0,0,0,0,0,0,0,0,0,0,0,0,0,0,0,0,0,342,0,2431,69647,0,0,0,69432,0,0,0,20,342,778,0,0,0,0,214,0,0,0,0,2733,_history_tree_10_updates,2068,0,0,0,0,0,0,5165,2733,0,0,0,7894,0,0,0,0,0,2390,0,0,0,0,0,0,0
91,10018649925317144938,0,0,0,0,0,0,0,0,0,0,0,0,0,0,0,0,0,0,0,0,0,0,1046,0,8,9193,0,0,0,9177,0,0,0,19,2667,1,0,0,0,0,16,0,0,0,0,2672,_history_tree_9_removes,3126,0,0,0,0,0,0,2680,2672,0,0,0,5352,0,0,0,0,0,5,0,0,0,0,0,0,0
91,10018649925317144938,0,0,0,0,0,0,0,0,0,0,0,0,0,0,0,0,0,0,0,0,0,0,355,0,2423,69186,0,0,0,68961,0,0,0,18,355,779,0,0,0,0,224,0,0,0,0,2706,_history_tree_9_updates,2051,0,0,0,0,0,0,5132,2705,0,0,0,7837,0,0,0,0,0,2354,0,0,0,0,0,0,0
91,10018649925317144938,0,0,0,0,0,0,0,0,0,0,0,0,0,0,0,0,0,0,0,0,0,0,998,0,10,9426,0,0,0,9412,0,0,0,17,2673,3,0,0,0,0,14,0,0,0,0,2682,_history_tree_8_removes,3116,0,0,0,0,0,0,2692,2682,0,0,0,5374,0,0,0,0,0,9,0,0,0,0,0,0,0
91,10018649925317144938,0,0,0,0,0,0,0,0,0,0,0,0,0,0,0,0,0,0,0,0,0,0,346,0,2418,69292,0,0,0,69095,0,0,0,16,346,794,0,0,0,0,197,0,0,0,0,2696,_history_tree_8_updates,2031,0,0,0,0,0,0,5131,2695,0,0,0,7826,0,0,0,0,0,2367,0,0,0,0,0,0,0
91,10018649925317144938,0,0,0,0,0,0,0,0,0,0,0,0,0,0,0,0,0,0,0,0,0,0,935,0,6,8684,0,0,0,8674,0,0,0,15,2672,1,0,0,0,0,10,0,0,0,0,2678,_history_tree_7_removes,3094,0,0,0,0,0,0,2684,2678,0,0,0,5362,0,0,0,0,0,6,0,0,0,0,0,0,0
91,10018649925317144938,0,0,0,0,0,0,0,0,0,0,0,0,0,0,0,0,0,0,0,0,0,0,338,0,2365,67131,0,0,0,66906,0,0,0,14,338,759,0,0,0,0,223,0,0,0,0,2630,_history_tree_7_updates,2037,0,0,0,0,0,0,5048,2630,0,0,0,7678,0,0,0,0,0,2345,0,0,0,0,0,0,0
91,10018649925317144938,0,0,0,0,0,0,0,0,0,0,0,0,0,0,0,0,0,0,0,0,0,0,1052,0,8,9634,0,0,0,9620,0,0,0,13,2666,3,0,0,0,0,11,0,0,0,0,2672,_history_tree_6_removes,3127,0,0,0,0,0,0,2680,2672,0,0,0,5352,0,0,0,0,0,6,0,0,0,0,0,0,0
91,10018649925317144938,0,0,0,0,0,0,0,0,0,0,0,0,0,22786992,23321814,0,0,0,0,0,0,0,303,0,2445,70128,0,0,0,69913,0,0,0,0,303,771,0,0,0,0,213,0,0,0,0,2668,_history_tree_0_updates,2021,0,1522208,0,0,0,0,5120,2668,0,0,0,7788,0,0,0,0,0,2373,0,0,0,0,721723,0,0
91,10018649925317144938,0,0,0,0,0,0,0,0,0,0,0,0,0,0,0,0,0,0,0,0,0,0,1021,0,7,9484,0,0,0,9463,0,0,0,1,2654,1,0,0,0,0,18,0,0,0,0,2658,_history_tree_0_removes,3105,0,0,0,0,0,0,2665,2658,0,0,0,5323,0,0,0,0,0,4,0,0,0,0,0,0,0
91,10018649925317144938,0,0,0,0,0,0,0,0,0,0,0,0,0,0,0,0,0,0,0,0,0,0,376,0,2402,68521,0,0,0,68312,0,0,0,2,376,829,0,0,0,0,206,0,0,0,0,2682,_history_tree_1_updates,2048,0,0,0,0,0,0,5148,2682,0,0,0,7830,0,0,0,0,0,2370,0,0,0,0,0,0,0
91,10018649925317144938,0,0,0,0,0,0,0,0,0,0,0,0,0,0,0,0,0,0,0,0,0,0,937,0,12,9136,0,0,0,9119,0,0,0,3,2675,5,0,0,0,0,17,0,0,0,0,2686,_history_tree_1_removes,3115,0,0,0,0,0,0,2697,2685,0,0,0,5382,0,0,0,0,0,11,0,0,0,0,0,0,0
91,10018649925317144938,0,0,0,0,0,0,0,0,0,0,0,0,0,0,0,0,0,0,0,0,0,0,366,0,2435,70017,0,0,0,69795,0,0,0,4,366,795,0,0,0,0,221,0,0,0,0,2750,_history_tree_2_updates,2091,0,0,0,0,0,0,5191,2750,0,0,0,7941,0,0,0,0,0,2390,0,0,0,0,0,0,0
91,10018649925317144938,0,0,0,0,0,0,0,0,0,0,0,0,0,0,0,0,0,0,0,0,0,0,1030,0,6,9547,0,0,0,9535,0,0,0,5,2666,1,0,0,0,0,12,0,0,0,0,2671,_history_tree_2_removes,3125,0,0,0,0,0,0,2677,2671,0,0,0,5348,0,0,0,0,0,5,0,0,0,0,0,0,0
91,10018649925317144938,0,0,0,0,0,0,0,0,0,0,0,0,0,0,0,0,0,0,0,0,0,0,366,0,2408,68405,0,0,0,68194,0,0,0,6,366,772,0,0,0,0,210,0,0,0,0,2714,_history_tree_3_updates,2050,0,0,0,0,0,0,5122,2714,0,0,0,7836,0,0,0,0,0,2348,0,0,0,0,0,0,0
91,10018649925317144938,0,0,0,0,0,0,0,0,0,0,0,0,0,0,0,0,0,0,0,0,0,0,965,0,6,8982,0,0,0,8968,0,0,0,7,2751,2,0,0,0,0,14,0,0,0,0,2756,_history_tree_3_removes,3179,0,0,0,0,0,0,2762,2756,0,0,0,5518,0,0,0,0,0,5,0,0,0,0,0,0,0
91,10018649925317144938,0,0,0,0,0,0,0,0,0,0,0,0,0,0,0,0,0,0,0,0,0,0,386,0,2424,69841,0,0,0,69658,0,0,0,8,386,830,0,0,0,0,181,0,0,0,0,2735,_history_tree_4_updates,2052,0,0,0,0,0,0,5190,2735,0,0,0,7925,0,0,0,0,0,2380,0,0,0,0,0,0,0
91,10018649925317144938,0,0,0,0,0,0,0,0,0,0,0,0,0,0,0,0,0,0,0,0,0,0,1007,0,10,9597,0,0,0,9588,0,0,0,9,2600,3,0,0,0,0,9,0,0,0,0,2608,_history_tree_4_removes,3050,0,0,0,0,0,0,2618,2608,0,0,0,5226,0,0,0,0,0,8,0,0,0,0,0,0,0
91,10018649925317144938,0,0,0,0,0,0,0,0,0,0,0,0,0,0,0,0,0,0,0,0,0,0,341,0,2403,68738,0,0,0,68523,0,0,0,10,341,813,0,0,0,0,214,0,0,0,0,2683,_history_tree_5_updates,2031,0,0,0,0,0,0,5118,2683,0,0,0,7801,0,0,0,0,0,2375,0,0,0,0,0,0,0
91,10018649925317144938,0,0,0,0,0,0,0,0,0,0,0,0,0,0,0,0,0,0,0,0,0,0,1014,0,7,9283,0,0,0,9271,0,0,0,11,2654,2,0,0,0,0,12,0,0,0,0,2660,_history_tree_5_removes,3094,0,0,0,0,0,0,2667,2660,0,0,0,5327,0,0,0,0,0,7,0,0,0,0,0,0,0
91,10018649925317144938,0,0,0,0,0,0,0,0,0,0,0,0,0,0,0,0,0,0,0,0,0,0,359,0,2468,70756,0,0,0,70557,0,0,0,12,359,812,0,0,0,0,198,0,0,0,0,2698,_history_tree_6_updates,2044,0,0,0,0,0,0,5206,2698,0,0,0,7904,0,0,0,0,0,2379,0,0,0,0,0,0,0
91,10018649925317144938,0,0,0,0,0,0,0,0,0,0,0,0,0,0,0,0,0,0,0,0,0,0,1034,0,8,9491,0,0,0,9484,0,0,0,29,2687,4,0,0,0,0,7,0,0,0,0,2695,_history_tree_14_removes,3144,0,0,0,0,0,0,2703,2695,0,0,0,5398,0,0,0,0,0,8,0,0,0,0,0,0,0
91,10018649925317144938,0,0,0,0,0,0,0,0,0,0,0,0,0,0,0,0,0,0,0,0,0,0,346,0,2406,68746,0,0,0,68548,0,0,0,30,346,793,0,0,0,0,197,0,0,0,0,2683,_history_tree_15_updates,2019,0,0,0,0,0,0,5108,2683,0,0,0,7791,0,0,0,0,0,2356,0,0,0,0,0,0,0
91,10018649925317144938,0,0,0,0,0,0,0,0,0,0,0,0,0,0,0,0,0,0,0,0,0,0,1002,0,9,9186,0,0,0,9168,0,0,0,31,2640,2,0,0,0,0,18,0,0,0,0,2647,_history_tree_15_removes,3072,0,0,0,0,0,0,2656,2647,0,0,0,5303,0,0,0,0,0,7,0,0,0,0,0,0,0
91,10018649925317144938,0,0,0,0,0,0,0,0,0,0,0,0,0,0,0,0,0,0,0,0,0,0,300,0,2381,67854,0,0,0,67637,0,0,0,32,300,775,0,0,0,0,213,0,0,0,0,2642,_history_tree_16_updates,2017,0,0,0,0,0,0,5043,2642,0,0,0,7685,0,0,0,0,0,2363,0,0,0,0,0,0,0
91,10018649925317144938,0,0,0,0,0,0,0,0,0,0,0,0,0,0,0,0,0,0,0,0,0,0,985,0,5,8993,0,0,0,8979,0,0,0,33,2677,2,0,0,0,0,14,0,0,0,0,2682,_history_tree_16_removes,3140,0,0,0,0,0,0,2687,2682,0,0,0,5369,0,0,0,0,0,5,0,0,0,0,0,0,0
91,10018649925317144938,0,0,0,0,0,0,0,0,0,0,0,0,0,0,0,0,0,0,0,0,0,0,357,0,2372,144740,0,0,0,72149,0,0,0,34,10790,2642,0,0,0,0,220,0,0,0,0,6436,_history_tree_17_updates,4112,0,0,0,0,0,0,15446,12871,1,0,0,21882,0,0,0,0,0,2285,0,0,0,0,0,0,0
91,10018649925317144938,0,0,0,0,0,0,0,0,0,0,0,0,0,0,0,0,0,0,0,0,0,0,857,0,19,8906,0,0,0,8892,0,0,0,35,2538,9,0,0,0,0,14,0,0,0,0,2553,_history_tree_17_removes,2973,0,0,0,0,0,0,2571,2552,0,0,0,5123,0,0,0,0,0,15,0,0,0,0,0,0,0
91,10018649925317144938,0,0,0,0,0,0,0,0,0,0,0,0,0,0,0,0,0,0,0,0,0,0,361,0,2401,68926,0,0,0,68685,0,0,0,36,361,825,0,0,0,0,230,0,0,0,0,2689,_history_tree_18_updates,2046,0,0,0,0,0,0,5145,2689,0,0,0,7834,0,0,0,0,0,2383,0,0,0,0,0,0,0
91,10018649925317144938,0,0,0,0,0,0,0,0,0,0,0,0,0,0,0,0,0,0,0,0,0,0,1030,0,6,9384,0,0,0,9367,0,0,0,37,2625,3,0,0,0,0,17,0,0,0,0,2631,_history_tree_18_removes,3079,0,0,0,0,0,0,2637,2631,0,0,0,5268,0,0,0,0,0,6,0,0,0,0,0,0,0
91,10018649925317144938,0,0,0,0,0,0,0,0,0,0,0,0,0,0,0,0,0,0,0,0,0,0,352,0,2351,67282,0,0,0,67067,0,0,0,38,352,767,0,0,0,0,211,0,0,0,0,2641,_history_tree_19_updates,2047,0,0,0,0,0,0,5052,2641,0,0,0,7693,0,0,0,0,0,2349,0,0,0,0,0,0,0
91,10018649925317144938,0,0,0,0,0,0,0,0,0,0,0,0,0,0,0,0,0,0,0,0,0,0,980,0,6,9109,0,0,0,9094,0,0,0,39,2647,3,0,0,0,0,15,0,0,0,0,2653,_history_tree_19_removes,3083,0,0,0,0,0,0,2659,2653,0,0,0,5312,0,0,0,0,0,6,0,0,0,0,0,0,0
91,10018649925317144938,50024,0,0,0,0,0,46507,0,0,0,0,0,0,0,0,0,0,0,0,0,0,0,0,0,0,300501,0,0,0,98435,0,0,0,40,0,0,0,0,0,0,2123,0,0,96523,0,0,warehouse,0,0,0,0,0,0,0,0,0,0,0,0,0,199639,0,0,199638,0,0,0,0,0,96519,0,0,0
91,10018649925317144938,0,0,0,0,0,0,0,0,0,0,0,0,0,0,0,0,0,0,0,0,0,0,0,0,0,0,0,0,0,0,0,0,0,41,0,0,0,0,0,0,0,0,0,0,0,0,_warehouse_graveyard,0,0,0,0,0,0,0,0,0,0,0,0,0,0,0,0,0,0,0,0,0,0,0,0,0,0
91,10018649925317144938,99171,0,0,0,0,0,97437,0,0,0,0,0,0,0,0,0,0,0,0,0,0,0,0,0,0,305410,0,0,0,198731,0,0,0,42,0,0,0,0,0,0,979,0,0,196583,0,0,district,0,0,0,0,0,0,0,0,0,0,0,0,0,105623,0,0,105622,0,0,0,0,0,196565,0,0,0
91,10018649925317144938,0,0,0,0,0,0,0,0,0,0,0,0,0,0,0,0,0,0,0,0,0,0,0,0,0,0,0,0,0,0,0,0,0,43,0,0,0,0,0,0,0,0,0,0,0,0,_district_graveyard,0,0,0,0,0,0,0,0,0,0,0,0,0,0,0,0,0,0,0,0,0,0,0,0,0,0
91,10018649925317144938,64291,0,0,0,0,0,60511,0,0,0,0,0,0,0,0,0,0,0,0,0,0,0,0,0,0,806247,0,0,0,124818,0,0,0,44,0,0,0,0,0,0,7,0,0,124797,0,0,customer,0,0,0,0,0,0,0,0,0,0,0,0,0,143914,0,0,143914,0,0,0,0,0,124795,0,0,0
91,10018649925317144938,0,0,0,0,0,0,0,0,0,0,0,0,0,0,0,0,0,0,0,0,0,0,0,0,0,0,0,0,0,0,0,0,0,45,0,0,0,0,0,0,0,0,0,0,0,0,_customer_graveyard,0,0,0,0,0,0,0,0,0,0,0,0,0,0,0,0,0,0,0,0,0,0,0,0,0,0
91,10018649925317144938,0,0,0,0,0,0,0,0,0,0,0,0,0,0,0,0,0,0,0,0,0,0,0,0,0,188220,0,0,0,0,0,0,0,46,0,0,0,0,0,0,62740,0,0,0,0,0,customerwdl,0,0,0,0,0,0,0,0,0,0,0,62739,0,62739,0,0,62737,0,0,0,0,0,0,0,0,0
91,10018649925317144938,0,0,0,0,0,0,0,0,0,0,0,0,0,0,0,0,0,0,0,0,0,0,0,0,0,0,0,0,0,0,0,0,0,47,0,0,0,0,0,0,0,0,0,0,0,0,_customerwdl_graveyard,0,0,0,0,0,0,0,0,0,0,0,0,0,0,0,0,0,0,0,0,0,0,0,0,0,0
91,10018649925317144938,0,0,0,0,0,0,0,0,0,0,0,0,0,0,0,0,0,0,0,0,0,0,0,0,2277,121848,0,0,0,40614,0,0,0,48,0,0,0,0,0,0,0,0,0,0,0,0,history,0,0,0,0,0,0,0,2301,0,0,0,0,2301,0,0,0,0,0,0,0,0,0,0,0,0,0
91,10018649925317144938,0,0,0,0,0,0,0,0,0,0,0,0,0,0,0,0,0,0,0,0,0,0,0,0,0,0,0,0,0,0,0,0,0,49,0,0,0,0,0,0,0,0,0,0,0,0,_history_graveyard,0,0,0,0,0,0,0,0,0,0,0,0,0,0,0,0,0,0,0,0,0,0,0,0,0,0
91,10018649925317144938,43254,84840,0,84840,0,0,43148,0,0,0,0,0,0,0,0,0,0,0,0,0,0,0,51638,0,2114,1174527,0,0,0,274686,0,12692,0,50,29,0,0,0,0,0,116813,0,0,0,0,0,neworder,94449,12692,0,0,0,0,0,3916,3,0,0,86680,3916,99370,0,0,99369,0,1767,0,0,0,0,0,0,0
91,10018649925317144938,0,0,0,0,0,0,0,0,0,0,0,0,0,0,0,0,0,0,0,0,0,0,0,0,0,0,0,0,0,0,0,0,0,51,0,0,0,0,0,0,0,0,0,0,0,0,_neworder_graveyard,0,0,0,0,0,0,0,0,0,0,0,0,0,0,0,0,0,0,0,0,0,0,0,0,0,0
91,10018649925317144938,43560,0,0,0,0,0,42826,0,0,0,0,0,0,0,0,0,0,0,0,0,0,0,0,0,4415,845189,0,0,0,191821,0,0,0,52,0,0,0,0,0,0,0,0,0,86380,0,0,order,0,0,0,0,0,0,0,4434,0,0,0,0,4434,89902,0,0,89902,0,0,0,0,0,86378,0,0,0
91,10018649925317144938,0,0,0,0,0,0,0,0,0,0,0,0,0,0,0,0,0,0,0,0,0,0,0,0,0,0,0,0,0,0,0,0,0,53,0,0,0,0,0,0,0,0,0,0,0,0,_order_graveyard,0,0,0,0,0,0,0,0,0,0,0,0,0,0,0,0,0,0,0,0,0,0,0,0,0,0
91,10018649925317144938,0,0,0,0,0,0,0,0,0,0,0,0,0,0,0,0,3523,0,0,0,0,0,0,0,1382,317661,0,0,0,102365,0,0,0,54,0,0,0,0,0,0,3522,0,0,0,0,0,order_wdc,0,0,0,0,0,0,0,1394,0,0,0,0,1394,3521,0,0,3521,0,0,0,0,0,0,0,0,0
91,10018649925317144938,0,0,0,0,0,0,0,0,0,0,0,0,0,0,0,0,0,0,0,0,0,0,0,0,0,0,0,0,0,0,0,0,0,55,0,0,0,0,0,0,0,0,0,0,0,0,_order_wdc_graveyard,0,0,0,0,0,0,0,0,0,0,0,0,0,0,0,0,0,0,0,0,0,0,0,0,0,0
91,10018649925317144938,436622,0,0,0,0,0,426715,0,0,0,0,0,0,0,0,0,0,0,0,0,0,0,102333,0,59991,7768959,0,0,0,1929483,0,1197,0,56,0,0,0,0,0,0,12730,0,0,863251,0,0,orderline,1861575,1197,0,0,0,0,0,60796,0,0,0,12643,60795,1874211,0,0,1874211,0,0,0,0,0,863177,0,0,0
91,10018649925317144938,0,0,0,0,0,0,0,0,0,0,0,0,0,0,0,0,0,0,0,0,0,0,0,0,0,0,0,0,0,0,0,0,0,57,0,0,0,0,0,0,0,0,0,0,0,0,_orderline_graveyard,0,0,0,0,0,0,0,0,0,0,0,0,0,0,0,0,0,0,0,0,0,0,0,0,0,0
91,10018649925317144938,0,0,0,0,0,0,0,0,0,0,0,0,0,0,0,0,0,0,0,0,0,0,0,0,0,2011506,0,0,0,0,0,0,0,58,0,0,0,0,0,0,0,0,0,0,0,0,item,0,0,0,0,0,0,0,0,0,0,0,0,0,1005635,0,0,1005625,0,0,0,0,0,0,0,0,0
92,10018649925317144938,0,0,0,0,0,0,0,0,0,0,0,0,0,0,0,0,0,0,0,0,0,0,0,0,0,0,0,0,0,0,0,0,0,61,0,0,0,0,0,0,0,0,0,0,0,0,_stock_graveyard,0,0,0,0,0,0,0,0,0,0,0,0,0,0,0,0,0,0,0,0,0,0,0,0,0,0
92,10018649925317144938,509297,0,0,0,0,0,497189,0,0,0,0,0,0,0,0,0,0,0,0,0,0,0,0,0,0,15283437,0,0,0,1007496,0,0,0,60,0,0,0,0,0,0,1037,0,0,1006499,0,0,stock,0,0,0,0,0,0,0,0,0,0,0,0,0,2812357,0,0,2812351,0,0,0,0,0,1006506,0,0,0
92,10018649925317144938,0,0,0,0,0,0,0,0,0,0,0,0,0,0,0,0,0,0,0,0,0,0,0,0,0,0,0,0,0,0,0,0,0,59,0,0,0,0,0,0,0,0,0,0,0,0,_item_graveyard,0,0,0,0,0,0,0,0,0,0,0,0,0,0,0,0,0,0,0,0,0,0,0,0,0,0
92,10018649925317144938,0,0,0,0,0,0,0,0,0,0,0,0,0,0,0,0,0,0,0,0,0,0,372,0,2422,69755,0,0,0,69569,0,0,0,28,372,805,0,0,0,0,186,0,0,0,0,2752,_history_tree_14_updates,2086,0,0,0,0,0,0,5178,2752,0,0,0,7930,0,0,0,0,0,2383,0,0,0,0,0,0,0
92,10018649925317144938,0,0,0,0,0,0,0,0,0,0,0,0,0,0,0,0,0,0,0,0,0,0,1019,0,6,9412,0,0,0,9390,0,0,0,27,2671,2,0,0,0,0,22,0,0,0,0,2678,_history_tree_13_removes,3141,0,0,0,0,0,0,2684,2678,0,0,0,5362,0,0,0,0,0,7,0,0,0,0,0,0,0
92,10018649925317144938,0,0,0,0,0,0,0,0,0,0,0,0,0,0,0,0,0,0,0,0,0,0,339,0,2403,68742,0,0,0,68520,0,0,0,26,339,839,0,0,0,0,221,0,0,0,0,2746,_history_tree_13_updates,2054,0,0,0,0,0,0,5155,2746,0,0,0,7901,0,0,0,0,0,2413,0,0,0,0,0,0,0
92,10018649925317144938,0,0,0,0,0,0,0,0,0,0,0,0,0,0,0,0,0,0,0,0,0,0,1007,0,6,9420,0,0,0,9403,0,0,0,25,2698,2,0,0,0,0,17,0,0,0,0,2705,_history_tree_12_removes,3146,0,0,0,0,0,0,2711,2705,0,0,0,5416,0,0,0,0,0,7,0,0,0,0,0,0,0
92,10018649925317144938,0,0,0,0,0,0,0,0,0,0,0,0,0,0,0,0,0,0,0,0,0,0,354,0,2402,68806,0,0,0,68599,0,0,0,24,354,857,0,0,0,0,207,0,0,0,0,2764,_history_tree_12_updates,2042,0,0,0,0,0,0,5186,2764,0,0,0,7950,0,0,0,0,0,2430,0,0,0,0,0,0,0
92,10018649925317144938,0,0,0,0,0,0,0,0,0,0,0,0,0,0,0,0,0,0,0,0,0,0,1076,0,6,9531,0,0,0,9518,0,0,0,23,2675,3,0,0,0,0,13,0,0,0,0,2681,_history_tree_11_removes,3145,0,0,0,0,0,0,2687,2681,0,0,0,5368,0,0,0,0,0,6,0,0,0,0,0,0,0
92,10018649925317144938,0,0,0,0,0,0,0,0,0,0,0,0,0,0,0,0,0,0,0,0,0,0,343,0,2409,69257,0,0,0,69028,0,0,0,22,343,816,0,0,0,0,229,0,0,0,0,2767,_history_tree_11_updates,2066,0,0,0,0,0,0,5178,2767,0,0,0,7945,0,0,0,0,0,2426,0,0,0,0,0,0,0
92,10018649925317144938,0,0,0,0,0,0,0,0,0,0,0,0,0,0,0,0,0,0,0,0,0,0,1008,0,7,9485,0,0,0,9474,0,0,0,21,2686,3,0,0,0,0,11,0,0,0,0,2694,_history_tree_10_removes,3155,0,0,0,0,0,0,2701,2694,0,0,0,5395,0,0,0,0,0,8,0,0,0,0,0,0,0
92,10018649925317144938,0,0,0,0,0,0,0,0,0,0,0,0,0,0,0,0,0,0,0,0,0,0,374,0,2410,69136,0,0,0,68939,0,0,0,20,375,854,0,0,0,0,197,0,0,0,0,2786,_history_tree_10_updates,2083,0,0,0,0,0,0,5216,2786,0,0,0,8002,0,0,0,0,0,2431,0,0,0,0,0,0,0
92,10018649925317144938,0,0,0,0,0,0,0,0,0,0,0,0,0,0,0,0,0,0,0,0,0,0,1055,0,5,9644,0,0,0,9631,0,0,0,19,2670,3,0,0,0,0,13,0,0,0,0,2676,_history_tree_9_removes,3138,0,0,0,0,0,0,2681,2676,0,0,0,5357,0,0,0,0,0,6,0,0,0,0,0,0,0
92,10018649925317144938,0,0,0,0,0,0,0,0,0,0,0,0,0,0,0,0,0,0,0,0,0,0,323,0,2412,69286,0,0,0,69061,0,0,0,18,323,880,0,0,0,0,225,0,0,0,0,2715,_history_tree_9_updates,2011,0,0,0,0,0,0,5176,2715,0,0,0,7891,0,0,0,0,0,2441,0,0,0,0,0,0,0
92,10018649925317144938,0,0,0,0,0,0,0,0,0,0,0,0,0,0,0,0,0,0,0,0,0,0,1060,0,6,9618,0,0,0,9596,0,0,0,17,2653,1,0,0,0,0,22,0,0,0,0,2658,_history_tree_8_removes,3079,0,0,0,0,0,0,2664,2658,0,0,0,5322,0,0,0,0,0,5,0,0,0,0,0,0,0
92,10018649925317144938,0,0,0,0,0,0,0,0,0,0,0,0,0,0,0,0,0,0,0,0,0,0,340,0,2427,69805,0,0,0,69581,0,0,0,16,340,850,0,0,0,0,224,0,0,0,0,2763,_history_tree_8_updates,2026,0,0,0,0,0,0,5195,2763,0,0,0,7958,0,0,0,0,0,2428,0,0,0,0,0,0,0
92,10018649925317144938,0,0,0,0,0,0,0,0,0,0,0,0,0,0,0,0,0,0,0,0,0,0,1047,0,8,9474,0,0,0,9459,0,0,0,15,2694,2,0,0,0,0,15,0,0,0,0,2700,_history_tree_7_removes,3115,0,0,0,0,0,0,2708,2700,0,0,0,5408,0,0,0,0,0,6,0,0,0,0,0,0,0
92,10018649925317144938,0,0,0,0,0,0,0,0,0,0,0,0,0,0,0,0,0,0,0,0,0,0,362,0,2445,70092,0,0,0,69891,0,0,0,14,362,826,0,0,0,0,201,0,0,0,0,2737,_history_tree_7_updates,2056,0,0,0,0,0,0,5221,2737,0,0,0,7958,0,0,0,0,0,2414,0,0,0,0,0,0,0
92,10018649925317144938,0,0,0,0,0,0,0,0,0,0,0,0,0,0,0,0,0,0,0,0,0,0,1022,0,8,9720,0,0,0,9711,0,0,0,13,2570,7,0,0,0,0,9,0,0,0,0,2580,_history_tree_6_removes,3029,0,0,0,0,0,0,2588,2580,0,0,0,5168,0,0,0,0,0,10,0,0,0,0,0,0,0
92,10018649925317144938,0,0,0,0,0,0,0,0,0,0,0,0,0,22699656,23216528,0,0,0,0,0,0,0,339,0,2416,69892,0,0,0,69704,0,0,0,0,339,923,0,0,0,0,188,0,0,0,0,2744,_history_tree_0_updates,2020,0,1527711,0,0,0,0,5237,2744,0,0,0,7981,0,0,0,0,0,2482,0,0,0,0,726399,0,0
92,10018649925317144938,0,0,0,0,0,0,0,0,0,0,0,0,0,0,0,0,0,0,0,0,0,0,1078,0,7,9948,0,0,0,9929,0,0,0,1,2587,6,0,0,0,0,19,0,0,0,0,2597,_history_tree_0_removes,3065,0,0,0,0,0,0,2604,2597,0,0,0,5201,0,0,0,0,0,10,0,0,0,0,0,0,0
92,10018649925317144938,0,0,0,0,0,0,0,0,0,0,0,0,0,0,0,0,0,0,0,0,0,0,301,0,2425,69515,0,0,0,69316,0,0,0,2,301,783,0,0,0,0,197,0,0,0,0,2707,_history_tree_1_updates,2038,0,0,0,0,0,0,5132,2707,0,0,0,7839,0,0,0,0,0,2406,0,0,0,0,0,0,0
92,10018649925317144938,0,0,0,0,0,0,0,0,0,0,0,0,0,0,0,0,0,0,0,0,0,0,1037,0,5,9507,0,0,0,9491,0,0,0,3,2708,0,0,0,0,0,16,0,0,0,0,2712,_history_tree_1_removes,3153,0,0,0,0,0,0,2717,2712,0,0,0,5429,0,0,0,0,0,4,0,0,0,0,0,0,0
92,10018649925317144938,0,0,0,0,0,0,0,0,0,0,0,0,0,0,0,0,0,0,0,0,0,0,358,0,2398,68675,0,0,0,68458,0,0,0,4,358,840,0,0,0,0,215,0,0,0,0,2735,_history_tree_2_updates,2071,0,0,0,0,0,0,5170,2735,0,0,0,7905,0,0,0,0,0,2414,0,0,0,0,0,0,0
92,10018649925317144938,0,0,0,0,0,0,0,0,0,0,0,0,0,0,0,0,0,0,0,0,0,0,1010,0,6,9306,0,0,0,9291,0,0,0,5,2688,1,0,0,0,0,15,0,0,0,0,2694,_history_tree_2_removes,3171,0,0,0,0,0,0,2700,2694,0,0,0,5394,0,0,0,0,0,6,0,0,0,0,0,0,0
92,10018649925317144938,0,0,0,0,0,0,0,0,0,0,0,0,0,0,0,0,0,0,0,0,0,0,314,0,2383,68267,0,0,0,68039,0,0,0,6,314,811,0,0,0,0,228,0,0,0,0,2690,_history_tree_3_updates,2050,0,0,0,0,0,0,5112,2690,0,0,0,7802,0,0,0,0,0,2415,0,0,0,0,0,0,0
92,10018649925317144938,0,0,0,0,0,0,0,0,0,0,0,0,0,0,0,0,0,0,0,0,0,0,986,0,7,9226,0,0,0,9210,0,0,0,7,2694,4,0,0,0,0,16,0,0,0,0,2701,_history_tree_3_removes,3162,0,0,0,0,0,0,2708,2701,0,0,0,5409,0,0,0,0,0,7,0,0,0,0,0,0,0
92,10018649925317144938,0,0,0,0,0,0,0,0,0,0,0,0,0,0,0,0,0,0,0,0,0,0,355,0,2411,68774,0,0,0,68562,0,0,0,8,355,858,0,0,0,0,212,0,0,0,0,2745,_history_tree_4_updates,2028,0,0,0,0,0,0,5175,2745,0,0,0,7920,0,0,0,0,0,2409,0,0,0,0,0,0,0
92,10018649925317144938,0,0,0,0,0,0,0,0,0,0,0,0,0,0,0,0,0,0,0,0,0,0,970,0,9,9178,0,0,0,9167,0,0,0,9,2638,3,0,0,0,0,11,0,0,0,0,2647,_history_tree_4_removes,3087,0,0,0,0,0,0,2656,2647,0,0,0,5303,0,0,0,0,0,9,0,0,0,0,0,0,0
92,10018649925317144938,0,0,0,0,0,0,0,0,0,0,0,0,0,0,0,0,0,0,0,0,0,0,342,0,2431,69655,0,0,0,69446,0,0,0,10,342,845,0,0,0,0,209,0,0,0,0,2754,_history_tree_5_updates,2063,0,0,0,0,0,0,5187,2754,0,0,0,7941,0,0,0,0,0,2414,0,0,0,0,0,0,0
92,10018649925317144938,0,0,0,0,0,0,0,0,0,0,0,0,0,0,0,0,0,0,0,0,0,0,1007,0,8,9475,0,0,0,9460,0,0,0,11,2603,0,0,0,0,0,15,0,0,0,0,2609,_history_tree_5_removes,3110,0,0,0,0,0,0,2617,2609,0,0,0,5226,0,0,0,0,0,6,0,0,0,0,0,0,0
92,10018649925317144938,0,0,0,0,0,0,0,0,0,0,0,0,0,0,0,0,0,0,0,0,0,0,418,0,2400,69195,0,0,0,68984,0,0,0,12,418,966,0,0,0,0,211,0,0,0,0,2753,_history_tree_6_updates,2056,0,0,0,0,0,0,5305,2753,0,0,0,8058,0,0,0,0,0,2487,0,0,0,0,0,0,0
92,10018649925317144938,0,0,0,0,0,0,0,0,0,0,0,0,0,0,0,0,0,0,0,0,0,0,1059,0,8,9657,0,0,0,9640,0,0,0,29,2631,1,0,0,0,0,17,0,0,0,0,2636,_history_tree_14_removes,3110,0,0,0,0,0,0,2644,2636,0,0,0,5280,0,0,0,0,0,5,0,0,0,0,0,0,0
92,10018649925317144938,0,0,0,0,0,0,0,0,0,0,0,0,0,0,0,0,0,0,0,0,0,0,335,0,2421,69535,0,0,0,69316,0,0,0,30,336,869,0,0,0,0,218,0,0,0,0,2752,_history_tree_15_updates,2038,0,0,0,0,0,0,5189,2752,0,0,0,7941,0,0,0,0,0,2432,0,0,0,0,0,0,0
92,10018649925317144938,0,0,0,0,0,0,0,0,0,0,0,0,0,0,0,0,0,0,0,0,0,0,1065,0,6,9562,0,0,0,9543,0,0,0,31,2603,1,0,0,0,0,19,0,0,0,0,2610,_history_tree_15_removes,3099,0,0,0,0,0,0,2616,2610,0,0,0,5226,0,0,0,0,0,7,0,0,0,0,0,0,0
92,10018649925317144938,0,0,0,0,0,0,0,0,0,0,0,0,0,0,0,0,0,0,0,0,0,0,335,0,2418,69040,0,0,0,68795,0,0,0,32,335,808,0,0,0,0,242,0,0,0,0,2706,_history_tree_16_updates,2044,0,0,0,0,0,0,5131,2706,0,0,0,7837,0,0,0,0,0,2378,0,0,0,0,0,0,0
92,10018649925317144938,0,0,0,0,0,0,0,0,0,0,0,0,0,0,0,0,0,0,0,0,0,0,1002,0,5,9149,0,0,0,9138,0,0,0,33,2629,1,0,0,0,0,11,0,0,0,0,2632,_history_tree_16_removes,3096,0,0,0,0,0,0,2637,2632,0,0,0,5269,0,0,0,0,0,3,0,0,0,0,0,0,0
92,10018649925317144938,0,0,0,0,0,0,0,0,0,0,0,0,0,0,0,0,0,0,0,0,0,0,352,0,2363,143942,0,0,0,71778,0,0,0,34,10706,2746,0,0,0,0,193,0,0,0,0,6402,_history_tree_17_updates,4078,0,0,0,0,0,0,15466,12803,1,0,0,21868,0,0,0,0,0,2396,0,0,0,0,0,0,0
92,10018649925317144938,0,0,0,0,0,0,0,0,0,0,0,0,0,0,0,0,0,0,0,0,0,0,799,0,20,9059,0,0,0,9048,0,0,0,35,2543,17,0,0,0,0,11,0,0,0,0,2565,_history_tree_17_removes,2966,0,0,0,0,0,0,2585,2565,0,0,0,5150,0,0,0,0,0,22,0,0,0,0,0,0,0
92,10018649925317144938,0,0,0,0,0,0,0,0,0,0,0,0,0,0,0,0,0,0,0,0,0,0,335,0,2438,69902,0,0,0,69687,0,0,0,36,335,843,0,0,0,0,214,0,0,0,0,2701,_history_tree_18_updates,1993,0,0,0,0,0,0,5167,2701,0,0,0,7868,0,0,0,0,0,2394,0,0,0,0,0,0,0
92,10018649925317144938,0,0,0,0,0,0,0,0,0,0,0,0,0,0,0,0,0,0,0,0,0,0,1008,0,9,9434,0,0,0,9409,0,0,0,37,2594,2,0,0,0,0,25,0,0,0,0,2601,_history_tree_18_removes,3050,0,0,0,0,0,0,2610,2601,0,0,0,5211,0,0,0,0,0,7,0,0,0,0,0,0,0
92,10018649925317144938,0,0,0,0,0,0,0,0,0,0,0,0,0,0,0,0,0,0,0,0,0,0,331,0,2466,70882,0,0,0,70669,0,0,0,38,331,834,0,0,0,0,212,0,0,0,0,2693,_history_tree_19_updates,2022,0,0,0,0,0,0,5199,2693,0,0,0,7892,0,0,0,0,0,2402,0,0,0,0,0,0,0
92,10018649925317144938,0,0,0,0,0,0,0,0,0,0,0,0,0,0,0,0,0,0,0,0,0,0,1106,0,7,9721,0,0,0,9706,0,0,0,39,2619,3,0,0,0,0,15,0,0,0,0,2624,_history_tree_19_removes,3091,0,0,0,0,0,0,2631,2624,0,0,0,5255,0,0,0,0,0,5,0,0,0,0,0,0,0
92,10018649925317144938,50015,0,0,0,0,0,45926,0,0,0,0,0,0,0,0,0,0,0,0,0,0,0,0,0,0,299441,0,0,0,97998,0,0,0,40,0,0,0,0,0,0,2159,0,0,95941,0,0,warehouse,0,0,0,0,0,0,0,0,0,0,0,0,0,199019,0,0,199019,0,0,0,0,0,95941,0,0,0
92,10018649925317144938,0,0,0,0,0,0,0,0,0,0,0,0,0,0,0,0,0,0,0,0,0,0,0,0,0,0,0,0,0,0,0,0,0,41,0,0,0,0,0,0,0,0,0,0,0,0,_warehouse_graveyard,0,0,0,0,0,0,0,0,0,0,0,0,0,0,0,0,0,0,0,0,0,0,0,0,0,0
92,10018649925317144938,98716,0,0,0,0,0,97157,0,0,0,0,0,0,0,0,0,0,0,0,0,0,0,0,0,0,304160,0,0,0,198080,0,0,0,42,0,0,0,0,0,0,1024,0,0,195874,0,0,district,0,0,0,0,0,0,0,0,0,0,0,0,0,105005,0,0,105005,0,0,0,0,0,195875,0,0,0
92,10018649925317144938,0,0,0,0,0,0,0,0,0,0,0,0,0,0,0,0,0,0,0,0,0,0,0,0,0,0,0,0,0,0,0,0,0,43,0,0,0,0,0,0,0,0,0,0,0,0,_district_graveyard,0,0,0,0,0,0,0,0,0,0,0,0,0,0,0,0,0,0,0,0,0,0,0,0,0,0
92,10018649925317144938,64891,0,0,0,0,0,61345,0,0,0,0,0,0,0,0,0,0,0,0,0,0,0,0,0,0,809202,0,0,0,126249,0,0,0,44,0,0,0,0,0,0,8,0,0,126236,0,0,customer,0,0,0,0,0,0,0,0,0,0,0,0,0,143477,0,0,143477,0,0,0,0,0,126237,0,0,0
92,10018649925317144938,0,0,0,0,0,0,0,0,0,0,0,0,0,0,0,0,0,0,0,0,0,0,0,0,0,0,0,0,0,0,0,0,0,45,0,0,0,0,0,0,0,0,0,0,0,0,_customer_graveyard,0,0,0,0,0,0,0,0,0,0,0,0,0,0,0,0,0,0,0,0,0,0,0,0,0,0
92,10018649925317144938,0,0,0,0,0,0,0,0,0,0,0,0,0,0,0,0,0,0,0,0,0,0,0,0,0,186921,0,0,0,0,0,0,0,46,0,0,0,0,0,0,62307,0,0,0,0,0,customerwdl,0,0,0,0,0,0,0,0,0,0,0,62307,0,62307,0,0,62307,0,0,0,0,0,0,0,0,0
92,10018649925317144938,0,0,0,0,0,0,0,0,0,0,0,0,0,0,0,0,0,0,0,0,0,0,0,0,0,0,0,0,0,0,0,0,0,47,0,0,0,0,0,0,0,0,0,0,0,0,_customerwdl_graveyard,0,0,0,0,0,0,0,0,0,0,0,0,0,0,0,0,0,0,0,0,0,0,0,0,0,0
92,10018649925317144938,0,0,0,0,0,0,0,0,0,0,0,0,0,0,0,0,0,0,0,0,0,0,0,0,2263,120846,0,0,0,40282,0,0,0,48,0,0,0,0,0,0,0,0,0,0,0,0,history,0,0,0,0,0,0,0,2291,0,0,0,0,2291,0,0,0,0,0,0,0,0,0,0,0,0,0
92,10018649925317144938,0,0,0,0,0,0,0,0,0,0,0,0,0,0,0,0,0,0,0,0,0,0,0,0,0,0,0,0,0,0,0,0,0,49,0,0,0,0,0,0,0,0,0,0,0,0,_history_graveyard,0,0,0,0,0,0,0,0,0,0,0,0,0,0,0,0,0,0,0,0,0,0,0,0,0,0
92,10018649925317144938,44170,88180,0,88180,0,0,44064,0,0,0,0,0,0,0,0,0,0,0,0,0,0,0,53505,0,2144,1198242,0,0,0,279945,0,11294,0,50,51,0,0,0,0,0,119459,0,0,0,0,0,neworder,95695,11294,0,0,0,0,0,4057,2,0,0,88552,4058,99846,0,0,99846,0,1860,0,0,0,0,0,0,0
92,10018649925317144938,0,0,0,0,0,0,0,0,0,0,0,0,0,0,0,0,0,0,0,0,0,0,0,0,0,0,0,0,0,0,0,0,0,51,0,0,0,0,0,0,0,0,0,0,0,0,_neworder_graveyard,0,0,0,0,0,0,0,0,0,0,0,0,0,0,0,0,0,0,0,0,0,0,0,0,0,0
92,10018649925317144938,44561,0,0,0,0,0,43680,0,0,0,0,0,0,0,0,0,0,0,0,0,0,0,0,0,4431,856386,0,0,0,193743,0,0,0,52,0,0,0,0,0,0,0,0,0,88242,0,0,order,0,0,0,0,0,0,0,4446,0,0,0,0,4446,91718,0,0,91718,0,0,0,0,0,88243,0,0,0
92,10018649925317144938,0,0,0,0,0,0,0,0,0,0,0,0,0,0,0,0,0,0,0,0,0,0,0,0,0,0,0,0,0,0,0,0,0,53,0,0,0,0,0,0,0,0,0,0,0,0,_order_graveyard,0,0,0,0,0,0,0,0,0,0,0,0,0,0,0,0,0,0,0,0,0,0,0,0,0,0
92,10018649925317144938,0,0,0,0,0,0,0,0,0,0,0,0,0,0,0,0,3475,0,0,0,0,0,0,0,1353,317674,0,0,0,102417,1,1,0,54,0,0,0,0,0,0,3475,0,0,0,0,0,order_wdc,0,1,0,0,0,0,0,1370,0,0,0,0,1370,3476,0,0,3476,0,0,0,0,0,0,0,0,0
92,10018649925317144938,0,0,0,0,0,0,0,0,0,0,0,0,0,0,0,0,0,0,0,0,0,0,0,0,0,0,0,0,0,0,0,0,0,55,0,0,0,0,0,0,0,0,0,0,0,0,_order_wdc_graveyard,0,0,0,0,0,0,0,0,0,0,0,0,0,0,0,0,0,0,0,0,0,0,0,0,0,0
92,10018649925317144938,446057,0,0,0,0,0,435941,0,0,0,0,0,0,0,0,0,0,0,0,0,0,0,101449,0,59995,7844361,0,0,0,1948488,0,805,0,56,0,0,0,0,0,0,12603,0,0,882020,0,0,orderline,1843828,805,0,0,0,0,0,60784,0,0,0,12536,60784,1856354,0,0,1856354,0,0,0,0,0,882043,0,0,0
92,10018649925317144938,0,0,0,0,0,0,0,0,0,0,0,0,0,0,0,0,0,0,0,0,0,0,0,0,0,0,0,0,0,0,0,0,0,57,0,0,0,0,0,0,0,0,0,0,0,0,_orderline_graveyard,0,0,0,0,0,0,0,0,0,0,0,0,0,0,0,0,0,0,0,0,0,0,0,0,0,0
92,10018649925317144938,0,0,0,0,0,0,0,0,0,0,0,0,0,0,0,0,0,0,0,0,0,0,0,0,0,2012736,0,0,0,0,0,0,0,58,0,0,0,0,0,0,0,0,0,0,0,0,item,0,0,0,0,0,0,0,0,0,0,0,0,0,1006368,0,0,1006368,0,0,0,0,0,0,0,0,0
93,10018649925317144938,0,0,0,0,0,0,0,0,0,0,0,0,0,0,0,0,0,0,0,0,0,0,0,0,0,0,0,0,0,0,0,0,0,61,0,0,0,0,0,0,0,0,0,0,0,0,_stock_graveyard,0,0,0,0,0,0,0,0,0,0,0,0,0,0,0,0,0,0,0,0,0,0,0,0,0,0
93,10018649925317144938,497433,0,0,0,0,0,485640,0,0,0,0,0,0,0,0,0,0,0,0,0,0,0,0,0,0,14941198,0,0,0,984186,0,0,0,60,0,0,0,0,0,0,1057,0,0,983132,0,0,stock,0,0,0,0,0,0,0,0,0,0,0,0,0,2750199,0,0,2750210,0,0,0,0,0,983175,0,0,0
93,10018649925317144938,0,0,0,0,0,0,0,0,0,0,0,0,0,0,0,0,0,0,0,0,0,0,0,0,0,0,0,0,0,0,0,0,0,59,0,0,0,0,0,0,0,0,0,0,0,0,_item_graveyard,0,0,0,0,0,0,0,0,0,0,0,0,0,0,0,0,0,0,0,0,0,0,0,0,0,0
93,10018649925317144938,0,0,0,0,0,0,0,0,0,0,0,0,0,0,0,0,0,0,0,0,0,0,330,0,2351,67058,0,0,0,66827,0,0,0,28,330,821,0,0,0,0,231,0,0,0,0,2693,_history_tree_14_updates,2039,0,0,0,0,0,0,5081,2693,0,0,0,7774,0,0,0,0,0,2401,0,0,0,0,0,0,0
93,10018649925317144938,0,0,0,0,0,0,0,0,0,0,0,0,0,0,0,0,0,0,0,0,0,0,1103,0,4,9674,0,0,0,9656,0,0,0,27,2639,1,0,0,0,0,18,0,0,0,0,2644,_history_tree_13_removes,3091,0,0,0,0,0,0,2648,2644,0,0,0,5292,0,0,0,0,0,5,0,0,0,0,0,0,0
93,10018649925317144938,0,0,0,0,0,0,0,0,0,0,0,0,0,0,0,0,0,0,0,0,0,0,331,0,2373,68471,0,0,0,68262,0,0,0,26,331,827,0,0,0,0,208,0,0,0,0,2737,_history_tree_13_updates,2019,0,0,0,0,0,0,5110,2737,0,0,0,7847,0,0,0,0,0,2406,0,0,0,0,0,0,0
93,10018649925317144938,0,0,0,0,0,0,0,0,0,0,0,0,0,0,0,0,0,0,0,0,0,0,1030,0,5,9258,0,0,0,9247,0,0,0,25,2694,2,0,0,0,0,11,0,0,0,0,2700,_history_tree_12_removes,3156,0,0,0,0,0,0,2705,2700,0,0,0,5405,0,0,0,0,0,6,0,0,0,0,0,0,0
93,10018649925317144938,0,0,0,0,0,0,0,0,0,0,0,0,0,0,0,0,0,0,0,0,0,0,342,0,2338,67063,0,0,0,66872,0,0,0,24,342,817,0,0,0,0,191,0,0,0,0,2710,_history_tree_12_updates,2025,0,0,0,0,0,0,5059,2710,0,0,0,7769,0,0,0,0,0,2378,0,0,0,0,0,0,0
93,10018649925317144938,0,0,0,0,0,0,0,0,0,0,0,0,0,0,0,0,0,0,0,0,0,0,1047,0,3,9274,0,0,0,9264,0,0,0,23,2605,1,0,0,0,0,10,0,0,0,0,2609,_history_tree_11_removes,3040,0,0,0,0,0,0,2612,2609,0,0,0,5221,0,0,0,0,0,4,0,0,0,0,0,0,0
93,10018649925317144938,0,0,0,0,0,0,0,0,0,0,0,0,0,0,0,0,0,0,0,0,0,0,352,0,2343,67362,0,0,0,67173,0,0,0,22,352,815,0,0,0,0,190,0,0,0,0,2712,_history_tree_11_updates,2020,0,0,0,0,0,0,5070,2712,0,0,0,7782,0,0,0,0,0,2375,0,0,0,0,0,0,0
93,10018649925317144938,0,0,0,0,0,0,0,0,0,0,0,0,0,0,0,0,0,0,0,0,0,0,968,0,3,8983,0,0,0,8972,0,0,0,21,2685,0,0,0,0,0,11,0,0,0,0,2689,_history_tree_10_removes,3152,0,0,0,0,0,0,2692,2689,0,0,0,5381,0,0,0,0,0,4,0,0,0,0,0,0,0
93,10018649925317144938,0,0,0,0,0,0,0,0,0,0,0,0,0,0,0,0,0,0,0,0,0,0,364,0,2323,66488,0,0,0,66276,0,0,0,20,364,746,0,0,0,0,203,0,0,0,0,2702,_history_tree_10_updates,2103,0,0,0,0,0,0,5031,2702,0,0,0,7733,0,0,0,0,0,2344,0,0,0,0,0,0,0
93,10018649925317144938,0,0,0,0,0,0,0,0,0,0,0,0,0,0,0,0,0,0,0,0,0,0,1047,0,6,9527,0,0,0,9516,0,0,0,19,2635,4,0,0,0,0,11,0,0,0,0,2643,_history_tree_9_removes,3098,0,0,0,0,0,0,2649,2643,0,0,0,5292,0,0,0,0,0,8,0,0,0,0,0,0,0
93,10018649925317144938,0,0,0,0,0,0,0,0,0,0,0,0,0,0,0,0,0,0,0,0,0,0,368,0,2359,67954,0,0,0,67722,0,0,0,18,368,841,0,0,0,0,233,0,0,0,0,2750,_history_tree_9_updates,2039,0,0,0,0,0,0,5125,2750,0,0,0,7875,0,0,0,0,0,2398,0,0,0,0,0,0,0
93,10018649925317144938,0,0,0,0,0,0,0,0,0,0,0,0,0,0,0,0,0,0,0,0,0,0,1012,0,6,9374,0,0,0,9362,0,0,0,17,2581,0,0,0,0,0,12,0,0,0,0,2589,_history_tree_8_removes,3006,0,0,0,0,0,0,2595,2589,0,0,0,5184,0,0,0,0,0,8,0,0,0,0,0,0,0
93,10018649925317144938,0,0,0,0,0,0,0,0,0,0,0,0,0,0,0,0,0,0,0,0,0,0,359,0,2354,67816,0,0,0,67604,0,0,0,16,359,847,0,0,0,0,211,0,0,0,0,2763,_history_tree_8_updates,2018,0,0,0,0,0,0,5118,2763,0,0,0,7881,0,0,0,0,0,2405,0,0,0,0,0,0,0
93,10018649925317144938,0,0,0,0,0,0,0,0,0,0,0,0,0,0,0,0,0,0,0,0,0,0,956,0,5,9044,0,0,0,9034,0,0,0,15,2627,2,0,0,0,0,10,0,0,0,0,2634,_history_tree_7_removes,3089,0,0,0,0,0,0,2639,2634,0,0,0,5273,0,0,0,0,0,7,0,0,0,0,0,0,0
93,10018649925317144938,0,0,0,0,0,0,0,0,0,0,0,0,0,0,0,0,0,0,0,0,0,0,389,0,2335,66805,0,0,0,66596,0,0,0,14,389,868,0,0,0,0,209,0,0,0,0,2733,_history_tree_7_updates,2023,0,0,0,0,0,0,5111,2733,0,0,0,7844,0,0,0,0,0,2387,0,0,0,0,0,0,0
93,10018649925317144938,0,0,0,0,0,0,0,0,0,0,0,0,0,0,0,0,0,0,0,0,0,0,987,0,5,9086,0,0,0,9069,0,0,0,13,2615,3,0,0,0,0,17,0,0,0,0,2620,_history_tree_6_removes,3073,0,0,0,0,0,0,2625,2620,0,0,0,5245,0,0,0,0,0,5,0,0,0,0,0,0,0
93,10018649925317144938,0,0,0,0,0,0,0,0,0,0,0,0,0,22135635,22644444,0,0,0,0,0,0,0,356,0,2354,67499,0,0,0,67302,0,0,0,0,356,829,0,0,0,0,200,0,0,0,0,2683,_history_tree_0_updates,2007,0,1486653,0,0,0,0,5072,2683,0,0,0,7755,0,0,0,0,0,2361,0,0,0,0,703861,0,0
93,10018649925317144938,0,0,0,0,0,0,0,0,0,0,0,0,0,0,0,0,0,0,0,0,0,0,1029,0,4,9277,0,0,0,9264,0,0,0,1,2645,1,0,0,0,0,13,0,0,0,0,2649,_history_tree_0_removes,3100,0,0,0,0,0,0,2653,2649,0,0,0,5302,0,0,0,0,0,4,0,0,0,0,0,0,0
93,10018649925317144938,0,0,0,0,0,0,0,0,0,0,0,0,0,0,0,0,0,0,0,0,0,0,337,0,2335,67032,0,0,0,66796,0,0,0,2,337,805,0,0,0,0,236,0,0,0,0,2712,_history_tree_1_updates,2032,0,0,0,0,0,0,5061,2712,0,0,0,7773,0,0,0,0,0,2389,0,0,0,0,0,0,0
93,10018649925317144938,0,0,0,0,0,0,0,0,0,0,0,0,0,0,0,0,0,0,0,0,0,0,1007,0,5,9230,0,0,0,9222,0,0,0,3,2682,2,0,0,0,0,8,0,0,0,0,2689,_history_tree_1_removes,3109,0,0,0,0,0,0,2694,2689,0,0,0,5383,0,0,0,0,0,7,0,0,0,0,0,0,0
93,10018649925317144938,0,0,0,0,0,0,0,0,0,0,0,0,0,0,0,0,0,0,0,0,0,0,357,0,2312,66047,0,0,0,65837,0,0,0,4,357,796,0,0,0,0,210,0,0,0,0,2686,_history_tree_2_updates,2028,0,0,0,0,0,0,5010,2686,0,0,0,7698,0,0,0,0,0,2342,0,0,0,0,0,0,0
93,10018649925317144938,0,0,0,0,0,0,0,0,0,0,0,0,0,0,0,0,0,0,0,0,0,0,940,0,4,8784,0,0,0,8769,0,0,0,5,2657,2,0,0,0,0,15,0,0,0,0,2662,_history_tree_2_removes,3104,0,0,0,0,0,0,2666,2662,0,0,0,5328,0,0,0,0,0,5,0,0,0,0,0,0,0
93,10018649925317144938,0,0,0,0,0,0,0,0,0,0,0,0,0,0,0,0,0,0,0,0,0,0,314,0,2372,68200,0,0,0,68016,0,0,0,6,314,849,0,0,0,0,183,0,0,0,0,2697,_history_tree_3_updates,1993,0,0,0,0,0,0,5086,2697,0,0,0,7783,0,0,0,0,0,2400,0,0,0,0,0,0,0
93,10018649925317144938,0,0,0,0,0,0,0,0,0,0,0,0,0,0,0,0,0,0,0,0,0,0,1049,0,5,9475,0,0,0,9457,0,0,0,7,2599,1,0,0,0,0,18,0,0,0,0,2605,_history_tree_3_removes,3067,0,0,0,0,0,0,2610,2605,0,0,0,5215,0,0,0,0,0,6,0,0,0,0,0,0,0
93,10018649925317144938,0,0,0,0,0,0,0,0,0,0,0,0,0,0,0,0,0,0,0,0,0,0,326,0,2356,67525,0,0,0,67341,0,0,0,8,326,870,0,0,0,0,185,0,0,0,0,2714,_history_tree_4_updates,1977,0,0,0,0,0,0,5085,2714,0,0,0,7799,0,0,0,0,0,2403,0,0,0,0,0,0,0
93,10018649925317144938,0,0,0,0,0,0,0,0,0,0,0,0,0,0,0,0,0,0,0,0,0,0,1010,0,7,9310,0,0,0,9298,0,0,0,9,2576,2,0,0,0,0,16,0,0,0,0,2586,_history_tree_4_removes,3045,0,0,0,0,0,0,2593,2586,0,0,0,5179,0,0,0,0,0,9,0,0,0,0,0,0,0
93,10018649925317144938,0,0,0,0,0,0,0,0,0,0,0,0,0,0,0,0,0,0,0,0,0,0,345,0,2356,67540,0,0,0,67299,0,0,0,10,345,846,0,0,0,0,242,0,0,0,0,2737,_history_tree_5_updates,2022,0,0,0,0,0,0,5101,2737,0,0,0,7838,0,0,0,0,0,2400,0,0,0,0,0,0,0
93,10018649925317144938,0,0,0,0,0,0,0,0,0,0,0,0,0,0,0,0,0,0,0,0,0,0,984,0,5,9242,0,0,0,9226,0,0,0,11,2653,1,0,0,0,0,16,0,0,0,0,2660,_history_tree_5_removes,3107,0,0,0,0,0,0,2665,2660,0,0,0,5325,0,0,0,0,0,7,0,0,0,0,0,0,0
93,10018649925317144938,0,0,0,0,0,0,0,0,0,0,0,0,0,0,0,0,0,0,0,0,0,0,401,0,2343,67088,0,0,0,66884,0,0,0,12,401,788,0,0,0,0,204,0,0,0,0,2682,_history_tree_6_updates,2079,0,0,0,0,0,0,5089,2682,0,0,0,7771,0,0,0,0,0,2345,0,0,0,0,0,0,0
93,10018649925317144938,0,0,0,0,0,0,0,0,0,0,0,0,0,0,0,0,0,0,0,0,0,0,942,0,6,9149,0,0,0,9133,0,0,0,29,2701,4,0,0,0,0,16,0,0,0,0,2710,_history_tree_14_removes,3142,0,0,0,0,0,0,2716,2710,0,0,0,5426,0,0,0,0,0,9,0,0,0,0,0,0,0
93,10018649925317144938,0,0,0,0,0,0,0,0,0,0,0,0,0,0,0,0,0,0,0,0,0,0,316,0,2314,66142,0,0,0,65930,0,0,0,30,316,787,0,0,0,0,211,0,0,0,0,2666,_history_tree_15_updates,2003,0,0,0,0,0,0,4981,2666,0,0,0,7647,0,0,0,0,0,2351,0,0,0,0,0,0,0
93,10018649925317144938,0,0,0,0,0,0,0,0,0,0,0,0,0,0,0,0,0,0,0,0,0,0,1008,0,2,8941,0,0,0,8919,0,0,0,31,2649,0,0,0,0,0,22,0,0,0,0,2652,_history_tree_15_removes,3109,0,0,0,0,0,0,2654,2652,0,0,0,5306,0,0,0,0,0,3,0,0,0,0,0,0,0
93,10018649925317144938,0,0,0,0,0,0,0,0,0,0,0,0,0,0,0,0,0,0,0,0,0,0,341,0,2348,67507,0,0,0,67283,0,0,0,32,341,838,0,0,0,0,224,0,0,0,0,2739,_history_tree_16_updates,2041,0,0,0,0,0,0,5097,2739,0,0,0,7836,0,0,0,0,0,2408,0,0,0,0,0,0,0
93,10018649925317144938,0,0,0,0,0,0,0,0,0,0,0,0,0,0,0,0,0,0,0,0,0,0,1018,0,4,9373,0,0,0,9361,0,0,0,33,2661,1,0,0,0,0,12,0,0,0,0,2667,_history_tree_16_removes,3131,0,0,0,0,0,0,2671,2667,0,0,0,5338,0,0,0,0,0,6,0,0,0,0,0,0,0
93,10018649925317144938,0,0,0,0,0,0,0,0,0,0,0,0,0,0,0,0,0,0,0,0,0,0,325,0,2387,146184,0,0,0,72918,0,0,0,34,10762,2765,0,0,0,0,176,0,0,0,0,6458,_history_tree_17_updates,4119,0,0,0,0,0,0,15592,12915,1,0,0,22050,0,0,0,0,0,2442,0,0,0,0,0,0,0
93,10018649925317144938,0,0,0,0,0,0,0,0,0,0,0,0,0,0,0,0,0,0,0,0,0,0,871,0,20,9517,0,0,0,9499,0,0,0,35,2551,15,0,0,0,0,18,0,0,0,0,2573,_history_tree_17_removes,2990,0,0,0,0,0,0,2593,2573,0,0,0,5166,0,0,0,0,0,22,0,0,0,0,0,0,0
93,10018649925317144938,0,0,0,0,0,0,0,0,0,0,0,0,0,0,0,0,0,0,0,0,0,0,345,0,2346,67355,0,0,0,67123,0,0,0,36,345,854,0,0,0,0,233,0,0,0,0,2729,_history_tree_18_updates,2010,0,0,0,0,0,0,5096,2729,0,0,0,7825,0,0,0,0,0,2405,0,0,0,0,0,0,0
93,10018649925317144938,0,0,0,0,0,0,0,0,0,0,0,0,0,0,0,0,0,0,0,0,0,0,1041,0,4,9286,0,0,0,9270,0,0,0,37,2592,1,0,0,0,0,16,0,0,0,0,2598,_history_tree_18_removes,3045,0,0,0,0,0,0,2602,2598,0,0,0,5200,0,0,0,0,0,6,0,0,0,0,0,0,0
93,10018649925317144938,0,0,0,0,0,0,0,0,0,0,0,0,0,0,0,0,0,0,0,0,0,0,345,0,2355,67652,0,0,0,67451,0,0,0,38,345,841,0,0,0,0,200,0,0,0,0,2715,_history_tree_19_updates,2038,0,0,0,0,0,0,5118,2715,0,0,0,7834,0,0,0,0,0,2418,0,0,0,0,0,0,0
93,10018649925317144938,0,0,0,0,0,0,0,0,0,0,0,0,0,0,0,0,0,0,0,0,0,0,1048,0,4,9396,0,0,0,9384,0,0,0,39,2639,2,0,0,0,0,16,0,0,0,0,2645,_history_tree_19_removes,3087,0,0,0,0,0,0,2649,2645,0,0,0,5294,0,0,0,0,0,6,0,0,0,0,0,0,0
93,10018649925317144938,49031,0,0,0,0,0,45252,0,0,0,0,0,0,0,0,0,0,0,0,0,0,0,0,0,0,294137,0,0,0,96269,0,0,0,40,0,0,0,0,0,0,2111,0,0,94286,0,0,warehouse,0,0,0,0,0,0,0,0,0,0,0,0,0,195453,0,0,195453,0,0,0,0,0,94289,0,0,0
93,10018649925317144938,0,0,0,0,0,0,0,0,0,0,0,0,0,0,0,0,0,0,0,0,0,0,0,0,0,0,0,0,0,0,0,0,0,41,0,0,0,0,0,0,0,0,0,0,0,0,_warehouse_graveyard,0,0,0,0,0,0,0,0,0,0,0,0,0,0,0,0,0,0,0,0,0,0,0,0,0,0
93,10018649925317144938,97074,0,0,0,0,0,95346,0,0,0,0,0,0,0,0,0,0,0,0,0,0,0,0,0,0,298901,0,0,0,194619,0,0,0,42,0,0,0,0,0,0,1012,0,0,192425,0,0,district,0,0,0,0,0,0,0,0,0,0,0,0,0,103212,0,0,103212,0,0,0,0,0,192434,0,0,0
93,10018649925317144938,0,0,0,0,0,0,0,0,0,0,0,0,0,0,0,0,0,0,0,0,0,0,0,0,0,0,0,0,0,0,0,0,0,43,0,0,0,0,0,0,0,0,0,0,0,0,_district_graveyard,0,0,0,0,0,0,0,0,0,0,0,0,0,0,0,0,0,0,0,0,0,0,0,0,0,0
93,10018649925317144938,62539,0,0,0,0,0,59517,0,0,0,0,0,0,0,0,0,0,0,0,0,0,0,0,0,0,788451,0,0,0,122074,0,0,0,44,0,0,0,0,0,0,8,0,0,122070,0,0,customer,0,0,0,0,0,0,0,0,0,0,0,0,0,140740,0,0,140744,0,0,0,0,0,122081,0,0,0
93,10018649925317144938,0,0,0,0,0,0,0,0,0,0,0,0,0,0,0,0,0,0,0,0,0,0,0,0,0,0,0,0,0,0,0,0,0,45,0,0,0,0,0,0,0,0,0,0,0,0,_customer_graveyard,0,0,0,0,0,0,0,0,0,0,0,0,0,0,0,0,0,0,0,0,0,0,0,0,0,0
93,10018649925317144938,0,0,0,0,0,0,0,0,0,0,0,0,0,0,0,0,0,0,0,0,0,0,0,0,0,184635,0,0,0,0,0,0,0,46,0,0,0,0,0,0,61551,0,0,0,0,0,customerwdl,0,0,0,0,0,0,0,0,0,0,0,61554,0,61554,0,0,61554,0,0,0,0,0,0,0,0,0
93,10018649925317144938,0,0,0,0,0,0,0,0,0,0,0,0,0,0,0,0,0,0,0,0,0,0,0,0,0,0,0,0,0,0,0,0,0,47,0,0,0,0,0,0,0,0,0,0,0,0,_customerwdl_graveyard,0,0,0,0,0,0,0,0,0,0,0,0,0,0,0,0,0,0,0,0,0,0,0,0,0,0
93,10018649925317144938,0,0,0,0,0,0,0,0,0,0,0,0,0,0,0,0,0,0,0,0,0,0,0,0,2211,118131,0,0,0,39378,0,0,0,48,0,0,0,0,0,0,0,0,0,0,0,0,history,0,0,0,0,0,0,0,2236,0,0,0,0,2236,0,0,0,0,0,0,0,0,0,0,0,0,0
93,10018649925317144938,0,0,0,0,0,0,0,0,0,0,0,0,0,0,0,0,0,0,0,0,0,0,0,0,0,0,0,0,0,0,0,0,0,49,0,0,0,0,0,0,0,0,0,0,0,0,_history_graveyard,0,0,0,0,0,0,0,0,0,0,0,0,0,0,0,0,0,0,0,0,0,0,0,0,0,0
93,10018649925317144938,42533,86480,0,86480,0,0,42458,0,0,0,0,0,0,0,0,0,0,0,0,0,0,0,50245,0,2100,1166154,0,0,0,273220,0,8996,0,50,2,0,0,0,0,0,115481,0,0,0,0,0,neworder,89430,8996,0,0,0,0,0,3952,2,0,0,85284,3953,94280,0,0,94280,0,1846,0,0,0,0,0,0,0
93,10018649925317144938,0,0,0,0,0,0,0,0,0,0,0,0,0,0,0,0,0,0,0,0,0,0,0,0,0,0,0,0,0,0,0,0,0,51,0,0,0,0,0,0,0,0,0,0,0,0,_neworder_graveyard,0,0,0,0,0,0,0,0,0,0,0,0,0,0,0,0,0,0,0,0,0,0,0,0,0,0
93,10018649925317144938,43026,0,0,0,0,0,41990,0,0,0,0,0,0,0,0,0,0,0,0,0,0,0,0,0,4349,831611,0,0,0,188753,0,0,0,52,0,0,0,0,0,0,0,0,0,85026,0,0,order,0,0,0,0,0,0,0,4363,0,0,0,0,4363,88464,0,0,88465,0,0,0,0,0,85032,0,0,0
93,10018649925317144938,0,0,0,0,0,0,0,0,0,0,0,0,0,0,0,0,0,0,0,0,0,0,0,0,0,0,0,0,0,0,0,0,0,53,0,0,0,0,0,0,0,0,0,0,0,0,_order_graveyard,0,0,0,0,0,0,0,0,0,0,0,0,0,0,0,0,0,0,0,0,0,0,0,0,0,0
93,10018649925317144938,0,0,0,0,0,0,0,0,0,0,0,0,0,0,0,0,3434,0,0,0,0,0,0,0,1394,312683,0,0,0,100793,0,0,0,54,0,0,0,0,0,0,3434,0,0,0,0,0,order_wdc,0,0,0,0,0,0,0,1412,0,0,0,0,1412,3434,0,0,3434,0,0,0,0,0,0,0,0,0
93,10018649925317144938,0,0,0,0,0,0,0,0,0,0,0,0,0,0,0,0,0,0,0,0,0,0,0,0,0,0,0,0,0,0,0,0,0,55,0,0,0,0,0,0,0,0,0,0,0,0,_order_wdc_graveyard,0,0,0,0,0,0,0,0,0,0,0,0,0,0,0,0,0,0,0,0,0,0,0,0,0,0
93,10018649925317144938,430498,0,0,0,0,0,420541,0,0,0,0,0,0,0,0,0,0,0,0,0,0,0,99833,0,58971,7646272,0,0,0,1899157,0,775,0,56,0,0,0,0,0,0,12424,0,0,851088,0,0,orderline,1815572,775,0,0,0,0,0,59789,0,0,0,12358,59789,1827992,0,0,1828004,0,0,0,0,0,851113,0,0,0
93,10018649925317144938,0,0,0,0,0,0,0,0,0,0,0,0,0,0,0,0,0,0,0,0,0,0,0,0,0,0,0,0,0,0,0,0,0,57,0,0,0,0,0,0,0,0,0,0,0,0,_orderline_graveyard,0,0,0,0,0,0,0,0,0,0,0,0,0,0,0,0,0,0,0,0,0,0,0,0,0,0
93,10018649925317144938,0,0,0,0,0,0,0,0,0,0,0,0,0,0,0,0,0,0,0,0,0,0,0,0,0,1978674,0,0,0,0,0,0,0,58,0,0,0,0,0,0,0,0,0,0,0,0,item,0,0,0,0,0,0,0,0,0,0,0,0,0,989453,0,0,989464,0,0,0,0,0,0,0,0,0
94,10018649925317144938,0,0,0,0,0,0,0,0,0,0,0,0,0,0,0,0,0,0,0,0,0,0,0,0,0,0,0,0,0,0,0,0,0,61,0,0,0,0,0,0,0,0,0,0,0,0,_stock_graveyard,0,0,0,0,0,0,0,0,0,0,0,0,0,0,0,0,0,0,0,0,0,0,0,0,0,0
94,10018649925317144938,506135,0,0,0,0,0,493319,0,0,0,0,0,0,0,0,0,0,0,0,0,0,0,0,0,0,15239479,0,0,0,1000732,0,0,0,60,0,0,0,0,0,0,1106,0,0,999521,0,0,stock,0,0,0,0,0,0,0,0,0,0,0,0,0,2808110,0,0,2808119,0,0,0,0,0,999585,0,0,0
94,10018649925317144938,0,0,0,0,0,0,0,0,0,0,0,0,0,0,0,0,0,0,0,0,0,0,0,0,0,0,0,0,0,0,0,0,0,59,0,0,0,0,0,0,0,0,0,0,0,0,_item_graveyard,0,0,0,0,0,0,0,0,0,0,0,0,0,0,0,0,0,0,0,0,0,0,0,0,0,0
94,10018649925317144938,0,0,0,0,0,0,0,0,0,0,0,0,0,0,0,0,0,0,0,0,0,0,353,0,2377,68161,0,0,0,67959,0,0,0,28,353,820,0,0,0,0,201,0,0,0,0,2721,_history_tree_14_updates,2021,0,0,0,0,0,0,5107,2721,0,0,0,7828,0,0,0,0,0,2377,0,0,0,0,0,0,0
94,10018649925317144938,0,0,0,0,0,0,0,0,0,0,0,0,0,0,0,0,0,0,0,0,0,0,1041,0,6,9407,0,0,0,9379,0,0,0,27,2594,1,0,0,0,0,28,0,0,0,0,2600,_history_tree_13_removes,3070,0,0,0,0,0,0,2606,2600,0,0,0,5206,0,0,0,0,0,6,0,0,0,0,0,0,0
94,10018649925317144938,0,0,0,0,0,0,0,0,0,0,0,0,0,0,0,0,0,0,0,0,0,0,329,0,2390,68663,0,0,0,68472,0,0,0,26,329,822,0,0,0,0,190,0,0,0,0,2700,_history_tree_13_updates,2030,0,0,0,0,0,0,5109,2700,0,0,0,7809,0,0,0,0,0,2389,0,0,0,0,0,0,0
94,10018649925317144938,0,0,0,0,0,0,0,0,0,0,0,0,0,0,0,0,0,0,0,0,0,0,1029,0,6,9442,0,0,0,9433,0,0,0,25,2642,1,0,0,0,0,9,0,0,0,0,2649,_history_tree_12_removes,3069,0,0,0,0,0,0,2655,2649,0,0,0,5304,0,0,0,0,0,6,0,0,0,0,0,0,0
94,10018649925317144938,0,0,0,0,0,0,0,0,0,0,0,0,0,0,0,0,0,0,0,0,0,0,328,0,2399,68977,0,0,0,68797,0,0,0,24,328,821,0,0,0,0,179,0,0,0,0,2724,_history_tree_12_updates,2007,0,0,0,0,0,0,5124,2724,0,0,0,7848,0,0,0,0,0,2398,0,0,0,0,0,0,0
94,10018649925317144938,0,0,0,0,0,0,0,0,0,0,0,0,0,0,0,0,0,0,0,0,0,0,1050,0,9,9638,0,0,0,9625,0,0,0,23,2590,6,0,0,0,0,13,0,0,0,0,2599,_history_tree_11_removes,3048,0,0,0,0,0,0,2608,2599,0,0,0,5207,0,0,0,0,0,9,0,0,0,0,0,0,0
94,10018649925317144938,0,0,0,0,0,0,0,0,0,0,0,0,0,0,0,0,0,0,0,0,0,0,327,0,2432,69849,0,0,0,69639,0,0,0,22,327,889,0,0,0,0,209,0,0,0,0,2719,_history_tree_11_updates,1983,0,0,0,0,0,0,5193,2719,0,0,0,7912,0,0,0,0,0,2434,0,0,0,0,0,0,0
94,10018649925317144938,0,0,0,0,0,0,0,0,0,0,0,0,0,0,0,0,0,0,0,0,0,0,1051,0,8,9608,0,0,0,9589,0,0,0,21,2563,3,0,0,0,0,19,0,0,0,0,2571,_history_tree_10_removes,3012,0,0,0,0,0,0,2579,2571,0,0,0,5150,0,0,0,0,0,8,0,0,0,0,0,0,0
94,10018649925317144938,0,0,0,0,0,0,0,0,0,0,0,0,0,0,0,0,0,0,0,0,0,0,347,0,2413,69591,0,0,0,69363,0,0,0,20,347,866,0,0,0,0,226,0,0,0,0,2754,_history_tree_10_updates,2009,0,0,0,0,0,0,5170,2754,0,0,0,7924,0,0,0,0,0,2410,0,0,0,0,0,0,0
94,10018649925317144938,0,0,0,0,0,0,0,0,0,0,0,0,0,0,0,0,0,0,0,0,0,0,1050,0,5,9509,0,0,0,9488,0,0,0,19,2662,2,0,0,0,0,21,0,0,0,0,2667,_history_tree_9_removes,3116,0,0,0,0,0,0,2672,2667,0,0,0,5339,0,0,0,0,0,5,0,0,0,0,0,0,0
94,10018649925317144938,0,0,0,0,0,0,0,0,0,0,0,0,0,0,0,0,0,0,0,0,0,0,321,0,2416,69504,0,0,0,69274,0,0,0,18,321,805,0,0,0,0,229,0,0,0,0,2738,_history_tree_9_updates,2050,0,0,0,0,0,0,5154,2738,0,0,0,7892,0,0,0,0,0,2417,0,0,0,0,0,0,0
94,10018649925317144938,0,0,0,0,0,0,0,0,0,0,0,0,0,0,0,0,0,0,0,0,0,0,1053,0,7,9500,0,0,0,9487,0,0,0,17,2644,2,0,0,0,0,13,0,0,0,0,2651,_history_tree_8_removes,3111,0,0,0,0,0,0,2658,2651,0,0,0,5309,0,0,0,0,0,7,0,0,0,0,0,0,0
94,10018649925317144938,0,0,0,0,0,0,0,0,0,0,0,0,0,0,0,0,0,0,0,0,0,0,315,0,2406,69140,0,0,0,68918,0,0,0,16,315,816,0,0,0,0,223,0,0,0,0,2710,_history_tree_8_updates,2031,0,0,0,0,0,0,5127,2710,0,0,0,7837,0,0,0,0,0,2406,0,0,0,0,0,0,0
94,10018649925317144938,0,0,0,0,0,0,0,0,0,0,0,0,0,0,0,0,0,0,0,0,0,0,1022,0,3,8987,0,0,0,8977,0,0,0,15,2681,1,0,0,0,0,11,0,0,0,0,2684,_history_tree_7_removes,3126,0,0,0,0,0,0,2687,2684,0,0,0,5371,0,0,0,0,0,3,0,0,0,0,0,0,0
94,10018649925317144938,0,0,0,0,0,0,0,0,0,0,0,0,0,0,0,0,0,0,0,0,0,0,319,0,2356,67237,0,0,0,67025,0,0,0,14,319,779,0,0,0,0,212,0,0,0,0,2645,_history_tree_7_updates,2014,0,0,0,0,0,0,5031,2645,0,0,0,7676,0,0,0,0,0,2356,0,0,0,0,0,0,0
94,10018649925317144938,0,0,0,0,0,0,0,0,0,0,0,0,0,0,0,0,0,0,0,0,0,0,981,0,13,9517,0,0,0,9497,0,0,0,13,2573,10,0,0,0,0,20,0,0,0,0,2586,_history_tree_6_removes,3017,0,0,0,0,0,0,2599,2586,0,0,0,5185,0,0,0,0,0,13,0,0,0,0,0,0,0
94,10018649925317144938,0,0,0,0,0,0,0,0,0,0,0,0,0,22542852,23074739,0,0,0,0,0,0,0,359,0,2394,68722,0,0,0,68516,0,0,0,0,359,841,0,0,0,0,200,0,0,0,0,2717,_history_tree_0_updates,2039,0,1513531,0,0,0,0,5146,2717,0,0,0,7863,0,0,0,0,0,2394,0,0,0,0,720498,0,0
94,10018649925317144938,0,0,0,0,0,0,0,0,0,0,0,0,0,0,0,0,0,0,0,0,0,0,975,0,7,9328,0,0,0,9315,0,0,0,1,2643,4,0,0,0,0,13,0,0,0,0,2650,_history_tree_0_removes,3107,0,0,0,0,0,0,2657,2650,0,0,0,5307,0,0,0,0,0,7,0,0,0,0,0,0,0
94,10018649925317144938,0,0,0,0,0,0,0,0,0,0,0,0,0,0,0,0,0,0,0,0,0,0,372,0,2405,68948,0,0,0,68739,0,0,0,2,372,883,0,0,0,0,208,0,0,0,0,2758,_history_tree_1_updates,2014,0,0,0,0,0,0,5180,2758,0,0,0,7938,0,0,0,0,0,2403,0,0,0,0,0,0,0
94,10018649925317144938,0,0,0,0,0,0,0,0,0,0,0,0,0,0,0,0,0,0,0,0,0,0,928,0,9,9343,0,0,0,9330,0,0,0,3,2581,5,0,0,0,0,13,0,0,0,0,2590,_history_tree_1_removes,3004,0,0,0,0,0,0,2599,2590,0,0,0,5189,0,0,0,0,0,9,0,0,0,0,0,0,0
94,10018649925317144938,0,0,0,0,0,0,0,0,0,0,0,0,0,0,0,0,0,0,0,0,0,0,347,0,2411,69033,0,0,0,68837,0,0,0,4,347,840,0,0,0,0,194,0,0,0,0,2743,_history_tree_2_updates,2037,0,0,0,0,0,0,5167,2743,0,0,0,7908,0,0,0,0,0,2408,0,0,0,0,0,0,0
94,10018649925317144938,0,0,0,0,0,0,0,0,0,0,0,0,0,0,0,0,0,0,0,0,0,0,998,0,4,9388,0,0,0,9372,0,0,0,5,2660,0,0,0,0,0,17,0,0,0,0,2664,_history_tree_2_removes,3107,0,0,0,0,0,0,2668,2664,0,0,0,5332,0,0,0,0,0,4,0,0,0,0,0,0,0
94,10018649925317144938,0,0,0,0,0,0,0,0,0,0,0,0,0,0,0,0,0,0,0,0,0,0,334,0,2402,68729,0,0,0,68510,0,0,0,6,334,800,0,0,0,0,219,0,0,0,0,2730,_history_tree_3_updates,2058,0,0,0,0,0,0,5138,2730,0,0,0,7868,0,0,0,0,0,2402,0,0,0,0,0,0,0
94,10018649925317144938,0,0,0,0,0,0,0,0,0,0,0,0,0,0,0,0,0,0,0,0,0,0,1011,0,4,9251,0,0,0,9241,0,0,0,7,2657,1,0,0,0,0,10,0,0,0,0,2661,_history_tree_3_removes,3121,0,0,0,0,0,0,2665,2661,0,0,0,5326,0,0,0,0,0,4,0,0,0,0,0,0,0
94,10018649925317144938,0,0,0,0,0,0,0,0,0,0,0,0,0,0,0,0,0,0,0,0,0,0,340,0,2375,67849,0,0,0,67639,0,0,0,8,340,786,0,0,0,0,208,0,0,0,0,2714,_history_tree_4_updates,2047,0,0,0,0,0,0,5089,2714,0,0,0,7803,0,0,0,0,0,2374,0,0,0,0,0,0,0
94,10018649925317144938,0,0,0,0,0,0,0,0,0,0,0,0,0,0,0,0,0,0,0,0,0,0,981,0,5,9219,0,0,0,9202,0,0,0,9,2657,0,0,0,0,0,13,0,0,0,0,2662,_history_tree_4_removes,3103,0,0,0,0,0,0,2667,2662,0,0,0,5329,0,0,0,0,0,5,0,0,0,0,0,0,0
94,10018649925317144938,0,0,0,0,0,0,0,0,0,0,0,0,0,0,0,0,0,0,0,0,0,0,374,0,2362,67637,0,0,0,67447,0,0,0,10,374,811,0,0,0,0,188,0,0,0,0,2737,_history_tree_5_updates,2058,0,0,0,0,0,0,5099,2737,0,0,0,7837,0,0,0,0,0,2363,0,0,0,0,0,0,0
94,10018649925317144938,0,0,0,0,0,0,0,0,0,0,0,0,0,0,0,0,0,0,0,0,0,0,993,0,6,9142,0,0,0,9130,0,0,0,11,2596,2,0,0,0,0,12,0,0,0,0,2602,_history_tree_5_removes,3061,0,0,0,0,0,0,2608,2602,0,0,0,5210,0,0,0,0,0,6,0,0,0,0,0,0,0
94,10018649925317144938,0,0,0,0,0,0,0,0,0,0,0,0,0,0,0,0,0,0,0,0,0,0,352,0,2442,70046,0,0,0,69822,0,0,0,12,352,930,0,0,0,0,226,0,0,0,0,2654,_history_tree_6_updates,1970,0,0,0,0,0,0,5234,2654,0,0,0,7888,0,0,0,0,0,2440,0,0,0,0,0,0,0
94,10018649925317144938,0,0,0,0,0,0,0,0,0,0,0,0,0,0,0,0,0,0,0,0,0,0,1000,0,4,9242,0,0,0,9227,0,0,0,29,2606,0,0,0,0,0,15,0,0,0,0,2610,_history_tree_14_removes,3055,0,0,0,0,0,0,2614,2610,0,0,0,5224,0,0,0,0,0,4,0,0,0,0,0,0,0
94,10018649925317144938,0,0,0,0,0,0,0,0,0,0,0,0,0,0,0,0,0,0,0,0,0,0,359,0,2420,69390,0,0,0,69182,0,0,0,30,359,844,0,0,0,0,209,0,0,0,0,2763,_history_tree_15_updates,2068,0,0,0,0,0,0,5199,2763,0,0,0,7962,0,0,0,0,0,2420,0,0,0,0,0,0,0
94,10018649925317144938,0,0,0,0,0,0,0,0,0,0,0,0,0,0,0,0,0,0,0,0,0,0,1044,0,9,9547,0,0,0,9537,0,0,0,31,2650,3,0,0,0,0,10,0,0,0,0,2659,_history_tree_15_removes,3124,0,0,0,0,0,0,2668,2659,0,0,0,5327,0,0,0,0,0,9,0,0,0,0,0,0,0
94,10018649925317144938,0,0,0,0,0,0,0,0,0,0,0,0,0,0,0,0,0,0,0,0,0,0,364,0,2394,69001,0,0,0,68753,0,0,0,32,364,841,0,0,0,0,248,0,0,0,0,2757,_history_tree_16_updates,2025,0,0,0,0,0,0,5151,2757,0,0,0,7908,0,0,0,0,0,2393,0,0,0,0,0,0,0
94,10018649925317144938,0,0,0,0,0,0,0,0,0,0,0,0,0,0,0,0,0,0,0,0,0,0,1041,0,5,9541,0,0,0,9533,0,0,0,33,2635,1,0,0,0,0,8,0,0,0,0,2640,_history_tree_16_removes,3082,0,0,0,0,0,0,2645,2640,0,0,0,5285,0,0,0,0,0,5,0,0,0,0,0,0,0
94,10018649925317144938,0,0,0,0,0,0,0,0,0,0,0,0,0,0,0,0,0,0,0,0,0,0,358,0,2335,142074,0,0,0,70807,0,0,0,34,10668,2694,0,0,0,0,230,0,0,0,0,6399,_history_tree_17_updates,4038,0,0,0,0,0,0,15340,12798,0,0,0,21739,0,0,0,0,0,2336,0,0,0,0,0,0,0
94,10018649925317144938,0,0,0,0,0,0,0,0,0,0,0,0,0,0,0,0,0,0,0,0,0,0,840,0,13,8683,0,0,0,8675,0,0,0,35,2490,6,0,0,0,0,8,0,0,0,0,2503,_history_tree_17_removes,2932,0,0,0,0,0,0,2516,2503,0,0,0,5019,0,0,0,0,0,13,0,0,0,0,0,0,0
94,10018649925317144938,0,0,0,0,0,0,0,0,0,0,0,0,0,0,0,0,0,0,0,0,0,0,347,0,2380,68328,0,0,0,68139,0,0,0,36,347,844,0,0,0,0,187,0,0,0,0,2727,_history_tree_18_updates,1988,0,0,0,0,0,0,5107,2727,0,0,0,7834,0,0,0,0,0,2380,0,0,0,0,0,0,0
94,10018649925317144938,0,0,0,0,0,0,0,0,0,0,0,0,0,0,0,0,0,0,0,0,0,0,1021,0,6,9355,0,0,0,9344,0,0,0,37,2529,1,0,0,0,0,11,0,0,0,0,2535,_history_tree_18_removes,2975,0,0,0,0,0,0,2541,2535,0,0,0,5076,0,0,0,0,0,6,0,0,0,0,0,0,0
94,10018649925317144938,0,0,0,0,0,0,0,0,0,0,0,0,0,0,0,0,0,0,0,0,0,0,286,0,2361,67629,0,0,0,67427,0,0,0,38,286,794,0,0,0,0,203,0,0,0,0,2609,_history_tree_19_updates,1995,0,0,0,0,0,0,5011,2609,0,0,0,7619,0,0,0,0,0,2364,0,0,0,0,0,0,0
94,10018649925317144938,0,0,0,0,0,0,0,0,0,0,0,0,0,0,0,0,0,0,0,0,0,0,1032,0,5,9172,0,0,0,9163,0,0,0,39,2640,2,0,0,0,0,5,0,0,0,0,2645,_history_tree_19_removes,3114,0,0,0,0,0,0,2650,2645,0,0,0,5295,0,0,0,0,0,5,0,0,0,0,0,0,0
94,10018649925317144938,49376,0,0,0,0,0,46036,0,0,0,0,0,0,0,0,0,0,0,0,0,0,0,0,0,0,297280,0,0,0,97389,0,0,0,40,0,0,0,0,0,0,2073,0,0,95418,0,0,warehouse,0,0,0,0,0,0,0,0,0,0,0,0,0,197547,0,0,197547,0,0,0,0,0,95420,0,0,0
94,10018649925317144938,0,0,0,0,0,0,0,0,0,0,0,0,0,0,0,0,0,0,0,0,0,0,0,0,0,0,0,0,0,0,0,0,0,41,0,0,0,0,0,0,0,0,0,0,0,0,_warehouse_graveyard,0,0,0,0,0,0,0,0,0,0,0,0,0,0,0,0,0,0,0,0,0,0,0,0,0,0
94,10018649925317144938,98255,0,0,0,0,0,96259,0,0,0,0,0,0,0,0,0,0,0,0,0,0,0,0,0,2,302206,0,0,0,196709,0,0,0,42,0,0,0,0,0,0,997,0,0,194531,0,0,district,0,0,0,0,0,0,0,2,0,0,0,0,2,104457,0,0,104457,2,0,0,0,0,194538,0,0,0
94,10018649925317144938,0,0,0,0,0,0,0,0,0,0,0,0,0,0,0,0,0,0,0,0,0,0,0,0,0,0,0,0,0,0,0,0,0,43,0,0,0,0,0,0,0,0,0,0,0,0,_district_graveyard,0,0,0,0,0,0,0,0,0,0,0,0,0,0,0,0,0,0,0,0,0,0,0,0,0,0
94,10018649925317144938,63741,0,0,0,0,0,60938,0,0,0,0,0,0,0,0,0,0,0,0,0,0,0,0,0,0,801921,0,0,0,124702,0,0,0,44,0,0,0,0,0,0,3,0,0,124675,0,0,customer,0,0,0,0,0,0,0,0,0,0,0,0,0,142605,0,0,142601,0,0,0,0,0,124668,0,0,0
94,10018649925317144938,0,0,0,0,0,0,0,0,0,0,0,0,0,0,0,0,0,0,0,0,0,0,0,0,0,0,0,0,0,0,0,0,0,45,0,0,0,0,0,0,0,0,0,0,0,0,_customer_graveyard,0,0,0,0,0,0,0,0,0,0,0,0,0,0,0,0,0,0,0,0,0,0,0,0,0,0
94,10018649925317144938,0,0,0,0,0,0,0,0,0,0,0,0,0,0,0,0,0,0,0,0,0,0,0,0,0,185985,0,0,0,0,0,0,0,46,0,0,0,0,0,0,61990,0,0,0,0,0,customerwdl,0,0,0,0,0,0,0,0,0,0,0,61991,0,61991,0,0,61991,0,0,0,0,0,0,0,0,0
94,10018649925317144938,0,0,0,0,0,0,0,0,0,0,0,0,0,0,0,0,0,0,0,0,0,0,0,0,0,0,0,0,0,0,0,0,0,47,0,0,0,0,0,0,0,0,0,0,0,0,_customerwdl_graveyard,0,0,0,0,0,0,0,0,0,0,0,0,0,0,0,0,0,0,0,0,0,0,0,0,0,0
94,10018649925317144938,0,0,0,0,0,0,0,0,0,0,0,0,0,0,0,0,0,0,0,0,0,0,0,0,2252,120381,0,0,0,40127,0,0,0,48,0,0,0,0,0,0,0,0,0,0,0,0,history,0,0,0,0,0,0,0,2280,0,0,0,0,2280,0,0,0,0,0,0,0,0,0,0,0,0,0
94,10018649925317144938,0,0,0,0,0,0,0,0,0,0,0,0,0,0,0,0,0,0,0,0,0,0,0,0,0,0,0,0,0,0,0,0,0,49,0,0,0,0,0,0,0,0,0,0,0,0,_history_graveyard,0,0,0,0,0,0,0,0,0,0,0,0,0,0,0,0,0,0,0,0,0,0,0,0,0,0
94,10018649925317144938,43445,86800,0,86800,0,0,43350,0,0,0,0,0,0,0,0,0,0,0,0,0,0,0,51155,0,2100,1182486,0,0,0,276211,0,9858,0,50,33,0,0,0,0,0,117940,0,0,0,0,0,neworder,91880,9860,0,0,0,0,0,3974,2,0,0,87069,3974,96929,0,0,96933,0,1838,0,0,0,0,0,0,0
94,10018649925317144938,0,0,0,0,0,0,0,0,0,0,0,0,0,0,0,0,0,0,0,0,0,0,0,0,0,0,0,0,0,0,0,0,0,51,0,0,0,0,0,0,0,0,0,0,0,0,_neworder_graveyard,0,0,0,0,0,0,0,0,0,0,0,0,0,0,0,0,0,0,0,0,0,0,0,0,0,0
94,10018649925317144938,43960,0,0,0,0,0,42832,0,0,0,0,0,0,0,0,0,0,0,0,0,0,0,0,0,4324,845347,0,0,0,191362,0,0,0,52,0,0,0,0,0,0,0,0,0,86789,0,0,order,0,0,0,0,0,0,0,4331,0,0,0,0,4331,90415,0,0,90416,0,0,0,0,0,86789,0,0,0
94,10018649925317144938,0,0,0,0,0,0,0,0,0,0,0,0,0,0,0,0,0,0,0,0,0,0,0,0,0,0,0,0,0,0,0,0,0,53,0,0,0,0,0,0,0,0,0,0,0,0,_order_graveyard,0,0,0,0,0,0,0,0,0,0,0,0,0,0,0,0,0,0,0,0,0,0,0,0,0,0
94,10018649925317144938,0,0,0,0,0,0,0,0,0,0,0,0,0,0,0,0,3628,0,0,0,0,0,0,0,1385,315714,0,0,0,101611,0,0,0,54,0,0,0,0,0,0,3628,0,0,0,0,0,order_wdc,0,0,0,0,0,0,0,1398,0,0,0,0,1398,3628,0,0,3628,0,0,0,0,0,0,0,0,0
94,10018649925317144938,0,0,0,0,0,0,0,0,0,0,0,0,0,0,0,0,0,0,0,0,0,0,0,0,0,0,0,0,0,0,0,0,0,55,0,0,0,0,0,0,0,0,0,0,0,0,_order_wdc_graveyard,0,0,0,0,0,0,0,0,0,0,0,0,0,0,0,0,0,0,0,0,0,0,0,0,0,0
94,10018649925317144938,439379,0,0,0,0,0,429265,0,0,0,0,0,0,0,0,0,0,0,0,0,0,0,101575,0,59648,7764571,0,0,0,1928441,0,808,0,56,0,0,0,0,0,0,12709,0,0,868628,0,0,orderline,1846102,808,0,0,0,0,0,60451,0,0,0,12649,60451,1858668,0,0,1858656,0,0,0,0,0,868626,0,0,0
94,10018649925317144938,0,0,0,0,0,0,0,0,0,0,0,0,0,0,0,0,0,0,0,0,0,0,0,0,0,0,0,0,0,0,0,0,0,57,0,0,0,0,0,0,0,0,0,0,0,0,_orderline_graveyard,0,0,0,0,0,0,0,0,0,0,0,0,0,0,0,0,0,0,0,0,0,0,0,0,0,0
94,10018649925317144938,0,0,0,0,0,0,0,0,0,0,0,0,0,0,0,0,0,0,0,0,0,0,0,0,0,1999784,0,0,0,0,0,0,0,58,0,0,0,0,0,0,0,0,0,0,0,0,item,0,0,0,0,0,0,0,0,0,0,0,0,0,999882,0,0,999886,0,0,0,0,0,0,0,0,0
95,10018649925317144938,0,0,0,0,0,0,0,0,0,0,0,0,0,0,0,0,0,0,0,0,0,0,0,0,0,0,0,0,0,0,0,0,0,61,0,0,0,0,0,0,0,0,0,0,0,0,_stock_graveyard,0,0,0,0,0,0,0,0,0,0,0,0,0,0,0,0,0,0,0,0,0,0,0,0,0,0
95,10018649925317144938,493558,0,0,0,0,0,481747,0,0,0,0,0,0,0,0,0,0,0,0,0,0,0,0,0,0,14741507,0,0,0,976397,0,0,0,60,0,0,0,0,0,0,1081,0,0,975269,0,0,stock,0,0,0,0,0,0,0,0,0,0,0,0,0,2707850,0,0,2707829,0,0,0,0,0,975210,0,0,0
95,10018649925317144938,0,0,0,0,0,0,0,0,0,0,0,0,0,0,0,0,0,0,0,0,0,0,0,0,0,0,0,0,0,0,0,0,0,59,0,0,0,0,0,0,0,0,0,0,0,0,_item_graveyard,0,0,0,0,0,0,0,0,0,0,0,0,0,0,0,0,0,0,0,0,0,0,0,0,0,0
95,10018649925317144938,0,0,0,0,0,0,0,0,0,0,0,0,0,0,0,0,0,0,0,0,0,0,343,0,2357,67464,0,0,0,67247,0,0,0,28,343,844,0,0,0,0,217,0,0,0,0,2688,_history_tree_14_updates,1968,0,0,0,0,0,0,5056,2688,0,0,0,7744,0,0,0,0,0,2356,0,0,0,0,0,0,0
95,10018649925317144938,0,0,0,0,0,0,0,0,0,0,0,0,0,0,0,0,0,0,0,0,0,0,999,0,6,9108,0,0,0,9099,0,0,0,27,2586,2,0,0,0,0,9,0,0,0,0,2592,_history_tree_13_removes,3022,0,0,0,0,0,0,2598,2592,0,0,0,5190,0,0,0,0,0,6,0,0,0,0,0,0,0
95,10018649925317144938,0,0,0,0,0,0,0,0,0,0,0,0,0,0,0,0,0,0,0,0,0,0,324,0,2337,66898,0,0,0,66701,0,0,0,26,324,795,0,0,0,0,197,0,0,0,0,2659,_history_tree_13_updates,1978,0,0,0,0,0,0,4997,2659,0,0,0,7656,0,0,0,0,0,2337,0,0,0,0,0,0,0
95,10018649925317144938,0,0,0,0,0,0,0,0,0,0,0,0,0,0,0,0,0,0,0,0,0,0,995,0,5,9122,0,0,0,9108,0,0,0,25,2499,1,0,0,0,0,14,0,0,0,0,2503,_history_tree_12_removes,2980,0,0,0,0,0,0,2508,2503,0,0,0,5011,0,0,0,0,0,5,0,0,0,0,0,0,0
95,10018649925317144938,0,0,0,0,0,0,0,0,0,0,0,0,0,0,0,0,0,0,0,0,0,0,355,0,2335,67093,0,0,0,66892,0,0,0,24,355,823,0,0,0,0,203,0,0,0,0,2671,_history_tree_12_updates,2007,0,0,0,0,0,0,5023,2671,0,0,0,7694,0,0,0,0,0,2333,0,0,0,0,0,0,0
95,10018649925317144938,0,0,0,0,0,0,0,0,0,0,0,0,0,0,0,0,0,0,0,0,0,0,992,0,5,9203,0,0,0,9190,0,0,0,23,2544,2,0,0,0,0,14,0,0,0,0,2549,_history_tree_11_removes,2972,0,0,0,0,0,0,2554,2549,0,0,0,5103,0,0,0,0,0,5,0,0,0,0,0,0,0
95,10018649925317144938,0,0,0,0,0,0,0,0,0,0,0,0,0,0,0,0,0,0,0,0,0,0,307,0,2332,66990,0,0,0,66749,0,0,0,22,307,801,0,0,0,0,241,0,0,0,0,2622,_history_tree_11_updates,1954,0,0,0,0,0,0,4970,2622,0,0,0,7592,0,0,0,0,0,2331,0,0,0,0,0,0,0
95,10018649925317144938,0,0,0,0,0,0,0,0,0,0,0,0,0,0,0,0,0,0,0,0,0,0,1015,0,6,9166,0,0,0,9150,0,0,0,21,2571,2,0,0,0,0,17,0,0,0,0,2577,_history_tree_10_removes,3013,0,0,0,0,0,0,2583,2577,0,0,0,5160,0,0,0,0,0,6,0,0,0,0,0,0,0
95,10018649925317144938,0,0,0,0,0,0,0,0,0,0,0,0,0,0,0,0,0,0,0,0,0,0,304,0,2340,67135,0,0,0,66920,0,0,0,20,304,809,0,0,0,0,217,0,0,0,0,2627,_history_tree_10_updates,1957,0,0,0,0,0,0,4987,2627,0,0,0,7614,0,0,0,0,0,2342,0,0,0,0,0,0,0
95,10018649925317144938,0,0,0,0,0,0,0,0,0,0,0,0,0,0,0,0,0,0,0,0,0,0,937,0,6,8752,0,0,0,8741,0,0,0,19,2573,2,0,0,0,0,11,0,0,0,0,2579,_history_tree_9_removes,3017,0,0,0,0,0,0,2585,2579,0,0,0,5164,0,0,0,0,0,6,0,0,0,0,0,0,0
95,10018649925317144938,0,0,0,0,0,0,0,0,0,0,0,0,0,0,0,0,0,0,0,0,0,0,343,0,2283,65291,0,0,0,65087,0,0,0,18,343,751,0,0,0,0,205,0,0,0,0,2593,_history_tree_9_updates,2000,0,0,0,0,0,0,4910,2593,0,0,0,7503,0,0,0,0,0,2283,0,0,0,0,0,0,0
95,10018649925317144938,0,0,0,0,0,0,0,0,0,0,0,0,0,0,0,0,0,0,0,0,0,0,997,0,3,9056,0,0,0,9037,0,0,0,17,2576,1,0,0,0,0,19,0,0,0,0,2579,_history_tree_8_removes,3012,0,0,0,0,0,0,2582,2579,0,0,0,5161,0,0,0,0,0,3,0,0,0,0,0,0,0
95,10018649925317144938,0,0,0,0,0,0,0,0,0,0,0,0,0,0,0,0,0,0,0,0,0,0,312,0,2314,66368,0,0,0,66166,0,0,0,16,312,759,0,0,0,0,200,0,0,0,0,2620,_history_tree_8_updates,1981,0,0,0,0,0,0,4938,2620,0,0,0,7558,0,0,0,0,0,2312,0,0,0,0,0,0,0
95,10018649925317144938,0,0,0,0,0,0,0,0,0,0,0,0,0,0,0,0,0,0,0,0,0,0,1028,0,10,9515,0,0,0,9492,0,0,0,15,2538,3,0,0,0,0,22,0,0,0,0,2548,_history_tree_7_removes,3000,0,0,0,0,0,0,2558,2548,0,0,0,5108,0,0,0,0,0,10,0,0,0,0,0,0,0
95,10018649925317144938,0,0,0,0,0,0,0,0,0,0,0,0,0,0,0,0,0,0,0,0,0,0,336,0,2372,68213,0,0,0,67992,0,0,0,14,336,869,0,0,0,0,220,0,0,0,0,2672,_history_tree_7_updates,1970,0,0,0,0,0,0,5081,2672,0,0,0,7753,0,0,0,0,0,2373,0,0,0,0,0,0,0
95,10018649925317144938,0,0,0,0,0,0,0,0,0,0,0,0,0,0,0,0,0,0,0,0,0,0,904,0,10,8773,0,0,0,8752,0,0,0,13,2561,7,0,0,0,0,21,0,0,0,0,2571,_history_tree_6_removes,2994,0,0,0,0,0,0,2581,2571,0,0,0,5152,0,0,0,0,0,10,0,0,0,0,0,0,0
95,10018649925317144938,0,0,0,0,0,0,0,0,0,0,0,0,0,21898900,22428634,0,0,0,0,0,0,0,345,0,2336,67041,0,0,0,66849,0,0,0,0,345,829,0,0,0,0,191,0,0,0,0,2614,_history_tree_0_updates,1970,0,1480784,0,0,0,0,5018,2614,0,0,0,7632,0,0,0,0,0,2336,0,0,0,0,703480,0,0
95,10018649925317144938,0,0,0,0,0,0,0,0,0,0,0,0,0,0,0,0,0,0,0,0,0,0,946,0,9,9144,0,0,0,9127,0,0,0,1,2526,4,0,0,0,0,17,0,0,0,0,2535,_history_tree_0_removes,2959,0,0,0,0,0,0,2544,2535,0,0,0,5079,0,0,0,0,0,9,0,0,0,0,0,0,0
95,10018649925317144938,0,0,0,0,0,0,0,0,0,0,0,0,0,0,0,0,0,0,0,0,0,0,334,0,2347,67293,0,0,0,67083,0,0,0,2,334,845,0,0,0,0,208,0,0,0,0,2674,_history_tree_1_updates,1956,0,0,0,0,0,0,5028,2674,0,0,0,7702,0,0,0,0,0,2347,0,0,0,0,0,0,0
95,10018649925317144938,0,0,0,0,0,0,0,0,0,0,0,0,0,0,0,0,0,0,0,0,0,0,984,0,8,9179,0,0,0,9157,0,0,0,3,2510,2,0,0,0,0,22,0,0,0,0,2518,_history_tree_1_removes,2972,0,0,0,0,0,0,2526,2518,0,0,0,5044,0,0,0,0,0,8,0,0,0,0,0,0,0
95,10018649925317144938,0,0,0,0,0,0,0,0,0,0,0,0,0,0,0,0,0,0,0,0,0,0,323,0,2307,66079,0,0,0,65859,0,0,0,4,323,770,0,0,0,0,221,0,0,0,0,2632,_history_tree_2_updates,1998,0,0,0,0,0,0,4939,2632,0,0,0,7571,0,0,0,0,0,2309,0,0,0,0,0,0,0
95,10018649925317144938,0,0,0,0,0,0,0,0,0,0,0,0,0,0,0,0,0,0,0,0,0,0,1006,0,4,8979,0,0,0,8963,0,0,0,5,2606,1,0,0,0,0,15,0,0,0,0,2610,_history_tree_2_removes,3064,0,0,0,0,0,0,2614,2610,0,0,0,5224,0,0,0,0,0,4,0,0,0,0,0,0,0
95,10018649925317144938,0,0,0,0,0,0,0,0,0,0,0,0,0,0,0,0,0,0,0,0,0,0,345,0,2312,66337,0,0,0,66105,0,0,0,6,345,765,0,0,0,0,232,0,0,0,0,2641,_history_tree_3_updates,2023,0,0,0,0,0,0,4969,2641,0,0,0,7610,0,0,0,0,0,2312,0,0,0,0,0,0,0
95,10018649925317144938,0,0,0,0,0,0,0,0,0,0,0,0,0,0,0,0,0,0,0,0,0,0,985,0,3,9069,0,0,0,9054,0,0,0,7,2622,1,0,0,0,0,15,0,0,0,0,2625,_history_tree_3_removes,3072,0,0,0,0,0,0,2628,2625,0,0,0,5253,0,0,0,0,0,3,0,0,0,0,0,0,0
95,10018649925317144938,0,0,0,0,0,0,0,0,0,0,0,0,0,0,0,0,0,0,0,0,0,0,334,0,2348,67493,0,0,0,67279,0,0,0,8,334,810,0,0,0,0,213,0,0,0,0,2668,_history_tree_4_updates,1989,0,0,0,0,0,0,5031,2668,0,0,0,7699,0,0,0,0,0,2349,0,0,0,0,0,0,0
95,10018649925317144938,0,0,0,0,0,0,0,0,0,0,0,0,0,0,0,0,0,0,0,0,0,0,983,0,8,9312,0,0,0,9300,0,0,0,9,2566,4,0,0,0,0,12,0,0,0,0,2573,_history_tree_4_removes,3011,0,0,0,0,0,0,2581,2573,0,0,0,5154,0,0,0,0,0,8,0,0,0,0,0,0,0
95,10018649925317144938,0,0,0,0,0,0,0,0,0,0,0,0,0,0,0,0,0,0,0,0,0,0,316,0,2355,67456,0,0,0,67257,0,0,0,10,317,852,0,0,0,0,199,0,0,0,0,2642,_history_tree_5_updates,1956,0,0,0,0,0,0,5026,2642,0,0,0,7667,0,0,0,0,0,2354,0,0,0,0,0,0,0
95,10018649925317144938,0,0,0,0,0,0,0,0,0,0,0,0,0,0,0,0,0,0,0,0,0,0,951,0,10,9112,0,0,0,9095,0,0,0,11,2519,4,0,0,0,0,17,0,0,0,0,2529,_history_tree_5_removes,2967,0,0,0,0,0,0,2539,2529,0,0,0,5068,0,0,0,0,0,10,0,0,0,0,0,0,0
95,10018649925317144938,0,0,0,0,0,0,0,0,0,0,0,0,0,0,0,0,0,0,0,0,0,0,309,0,2273,64859,0,0,0,64672,0,0,0,12,309,776,0,0,0,0,185,0,0,0,0,2496,_history_tree_6_updates,1936,0,0,0,0,0,0,4856,2496,0,0,0,7352,0,0,0,0,0,2274,0,0,0,0,0,0,0
95,10018649925317144938,0,0,0,0,0,0,0,0,0,0,0,0,0,0,0,0,0,0,0,0,0,0,1028,0,7,9199,0,0,0,9193,0,0,0,29,2557,1,0,0,0,0,11,0,0,0,0,2564,_history_tree_14_removes,3007,0,0,0,0,0,0,2571,2564,0,0,0,5135,0,0,0,0,0,7,0,0,0,0,0,0,0
95,10018649925317144938,0,0,0,0,0,0,0,0,0,0,0,0,0,0,0,0,0,0,0,0,0,0,323,0,2341,67366,0,0,0,67183,0,0,0,30,323,848,0,0,0,0,180,0,0,0,0,2653,_history_tree_15_updates,1944,0,0,0,0,0,0,5007,2653,0,0,0,7660,0,0,0,0,0,2343,0,0,0,0,0,0,0
95,10018649925317144938,0,0,0,0,0,0,0,0,0,0,0,0,0,0,0,0,0,0,0,0,0,0,1021,0,8,9299,0,0,0,9282,0,0,0,31,2505,2,0,0,0,0,17,0,0,0,0,2513,_history_tree_15_removes,2968,0,0,0,0,0,0,2521,2513,0,0,0,5034,0,0,0,0,0,8,0,0,0,0,0,0,0
95,10018649925317144938,0,0,0,0,0,0,0,0,0,0,0,0,0,0,0,0,0,0,0,0,0,0,355,0,2333,66922,0,0,0,66705,0,0,0,32,355,829,0,0,0,0,217,0,0,0,0,2685,_history_tree_16_updates,1992,0,0,0,0,0,0,5021,2685,0,0,0,7706,0,0,0,0,0,2333,0,0,0,0,0,0,0
95,10018649925317144938,0,0,0,0,0,0,0,0,0,0,0,0,0,0,0,0,0,0,0,0,0,0,957,0,5,9086,0,0,0,9068,0,0,0,33,2566,0,0,0,0,0,18,0,0,0,0,2571,_history_tree_16_removes,3018,0,0,0,0,0,0,2576,2571,0,0,0,5147,0,0,0,0,0,5,0,0,0,0,0,0,0
95,10018649925317144938,0,0,0,0,0,0,0,0,0,0,0,0,0,0,0,0,0,0,0,0,0,0,336,0,2384,145924,0,0,0,72746,0,0,0,34,10414,2716,0,0,0,0,213,0,0,0,0,6263,_history_tree_17_updates,3937,0,0,0,0,0,0,15177,12526,0,0,0,21440,0,0,0,0,0,2380,0,0,0,0,0,0,0
95,10018649925317144938,0,0,0,0,0,0,0,0,0,0,0,0,0,0,0,0,0,0,0,0,0,0,849,0,20,9343,0,0,0,9326,0,0,0,35,2421,13,0,0,0,0,17,0,0,0,0,2441,_history_tree_17_removes,2844,0,0,0,0,0,0,2461,2441,0,0,0,4902,0,0,0,0,0,20,0,0,0,0,0,0,0
95,10018649925317144938,0,0,0,0,0,0,0,0,0,0,0,0,0,0,0,0,0,0,0,0,0,0,322,0,2380,68730,0,0,0,68506,0,0,0,36,322,874,0,0,0,0,223,0,0,0,0,2682,_history_tree_18_updates,1960,0,0,0,0,0,0,5084,2682,0,0,0,7766,0,0,0,0,0,2382,0,0,0,0,0,0,0
95,10018649925317144938,0,0,0,0,0,0,0,0,0,0,0,0,0,0,0,0,0,0,0,0,0,0,1032,0,10,9660,0,0,0,9647,0,0,0,37,2506,3,0,0,0,0,13,0,0,0,0,2516,_history_tree_18_removes,2967,0,0,0,0,0,0,2526,2516,0,0,0,5042,0,0,0,0,0,10,0,0,0,0,0,0,0
95,10018649925317144938,0,0,0,0,0,0,0,0,0,0,0,0,0,0,0,0,0,0,0,0,0,0,316,0,2377,68060,0,0,0,67863,0,0,0,38,316,813,0,0,0,0,196,0,0,0,0,2639,_history_tree_19_updates,2011,0,0,0,0,0,0,5069,2639,0,0,0,7708,0,0,0,0,0,2376,0,0,0,0,0,0,0
95,10018649925317144938,0,0,0,0,0,0,0,0,0,0,0,0,0,0,0,0,0,0,0,0,0,0,984,0,8,9234,0,0,0,9215,0,0,0,39,2609,5,0,0,0,0,20,0,0,0,0,2617,_history_tree_19_removes,3060,0,0,0,0,0,0,2625,2617,0,0,0,5242,0,0,0,0,0,8,0,0,0,0,0,0,0
95,10018649925317144938,48383,0,0,0,0,0,45127,0,0,0,0,0,0,0,0,0,0,0,0,0,0,0,0,0,0,291169,0,0,0,95525,0,0,0,40,0,0,0,0,0,0,2097,0,0,93509,0,0,warehouse,0,0,0,0,0,0,0,0,0,0,0,0,0,193256,0,0,193258,0,0,0,0,0,93511,0,0,0
95,10018649925317144938,0,0,0,0,0,0,0,0,0,0,0,0,0,0,0,0,0,0,0,0,0,0,0,0,0,0,0,0,0,0,0,0,0,41,0,0,0,0,0,0,0,0,0,0,0,0,_warehouse_graveyard,0,0,0,0,0,0,0,0,0,0,0,0,0,0,0,0,0,0,0,0,0,0,0,0,0,0
95,10018649925317144938,96225,0,0,0,0,0,93928,0,0,0,0,0,0,0,0,0,0,0,0,0,0,0,0,0,1,295550,0,0,0,192319,0,0,0,42,0,0,0,0,0,0,998,0,0,190149,0,0,district,0,0,0,0,0,0,0,1,0,0,0,0,1,102170,0,0,102172,1,0,0,0,0,190152,0,0,0
95,10018649925317144938,0,0,0,0,0,0,0,0,0,0,0,0,0,0,0,0,0,0,0,0,0,0,0,0,0,0,0,0,0,0,0,0,0,43,0,0,0,0,0,0,0,0,0,0,0,0,_district_graveyard,0,0,0,0,0,0,0,0,0,0,0,0,0,0,0,0,0,0,0,0,0,0,0,0,0,0
95,10018649925317144938,62622,0,0,0,0,0,59758,0,0,0,0,0,0,0,0,0,0,0,0,0,0,0,0,0,0,784695,0,0,0,122396,0,0,0,44,0,0,0,0,0,0,6,0,0,122376,0,0,customer,0,0,0,0,0,0,0,0,0,0,0,0,0,139170,0,0,139172,0,0,0,0,0,122377,0,0,0
95,10018649925317144938,0,0,0,0,0,0,0,0,0,0,0,0,0,0,0,0,0,0,0,0,0,0,0,0,0,0,0,0,0,0,0,0,0,45,0,0,0,0,0,0,0,0,0,0,0,0,_customer_graveyard,0,0,0,0,0,0,0,0,0,0,0,0,0,0,0,0,0,0,0,0,0,0,0,0,0,0
95,10018649925317144938,0,0,0,0,0,0,0,0,0,0,0,0,0,0,0,0,0,0,0,0,0,0,0,0,0,182600,0,0,0,0,0,0,0,46,0,0,0,0,0,0,60868,0,0,0,0,0,customerwdl,0,0,0,0,0,0,0,0,0,0,0,60872,0,60872,0,0,60873,0,0,0,0,0,0,0,0,0
95,10018649925317144938,0,0,0,0,0,0,0,0,0,0,0,0,0,0,0,0,0,0,0,0,0,0,0,0,0,0,0,0,0,0,0,0,0,47,0,0,0,0,0,0,0,0,0,0,0,0,_customerwdl_graveyard,0,0,0,0,0,0,0,0,0,0,0,0,0,0,0,0,0,0,0,0,0,0,0,0,0,0
95,10018649925317144938,0,0,0,0,0,0,0,0,0,0,0,0,0,0,0,0,0,0,0,0,0,0,0,0,2198,117537,0,0,0,39178,0,0,0,48,0,0,0,0,0,0,0,0,0,0,0,0,history,0,0,0,0,0,0,0,2221,0,0,0,0,2221,0,0,0,0,0,0,0,0,0,0,0,0,0
95,10018649925317144938,0,0,0,0,0,0,0,0,0,0,0,0,0,0,0,0,0,0,0,0,0,0,0,0,0,0,0,0,0,0,0,0,0,49,0,0,0,0,0,0,0,0,0,0,0,0,_history_graveyard,0,0,0,0,0,0,0,0,0,0,0,0,0,0,0,0,0,0,0,0,0,0,0,0,0,0
95,10018649925317144938,42746,85390,0,85391,0,0,42635,0,0,0,0,0,0,0,0,0,0,0,0,0,0,0,50484,0,2050,1162129,0,0,0,270902,0,12157,0,50,59,0,0,0,0,0,116461,0,0,0,0,0,neworder,93375,12155,0,0,0,0,0,3903,10,0,0,85712,3903,97869,0,0,97865,0,1788,0,0,0,0,0,0,0
95,10018649925317144938,0,0,0,0,0,0,0,0,0,0,0,0,0,0,0,0,0,0,0,0,0,0,0,0,0,0,0,0,0,0,0,0,0,51,0,0,0,0,0,0,0,0,0,0,0,0,_neworder_graveyard,0,0,0,0,0,0,0,0,0,0,0,0,0,0,0,0,0,0,0,0,0,0,0,0,0,0
95,10018649925317144938,43339,0,0,0,0,0,42064,0,0,0,0,0,0,0,0,0,0,0,0,0,0,0,0,0,4294,829155,0,0,0,187446,0,0,0,52,0,0,0,0,0,0,0,0,0,85408,0,0,order,0,0,0,0,0,0,0,4303,0,0,0,0,4303,88943,0,0,88942,0,0,0,0,0,85407,0,0,0
95,10018649925317144938,0,0,0,0,0,0,0,0,0,0,0,0,0,0,0,0,0,0,0,0,0,0,0,0,0,0,0,0,0,0,0,0,0,53,0,0,0,0,0,0,0,0,0,0,0,0,_order_graveyard,0,0,0,0,0,0,0,0,0,0,0,0,0,0,0,0,0,0,0,0,0,0,0,0,0,0
95,10018649925317144938,0,0,0,0,0,0,0,0,0,0,0,0,0,0,0,0,3535,0,0,0,0,0,0,0,1332,307800,0,0,0,99063,0,0,0,54,0,0,0,0,0,0,3535,0,0,0,0,0,order_wdc,0,0,0,0,0,0,0,1365,0,0,0,0,1365,3535,0,0,3535,0,0,0,0,0,0,0,0,0
95,10018649925317144938,0,0,0,0,0,0,0,0,0,0,0,0,0,0,0,0,0,0,0,0,0,0,0,0,0,0,0,0,0,0,0,0,0,55,0,0,0,0,0,0,0,0,0,0,0,0,_order_wdc_graveyard,0,0,0,0,0,0,0,0,0,0,0,0,0,0,0,0,0,0,0,0,0,0,0,0,0,0
95,10018649925317144938,431688,0,0,0,0,0,421741,0,0,0,0,0,0,0,0,0,0,0,0,0,0,0,97256,0,58045,7590880,0,0,0,1885449,0,950,0,56,0,0,0,0,0,0,12266,0,0,853454,0,0,orderline,1766804,950,0,0,0,0,0,58826,0,0,0,12205,58826,1779055,0,0,1779068,0,0,0,0,0,853446,0,0,0
95,10018649925317144938,0,0,0,0,0,0,0,0,0,0,0,0,0,0,0,0,0,0,0,0,0,0,0,0,0,0,0,0,0,0,0,0,0,57,0,0,0,0,0,0,0,0,0,0,0,0,_orderline_graveyard,0,0,0,0,0,0,0,0,0,0,0,0,0,0,0,0,0,0,0,0,0,0,0,0,0,0
95,10018649925317144938,0,0,0,0,0,0,0,0,0,0,0,0,0,0,0,0,0,0,0,0,0,0,0,0,0,1947538,0,0,0,0,0,0,0,58,0,0,0,0,0,0,0,0,0,0,0,0,item,0,0,0,0,0,0,0,0,0,0,0,0,0,973744,0,0,973735,0,0,0,0,0,0,0,0,0
96,10018649925317144938,0,0,0,0,0,0,0,0,0,0,0,0,0,0,0,0,0,0,0,0,0,0,0,0,0,0,0,0,0,0,0,0,0,61,0,0,0,0,0,0,0,0,0,0,0,0,_stock_graveyard,0,0,0,0,0,0,0,0,0,0,0,0,0,0,0,0,0,0,0,0,0,0,0,0,0,0
96,10018649925317144938,504495,0,0,0,0,0,492523,0,0,0,0,0,0,0,0,0,0,0,0,0,0,0,0,0,0,15219742,0,0,0,997852,0,0,0,60,0,0,0,0,0,0,1065,0,0,996983,0,0,stock,0,0,0,0,0,0,0,0,0,0,0,0,0,2805939,0,0,2805933,0,0,0,0,0,996990,0,0,0
96,10018649925317144938,0,0,0,0,0,0,0,0,0,0,0,0,0,0,0,0,0,0,0,0,0,0,0,0,0,0,0,0,0,0,0,0,0,59,0,0,0,0,0,0,0,0,0,0,0,0,_item_graveyard,0,0,0,0,0,0,0,0,0,0,0,0,0,0,0,0,0,0,0,0,0,0,0,0,0,0
96,10018649925317144938,0,0,0,0,0,0,0,0,0,0,0,0,0,0,0,0,0,0,0,0,0,0,289,0,2352,67515,0,0,0,67274,0,0,0,28,289,819,0,0,0,0,242,0,0,0,0,2639,_history_tree_14_updates,1965,0,0,0,0,0,0,4994,2639,0,0,0,7633,0,0,0,0,0,2353,0,0,0,0,0,0,0
96,10018649925317144938,0,0,0,0,0,0,0,0,0,0,0,0,0,0,0,0,0,0,0,0,0,0,973,0,7,9223,0,0,0,9211,0,0,0,27,2561,2,0,0,0,0,12,0,0,0,0,2568,_history_tree_13_removes,3027,0,0,0,0,0,0,2575,2568,0,0,0,5143,0,0,0,0,0,7,0,0,0,0,0,0,0
96,10018649925317144938,0,0,0,0,0,0,0,0,0,0,0,0,0,0,0,0,0,0,0,0,0,0,323,0,2384,68184,0,0,0,67971,0,0,0,26,323,848,0,0,0,0,214,0,0,0,0,2680,_history_tree_13_updates,1995,0,0,0,0,0,0,5091,2680,0,0,0,7771,0,0,0,0,0,2384,0,0,0,0,0,0,0
96,10018649925317144938,0,0,0,0,0,0,0,0,0,0,0,0,0,0,0,0,0,0,0,0,0,0,997,0,8,9144,0,0,0,9133,0,0,0,25,2558,4,0,0,0,0,11,0,0,0,0,2566,_history_tree_12_removes,3003,0,0,0,0,0,0,2574,2566,0,0,0,5140,0,0,0,0,0,8,0,0,0,0,0,0,0
96,10018649925317144938,0,0,0,0,0,0,0,0,0,0,0,0,0,0,0,0,0,0,0,0,0,0,358,0,2382,68034,0,0,0,67840,0,0,0,24,358,849,0,0,0,0,192,0,0,0,0,2674,_history_tree_12_updates,1999,0,0,0,0,0,0,5126,2674,0,0,0,7800,0,0,0,0,0,2385,0,0,0,0,0,0,0
96,10018649925317144938,0,0,0,0,0,0,0,0,0,0,0,0,0,0,0,0,0,0,0,0,0,0,951,0,7,9149,0,0,0,9138,0,0,0,23,2593,3,0,0,0,0,10,0,0,0,0,2600,_history_tree_11_removes,3011,0,0,0,0,0,0,2607,2600,0,0,0,5207,0,0,0,0,0,7,0,0,0,0,0,0,0
96,10018649925317144938,0,0,0,0,0,0,0,0,0,0,0,0,0,0,0,0,0,0,0,0,0,0,345,0,2391,68283,0,0,0,68104,0,0,0,22,345,834,0,0,0,0,179,0,0,0,0,2700,_history_tree_11_updates,2008,0,0,0,0,0,0,5127,2700,0,0,0,7827,0,0,0,0,0,2391,0,0,0,0,0,0,0
96,10018649925317144938,0,0,0,0,0,0,0,0,0,0,0,0,0,0,0,0,0,0,0,0,0,0,1023,0,8,9492,0,0,0,9469,0,0,0,21,2599,4,0,0,0,0,22,0,0,0,0,2607,_history_tree_10_removes,3036,0,0,0,0,0,0,2615,2607,0,0,0,5222,0,0,0,0,0,8,0,0,0,0,0,0,0
96,10018649925317144938,0,0,0,0,0,0,0,0,0,0,0,0,0,0,0,0,0,0,0,0,0,0,307,0,2407,69163,0,0,0,68964,0,0,0,20,307,824,0,0,0,0,198,0,0,0,0,2698,_history_tree_10_updates,2005,0,0,0,0,0,0,5120,2698,0,0,0,7820,0,0,0,0,0,2408,0,0,0,0,0,0,0
96,10018649925317144938,0,0,0,0,0,0,0,0,0,0,0,0,0,0,0,0,0,0,0,0,0,0,988,0,11,9433,0,0,0,9415,0,0,0,19,2614,8,0,0,0,0,18,0,0,0,0,2625,_history_tree_9_removes,3070,0,0,0,0,0,0,2636,2625,0,0,0,5261,0,0,0,0,0,11,0,0,0,0,0,0,0
96,10018649925317144938,0,0,0,0,0,0,0,0,0,0,0,0,0,0,0,0,0,0,0,0,0,0,365,0,2421,69391,0,0,0,69180,0,0,0,18,365,887,0,0,0,0,208,0,0,0,0,2675,_history_tree_9_updates,2019,0,0,0,0,0,0,5203,2675,0,0,0,7878,0,0,0,0,0,2418,0,0,0,0,0,0,0
96,10018649925317144938,0,0,0,0,0,0,0,0,0,0,0,0,0,0,0,0,0,0,0,0,0,0,1089,0,7,9911,0,0,0,9892,0,0,0,17,2572,3,0,0,0,0,19,0,0,0,0,2579,_history_tree_8_removes,3047,0,0,0,0,0,0,2586,2579,0,0,0,5165,0,0,0,0,0,7,0,0,0,0,0,0,0
96,10018649925317144938,0,0,0,0,0,0,0,0,0,0,0,0,0,0,0,0,0,0,0,0,0,0,316,0,2434,70467,0,0,0,70254,0,0,0,16,316,867,0,0,0,0,214,0,0,0,0,2719,_history_tree_8_updates,2016,0,0,0,0,0,0,5184,2721,0,0,0,7905,0,0,0,0,0,2434,0,0,0,0,0,0,0
96,10018649925317144938,0,0,0,0,0,0,0,0,0,0,0,0,0,0,0,0,0,0,0,0,0,0,992,0,9,9383,0,0,0,9364,0,0,0,15,2517,4,0,0,0,0,19,0,0,0,0,2526,_history_tree_7_removes,2982,0,0,0,0,0,0,2535,2526,0,0,0,5059,0,0,0,0,0,9,0,0,0,0,0,0,0
96,10018649925317144938,0,0,0,0,0,0,0,0,0,0,0,0,0,0,0,0,0,0,0,0,0,0,363,0,2382,68380,0,0,0,68189,0,0,0,14,363,881,0,0,0,0,191,0,0,0,0,2716,_history_tree_7_updates,1997,0,0,0,0,0,0,5126,2716,0,0,0,7842,0,0,0,0,0,2381,0,0,0,0,0,0,0
96,10018649925317144938,0,0,0,0,0,0,0,0,0,0,0,0,0,0,0,0,0,0,0,0,0,0,986,0,13,9351,0,0,0,9334,0,0,0,13,2545,9,0,0,0,0,17,0,0,0,0,2558,_history_tree_6_removes,2975,0,0,0,0,0,0,2571,2558,0,0,0,5129,0,0,0,0,0,13,0,0,0,0,0,0,0
96,10018649925317144938,0,0,0,0,0,0,0,0,0,0,0,0,0,22481375,23063166,0,0,0,0,0,0,0,320,0,2418,69472,0,0,0,69257,0,0,0,0,321,888,0,0,0,0,214,0,0,0,0,2659,_history_tree_0_updates,1962,0,1510818,0,0,0,0,5157,2659,0,0,0,7816,0,0,0,0,0,2418,0,0,0,0,718705,0,0
96,10018649925317144938,0,0,0,0,0,0,0,0,0,0,0,0,0,0,0,0,0,0,0,0,0,0,1014,0,9,9521,0,0,0,9505,0,0,0,1,2529,6,0,0,0,0,16,0,0,0,0,2538,_history_tree_0_removes,2979,0,0,0,0,0,0,2547,2538,0,0,0,5085,0,0,0,0,0,9,0,0,0,0,0,0,0
96,10018649925317144938,0,0,0,0,0,0,0,0,0,0,0,0,0,0,0,0,0,0,0,0,0,0,373,0,2372,68019,0,0,0,67811,0,0,0,2,373,925,0,0,0,0,207,0,0,0,0,2640,_history_tree_1_updates,1954,0,0,0,0,0,0,5115,2640,0,0,0,7757,0,0,0,0,0,2371,0,0,0,0,0,0,0
96,10018649925317144938,0,0,0,0,0,0,0,0,0,0,0,0,0,0,0,0,0,0,0,0,0,0,973,0,10,9236,0,0,0,9226,0,0,0,3,2474,6,0,0,0,0,10,0,0,0,0,2484,_history_tree_1_removes,2920,0,0,0,0,0,0,2494,2484,0,0,0,4978,0,0,0,0,0,10,0,0,0,0,0,0,0
96,10018649925317144938,0,0,0,0,0,0,0,0,0,0,0,0,0,0,0,0,0,0,0,0,0,0,334,0,2393,68140,0,0,0,67906,0,0,0,4,334,862,0,0,0,0,233,0,0,0,0,2640,_history_tree_2_updates,1985,0,0,0,0,0,0,5119,2640,0,0,0,7759,0,0,0,0,0,2392,0,0,0,0,0,0,0
96,10018649925317144938,0,0,0,0,0,0,0,0,0,0,0,0,0,0,0,0,0,0,0,0,0,0,956,0,8,9011,0,0,0,8993,0,0,0,5,2579,5,0,0,0,0,18,0,0,0,0,2587,_history_tree_2_removes,3022,0,0,0,0,0,0,2595,2587,0,0,0,5182,0,0,0,0,0,8,0,0,0,0,0,0,0
96,10018649925317144938,0,0,0,0,0,0,0,0,0,0,0,0,0,0,0,0,0,0,0,0,0,0,262,0,2402,68560,0,0,0,68348,0,0,0,6,262,852,0,0,0,0,214,0,0,0,0,2585,_history_tree_3_updates,1922,0,0,0,0,0,0,5065,2585,0,0,0,7650,0,0,0,0,0,2401,0,0,0,0,0,0,0
96,10018649925317144938,0,0,0,0,0,0,0,0,0,0,0,0,0,0,0,0,0,0,0,0,0,0,954,0,9,9198,0,0,0,9185,0,0,0,7,2581,6,0,0,0,0,13,0,0,0,0,2590,_history_tree_3_removes,3021,0,0,0,0,0,0,2599,2590,0,0,0,5189,0,0,0,0,0,9,0,0,0,0,0,0,0
96,10018649925317144938,0,0,0,0,0,0,0,0,0,0,0,0,0,0,0,0,0,0,0,0,0,0,360,0,2362,67720,0,0,0,67512,0,0,0,8,360,827,0,0,0,0,207,0,0,0,0,2691,_history_tree_4_updates,2022,0,0,0,0,0,0,5086,2691,0,0,0,7777,0,0,0,0,0,2364,0,0,0,0,0,0,0
96,10018649925317144938,0,0,0,0,0,0,0,0,0,0,0,0,0,0,0,0,0,0,0,0,0,0,1016,0,7,9235,0,0,0,9220,0,0,0,9,2571,2,0,0,0,0,15,0,0,0,0,2578,_history_tree_4_removes,3032,0,0,0,0,0,0,2585,2578,0,0,0,5163,0,0,0,0,0,7,0,0,0,0,0,0,0
96,10018649925317144938,0,0,0,0,0,0,0,0,0,0,0,0,0,0,0,0,0,0,0,0,0,0,353,0,2384,68019,0,0,0,67801,0,0,0,10,353,830,0,0,0,0,217,0,0,0,0,2721,_history_tree_5_updates,2017,0,0,0,0,0,0,5120,2721,0,0,0,7841,0,0,0,0,0,2383,0,0,0,0,0,0,0
96,10018649925317144938,0,0,0,0,0,0,0,0,0,0,0,0,0,0,0,0,0,0,0,0,0,0,955,0,7,9054,0,0,0,9043,0,0,0,11,2597,1,0,0,0,0,11,0,0,0,0,2605,_history_tree_5_removes,3052,0,0,0,0,0,0,2612,2605,0,0,0,5217,0,0,0,0,0,7,0,0,0,0,0,0,0
96,10018649925317144938,0,0,0,0,0,0,0,0,0,0,0,0,0,0,0,0,0,0,0,0,0,0,371,0,2425,69278,0,0,0,69069,0,0,0,12,371,919,0,0,0,0,210,0,0,0,0,2616,_history_tree_6_updates,1999,0,0,0,0,0,0,5221,2616,0,0,0,7837,0,0,0,0,0,2425,0,0,0,0,0,0,0
96,10018649925317144938,0,0,0,0,0,0,0,0,0,0,0,0,0,0,0,0,0,0,0,0,0,0,985,0,8,9247,0,0,0,9222,0,0,0,29,2567,3,0,0,0,0,20,0,0,0,0,2575,_history_tree_14_removes,3030,0,0,0,0,0,0,2583,2575,0,0,0,5158,0,0,0,0,0,8,0,0,0,0,0,0,0
96,10018649925317144938,0,0,0,0,0,0,0,0,0,0,0,0,0,0,0,0,0,0,0,0,0,0,319,0,2387,68488,0,0,0,68231,0,0,0,30,319,881,0,0,0,0,258,0,0,0,0,2665,_history_tree_15_updates,1959,0,0,0,0,0,0,5092,2665,0,0,0,7757,0,0,0,0,0,2386,0,0,0,0,0,0,0
96,10018649925317144938,0,0,0,0,0,0,0,0,0,0,0,0,0,0,0,0,0,0,0,0,0,0,981,0,9,9302,0,0,0,9285,0,0,0,31,2522,4,0,0,0,0,17,0,0,0,0,2531,_history_tree_15_removes,2972,0,0,0,0,0,0,2540,2531,0,0,0,5071,0,0,0,0,0,9,0,0,0,0,0,0,0
96,10018649925317144938,0,0,0,0,0,0,0,0,0,0,0,0,0,0,0,0,0,0,0,0,0,0,333,0,2376,67941,0,0,0,67745,0,0,0,32,333,856,0,0,0,0,196,0,0,0,0,2689,_history_tree_16_updates,1988,0,0,0,0,0,0,5085,2689,0,0,0,7774,0,0,0,0,0,2376,0,0,0,0,0,0,0
96,10018649925317144938,0,0,0,0,0,0,0,0,0,0,0,0,0,0,0,0,0,0,0,0,0,0,955,0,8,9090,0,0,0,9074,0,0,0,33,2529,3,0,0,0,0,16,0,0,0,0,2537,_history_tree_16_removes,2958,0,0,0,0,0,0,2545,2537,0,0,0,5082,0,0,0,0,0,8,0,0,0,0,0,0,0
96,10018649925317144938,0,0,0,0,0,0,0,0,0,0,0,0,0,0,0,0,0,0,0,0,0,0,340,0,2371,144544,0,0,0,72073,0,0,0,34,10277,2714,0,0,0,0,200,0,0,0,0,6175,_history_tree_17_updates,3894,0,0,0,0,0,0,15023,12350,0,0,0,21198,0,0,0,0,0,2374,0,0,0,0,0,0,0
96,10018649925317144938,0,0,0,0,0,0,0,0,0,0,0,0,0,0,0,0,0,0,0,0,0,0,858,0,20,9188,0,0,0,9176,0,0,0,35,2391,14,0,0,0,0,12,0,0,0,0,2411,_history_tree_17_removes,2841,0,0,0,0,0,0,2431,2411,0,0,0,4842,0,0,0,0,0,20,0,0,0,0,0,0,0
96,10018649925317144938,0,0,0,0,0,0,0,0,0,0,0,0,0,0,0,0,0,0,0,0,0,0,345,0,2355,67399,0,0,0,67193,0,0,0,36,345,819,0,0,0,0,205,0,0,0,0,2701,_history_tree_18_updates,2013,0,0,0,0,0,0,5057,2701,0,0,0,7758,0,0,0,0,0,2356,0,0,0,0,0,0,0
96,10018649925317144938,0,0,0,0,0,0,0,0,0,0,0,0,0,0,0,0,0,0,0,0,0,0,994,0,8,9185,0,0,0,9176,0,0,0,37,2585,4,0,0,0,0,9,0,0,0,0,2593,_history_tree_18_removes,3042,0,0,0,0,0,0,2601,2593,0,0,0,5194,0,0,0,0,0,8,0,0,0,0,0,0,0
96,10018649925317144938,0,0,0,0,0,0,0,0,0,0,0,0,0,0,0,0,0,0,0,0,0,0,322,0,2351,68051,0,0,0,67853,0,0,0,38,322,827,0,0,0,0,200,0,0,0,0,2668,_history_tree_19_updates,1972,0,0,0,0,0,0,5024,2668,0,0,0,7692,0,0,0,0,0,2350,0,0,0,0,0,0,0
96,10018649925317144938,0,0,0,0,0,0,0,0,0,0,0,0,0,0,0,0,0,0,0,0,0,0,1088,0,3,9549,0,0,0,9525,0,0,0,39,2529,0,0,0,0,0,23,0,0,0,0,2532,_history_tree_19_removes,2996,0,0,0,0,0,0,2535,2532,0,0,0,5067,0,0,0,0,0,3,0,0,0,0,0,0,0
96,10018649925317144938,48897,0,0,0,0,0,45958,0,0,0,0,0,0,0,0,0,0,0,0,0,0,0,0,0,0,296006,0,0,0,96850,0,0,0,40,0,0,0,0,0,0,2100,0,0,94851,0,0,warehouse,0,0,0,0,0,0,0,0,0,0,0,0,0,196766,0,0,196765,0,0,0,0,0,94850,0,0,0
96,10018649925317144938,0,0,0,0,0,0,0,0,0,0,0,0,0,0,0,0,0,0,0,0,0,0,0,0,0,0,0,0,0,0,0,0,0,41,0,0,0,0,0,0,0,0,0,0,0,0,_warehouse_graveyard,0,0,0,0,0,0,0,0,0,0,0,0,0,0,0,0,0,0,0,0,0,0,0,0,0,0
96,10018649925317144938,98382,0,0,0,0,0,95280,0,0,0,0,0,0,0,0,0,0,0,0,0,0,0,0,0,0,300884,0,0,0,195877,0,0,0,42,0,0,0,0,0,0,1014,0,0,193663,0,0,district,0,0,0,0,0,0,0,0,0,0,0,0,0,103942,0,0,103941,0,0,0,0,0,193668,0,0,0
96,10018649925317144938,0,0,0,0,0,0,0,0,0,0,0,0,0,0,0,0,0,0,0,0,0,0,0,0,0,0,0,0,0,0,0,0,0,43,0,0,0,0,0,0,0,0,0,0,0,0,_district_graveyard,0,0,0,0,0,0,0,0,0,0,0,0,0,0,0,0,0,0,0,0,0,0,0,0,0,0
96,10018649925317144938,63568,0,0,0,0,0,60854,0,0,0,0,0,0,0,0,0,0,0,0,0,0,0,0,0,0,799221,0,0,0,124450,0,0,0,44,0,0,0,0,0,0,6,0,0,124430,0,0,customer,0,0,0,0,0,0,0,0,0,0,0,0,0,141948,0,0,141947,0,0,0,0,0,124432,0,0,0
96,10018649925317144938,0,0,0,0,0,0,0,0,0,0,0,0,0,0,0,0,0,0,0,0,0,0,0,0,0,0,0,0,0,0,0,0,0,45,0,0,0,0,0,0,0,0,0,0,0,0,_customer_graveyard,0,0,0,0,0,0,0,0,0,0,0,0,0,0,0,0,0,0,0,0,0,0,0,0,0,0
96,10018649925317144938,0,0,0,0,0,0,0,0,0,0,0,0,0,0,0,0,0,0,0,0,0,0,0,0,0,185332,0,0,0,0,0,0,0,46,0,0,0,0,0,0,61776,0,0,0,0,0,customerwdl,0,0,0,0,0,0,0,0,0,0,0,61769,0,61769,0,0,61769,0,0,0,0,0,0,0,0,0
96,10018649925317144938,0,0,0,0,0,0,0,0,0,0,0,0,0,0,0,0,0,0,0,0,0,0,0,0,0,0,0,0,0,0,0,0,0,47,0,0,0,0,0,0,0,0,0,0,0,0,_customerwdl_graveyard,0,0,0,0,0,0,0,0,0,0,0,0,0,0,0,0,0,0,0,0,0,0,0,0,0,0
96,10018649925317144938,0,0,0,0,0,0,0,0,0,0,0,0,0,0,0,0,0,0,0,0,0,0,0,0,2231,119211,0,0,0,39738,0,0,0,48,0,0,0,0,0,0,0,0,0,0,0,0,history,0,0,0,0,0,0,0,2257,0,0,0,0,2257,0,0,0,0,0,0,0,0,0,0,0,0,0
96,10018649925317144938,0,0,0,0,0,0,0,0,0,0,0,0,0,0,0,0,0,0,0,0,0,0,0,0,0,0,0,0,0,0,0,0,0,49,0,0,0,0,0,0,0,0,0,0,0,0,_history_graveyard,0,0,0,0,0,0,0,0,0,0,0,0,0,0,0,0,0,0,0,0,0,0,0,0,0,0
96,10018649925317144938,43550,86900,0,86899,0,0,43415,0,0,0,0,0,0,0,0,0,0,0,0,0,0,0,51046,0,2088,1184540,0,0,0,276169,0,14307,0,50,25,0,0,0,0,0,118659,0,0,0,0,0,neworder,96715,14307,0,0,0,0,0,3958,25,1,0,87263,3958,101568,0,0,101570,0,1840,0,0,0,0,0,0,0
96,10018649925317144938,0,0,0,0,0,0,0,0,0,0,0,0,0,0,0,0,0,0,0,0,0,0,0,0,0,0,0,0,0,0,0,0,0,51,0,0,0,0,0,0,0,0,0,0,0,0,_neworder_graveyard,0,0,0,0,0,0,0,0,0,0,0,0,0,0,0,0,0,0,0,0,0,0,0,0,0,0
96,10018649925317144938,44053,0,0,0,0,0,42897,0,0,0,0,0,0,0,0,0,0,0,0,0,0,0,0,0,4334,845172,0,0,0,191198,0,0,0,52,0,0,0,0,0,0,0,0,0,86949,0,0,order,0,0,0,0,0,0,0,4341,0,0,0,0,4341,90522,0,0,90521,0,0,0,0,0,86950,0,0,0
96,10018649925317144938,0,0,0,0,0,0,0,0,0,0,0,0,0,0,0,0,0,0,0,0,0,0,0,0,0,0,0,0,0,0,0,0,0,53,0,0,0,0,0,0,0,0,0,0,0,0,_order_graveyard,0,0,0,0,0,0,0,0,0,0,0,0,0,0,0,0,0,0,0,0,0,0,0,0,0,0
96,10018649925317144938,0,0,0,0,0,0,0,0,0,0,0,0,0,0,0,0,3571,0,0,0,0,0,0,0,1446,314694,0,0,0,101327,0,0,0,54,0,0,0,0,0,0,3571,0,0,0,0,0,order_wdc,0,0,0,0,0,0,0,1483,0,0,0,0,1483,3571,0,0,3571,0,0,0,0,0,0,0,0,0
96,10018649925317144938,0,0,0,0,0,0,0,0,0,0,0,0,0,0,0,0,0,0,0,0,0,0,0,0,0,0,0,0,0,0,0,0,0,55,0,0,0,0,0,0,0,0,0,0,0,0,_order_wdc_graveyard,0,0,0,0,0,0,0,0,0,0,0,0,0,0,0,0,0,0,0,0,0,0,0,0,0,0
96,10018649925317144938,439448,0,0,0,0,0,429452,0,0,0,0,0,0,0,0,0,0,0,0,0,0,0,101899,0,59359,7746838,0,0,0,1923991,0,836,0,56,0,0,0,0,0,0,12720,0,0,868861,0,0,orderline,1851931,836,0,0,0,0,0,60145,0,0,0,12653,60145,1864658,0,0,1864692,0,0,0,0,0,868851,0,0,0
96,10018649925317144938,0,0,0,0,0,0,0,0,0,0,0,0,0,0,0,0,0,0,0,0,0,0,0,0,0,0,0,0,0,0,0,0,0,57,0,0,0,0,0,0,0,0,0,0,0,0,_orderline_graveyard,0,0,0,0,0,0,0,0,0,0,0,0,0,0,0,0,0,0,0,0,0,0,0,0,0,0
96,10018649925317144938,0,0,0,0,0,0,0,0,0,0,0,0,0,0,0,0,0,0,0,0,0,0,0,0,0,1990954,0,0,0,0,0,0,0,58,0,0,0,0,0,0,0,0,0,0,0,0,item,0,0,0,0,0,0,0,0,0,0,0,0,0,995470,0,0,995474,0,0,0,0,0,0,0,0,0
97,10018649925317144938,0,0,0,0,0,0,0,0,0,0,0,0,0,0,0,0,0,0,0,0,0,0,0,0,0,0,0,0,0,0,0,0,0,61,0,0,0,0,0,0,0,0,0,0,0,0,_stock_graveyard,0,0,0,0,0,0,0,0,0,0,0,0,0,0,0,0,0,0,0,0,0,0,0,0,0,0
97,10018649925317144938,494479,0,0,0,0,0,482873,0,0,0,0,0,0,0,0,0,0,0,0,0,0,0,0,0,0,14849078,0,0,0,978388,0,0,0,60,0,0,0,0,0,0,969,0,0,977405,0,0,stock,0,0,0,0,0,0,0,0,0,0,0,0,0,2732959,0,0,2732956,0,0,0,0,0,977404,0,0,0
97,10018649925317144938,0,0,0,0,0,0,0,0,0,0,0,0,0,0,0,0,0,0,0,0,0,0,0,0,0,0,0,0,0,0,0,0,0,59,0,0,0,0,0,0,0,0,0,0,0,0,_item_graveyard,0,0,0,0,0,0,0,0,0,0,0,0,0,0,0,0,0,0,0,0,0,0,0,0,0,0
97,10018649925317144938,0,0,0,0,0,0,0,0,0,0,0,0,0,0,0,0,0,0,0,0,0,0,350,0,2363,67637,0,0,0,67394,0,0,0,28,350,835,0,0,0,0,245,0,0,0,0,2679,_history_tree_14_updates,1988,0,0,0,0,0,0,5076,2679,0,0,0,7755,0,0,0,0,0,2362,0,0,0,0,0,0,0
97,10018649925317144938,0,0,0,0,0,0,0,0,0,0,0,0,0,0,0,0,0,0,0,0,0,0,1009,0,4,9132,0,0,0,9118,0,0,0,27,2628,1,0,0,0,0,14,0,0,0,0,2632,_history_tree_13_removes,3069,0,0,0,0,0,0,2637,2633,0,0,0,5270,0,0,0,0,0,4,0,0,0,0,0,0,0
97,10018649925317144938,0,0,0,0,0,0,0,0,0,0,0,0,0,0,0,0,0,0,0,0,0,0,341,0,2325,66706,0,0,0,66519,0,0,0,26,341,771,0,0,0,0,185,0,0,0,0,2665,_history_tree_13_updates,2007,0,0,0,0,0,0,4990,2665,0,0,0,7655,0,0,0,0,0,2324,0,0,0,0,0,0,0
97,10018649925317144938,0,0,0,0,0,0,0,0,0,0,0,0,0,0,0,0,0,0,0,0,0,0,1049,0,3,9096,0,0,0,9083,0,0,0,25,2625,0,0,0,0,0,13,0,0,0,0,2628,_history_tree_12_removes,3070,0,0,0,0,0,0,2631,2628,0,0,0,5259,0,0,0,0,0,3,0,0,0,0,0,0,0
97,10018649925317144938,0,0,0,0,0,0,0,0,0,0,0,0,0,0,0,0,0,0,0,0,0,0,298,0,2325,66710,0,0,0,66504,0,0,0,24,298,741,0,0,0,0,206,0,0,0,0,2621,_history_tree_12_updates,2011,0,0,0,0,0,0,4945,2621,0,0,0,7566,0,0,0,0,0,2323,0,0,0,0,0,0,0
97,10018649925317144938,0,0,0,0,0,0,0,0,0,0,0,0,0,0,0,0,0,0,0,0,0,0,993,0,4,8999,0,0,0,8980,0,0,0,23,2612,2,0,0,0,0,19,0,0,0,0,2616,_history_tree_11_removes,3055,0,0,0,0,0,0,2620,2616,0,0,0,5236,0,0,0,0,0,4,0,0,0,0,0,0,0
97,10018649925317144938,0,0,0,0,0,0,0,0,0,0,0,0,0,0,0,0,0,0,0,0,0,0,333,0,2323,66518,0,0,0,66328,0,0,0,22,333,777,0,0,0,0,191,0,0,0,0,2634,_history_tree_11_updates,1999,0,0,0,0,0,0,4980,2634,0,0,0,7614,0,0,0,0,0,2324,0,0,0,0,0,0,0
97,10018649925317144938,0,0,0,0,0,0,0,0,0,0,0,0,0,0,0,0,0,0,0,0,0,0,1031,0,5,9122,0,0,0,9109,0,0,0,21,2597,1,0,0,0,0,13,0,0,0,0,2602,_history_tree_10_removes,3041,0,0,0,0,0,0,2607,2602,0,0,0,5209,0,0,0,0,0,5,0,0,0,0,0,0,0
97,10018649925317144938,0,0,0,0,0,0,0,0,0,0,0,0,0,0,0,0,0,0,0,0,0,0,326,0,2320,66629,0,0,0,66425,0,0,0,20,326,735,0,0,0,0,203,0,0,0,0,2647,_history_tree_10_updates,2025,0,0,0,0,0,0,4967,2647,0,0,0,7612,0,0,0,0,0,2320,0,0,0,0,0,0,0
97,10018649925317144938,0,0,0,0,0,0,0,0,0,0,0,0,0,0,0,0,0,0,0,0,0,0,1076,0,5,9408,0,0,0,9390,0,0,0,19,2590,3,0,0,0,0,18,0,0,0,0,2595,_history_tree_9_removes,3049,0,0,0,0,0,0,2600,2595,0,0,0,5195,0,0,0,0,0,5,0,0,0,0,0,0,0
97,10018649925317144938,0,0,0,0,0,0,0,0,0,0,0,0,0,0,0,0,0,0,0,0,0,0,347,0,2343,67458,0,0,0,67266,0,0,0,18,347,813,0,0,0,0,192,0,0,0,0,2688,_history_tree_9_updates,1984,0,0,0,0,0,0,5036,2688,0,0,0,7724,0,0,0,0,0,2346,0,0,0,0,0,0,0
97,10018649925317144938,0,0,0,0,0,0,0,0,0,0,0,0,0,0,0,0,0,0,0,0,0,0,1003,0,3,9035,0,0,0,9025,0,0,0,17,2646,0,0,0,0,0,10,0,0,0,0,2649,_history_tree_8_removes,3114,0,0,0,0,0,0,2652,2649,0,0,0,5301,0,0,0,0,0,3,0,0,0,0,0,0,0
97,10018649925317144938,0,0,0,0,0,0,0,0,0,0,0,0,0,0,0,0,0,0,0,0,0,0,333,0,2319,66381,0,0,0,66162,0,0,0,16,333,754,0,0,0,0,215,0,0,0,0,2653,_history_tree_8_updates,2040,0,0,0,0,0,0,4970,2651,0,0,0,7621,0,0,0,0,0,2318,0,0,0,0,0,0,0
97,10018649925317144938,0,0,0,0,0,0,0,0,0,0,0,0,0,0,0,0,0,0,0,0,0,0,941,0,9,9137,0,0,0,9126,0,0,0,15,2537,4,0,0,0,0,11,0,0,0,0,2547,_history_tree_7_removes,2962,0,0,0,0,0,0,2556,2547,0,0,0,5103,0,0,0,0,0,9,0,0,0,0,0,0,0
97,10018649925317144938,0,0,0,0,0,0,0,0,0,0,0,0,0,0,0,0,0,0,0,0,0,0,352,0,2352,67409,0,0,0,67237,0,0,0,14,352,842,0,0,0,0,173,0,0,0,0,2647,_history_tree_7_updates,1988,0,0,0,0,0,0,5057,2647,0,0,0,7704,0,0,0,0,0,2353,0,0,0,0,0,0,0
97,10018649925317144938,0,0,0,0,0,0,0,0,0,0,0,0,0,0,0,0,0,0,0,0,0,0,957,0,6,9059,0,0,0,9046,0,0,0,13,2621,4,0,0,0,0,13,0,0,0,0,2627,_history_tree_6_removes,3060,0,0,0,0,0,0,2633,2627,0,0,0,5260,0,0,0,0,0,6,0,0,0,0,0,0,0
97,10018649925317144938,0,0,0,0,0,0,0,0,0,0,0,0,0,21977306,22510137,0,0,0,0,0,0,0,320,0,2323,66546,0,0,0,66365,0,0,0,0,320,822,0,0,0,0,179,0,0,0,0,2617,_history_tree_0_updates,1948,0,1480936,0,0,0,0,4964,2617,0,0,0,7581,0,0,0,0,0,2322,0,0,0,0,707631,0,0
97,10018649925317144938,0,0,0,0,0,0,0,0,0,0,0,0,0,0,0,0,0,0,0,0,0,0,958,0,6,9044,0,0,0,9025,0,0,0,1,2487,2,0,0,0,0,19,0,0,0,0,2494,_history_tree_0_removes,2947,0,0,0,0,0,0,2500,2494,0,0,0,4994,0,0,0,0,0,6,0,0,0,0,0,0,0
97,10018649925317144938,0,0,0,0,0,0,0,0,0,0,0,0,0,0,0,0,0,0,0,0,0,0,352,0,2361,67873,0,0,0,67643,0,0,0,2,352,843,0,0,0,0,228,0,0,0,0,2697,_history_tree_1_updates,2000,0,0,0,0,0,0,5076,2697,0,0,0,7771,0,0,0,0,0,2362,0,0,0,0,0,0,0
97,10018649925317144938,0,0,0,0,0,0,0,0,0,0,0,0,0,0,0,0,0,0,0,0,0,0,983,0,9,9289,0,0,0,9276,0,0,0,3,2525,2,0,0,0,0,13,0,0,0,0,2534,_history_tree_1_removes,2986,0,0,0,0,0,0,2543,2534,0,0,0,5077,0,0,0,0,0,9,0,0,0,0,0,0,0
97,10018649925317144938,0,0,0,0,0,0,0,0,0,0,0,0,0,0,0,0,0,0,0,0,0,0,279,0,2349,67821,0,0,0,67634,0,0,0,4,279,778,0,0,0,0,185,0,0,0,0,2628,_history_tree_2_updates,1983,0,0,0,0,0,0,4977,2628,0,0,0,7605,0,0,0,0,0,2349,0,0,0,0,0,0,0
97,10018649925317144938,0,0,0,0,0,0,0,0,0,0,0,0,0,0,0,0,0,0,0,0,0,0,1086,0,5,9667,0,0,0,9643,0,0,0,5,2594,1,0,0,0,0,24,0,0,0,0,2599,_history_tree_2_removes,3079,0,0,0,0,0,0,2604,2599,0,0,0,5203,0,0,0,0,0,5,0,0,0,0,0,0,0
97,10018649925317144938,0,0,0,0,0,0,0,0,0,0,0,0,0,0,0,0,0,0,0,0,0,0,318,0,2346,67691,0,0,0,67473,0,0,0,6,318,768,0,0,0,0,215,0,0,0,0,2649,_history_tree_3_updates,2007,0,0,0,0,0,0,5011,2649,0,0,0,7660,0,0,0,0,0,2347,0,0,0,0,0,0,0
97,10018649925317144938,0,0,0,0,0,0,0,0,0,0,0,0,0,0,0,0,0,0,0,0,0,0,1050,0,6,9474,0,0,0,9459,0,0,0,7,2661,3,0,0,0,0,15,0,0,0,0,2667,_history_tree_3_removes,3096,0,0,0,0,0,0,2673,2667,0,0,0,5340,0,0,0,0,0,6,0,0,0,0,0,0,0
97,10018649925317144938,0,0,0,0,0,0,0,0,0,0,0,0,0,0,0,0,0,0,0,0,0,0,331,0,2372,68009,0,0,0,67803,0,0,0,8,331,824,0,0,0,0,206,0,0,0,0,2675,_history_tree_4_updates,1983,0,0,0,0,0,0,5072,2675,0,0,0,7747,0,0,0,0,0,2369,0,0,0,0,0,0,0
97,10018649925317144938,0,0,0,0,0,0,0,0,0,0,0,0,0,0,0,0,0,0,0,0,0,0,1036,0,5,9330,0,0,0,9320,0,0,0,9,2593,0,0,0,0,0,11,0,0,0,0,2598,_history_tree_4_removes,3044,0,0,0,0,0,0,2603,2598,0,0,0,5201,0,0,0,0,0,5,0,0,0,0,0,0,0
97,10018649925317144938,0,0,0,0,0,0,0,0,0,0,0,0,0,0,0,0,0,0,0,0,0,0,322,0,2327,66898,0,0,0,66714,0,0,0,10,322,767,0,0,0,0,181,0,0,0,0,2649,_history_tree_5_updates,2035,0,0,0,0,0,0,4976,2649,0,0,0,7625,0,0,0,0,0,2327,0,0,0,0,0,0,0
97,10018649925317144938,0,0,0,0,0,0,0,0,0,0,0,0,0,0,0,0,0,0,0,0,0,0,1011,0,3,9195,0,0,0,9180,0,0,0,11,2599,0,0,0,0,0,15,0,0,0,0,2601,_history_tree_5_removes,3086,0,0,0,0,0,0,2605,2602,0,0,0,5207,0,0,0,0,0,3,0,0,0,0,0,0,0
97,10018649925317144938,0,0,0,0,0,0,0,0,0,0,0,0,0,0,0,0,0,0,0,0,0,0,332,0,2304,66154,0,0,0,65946,0,0,0,12,332,767,0,0,0,0,206,0,0,0,0,2587,_history_tree_6_updates,1994,0,0,0,0,0,0,4940,2587,0,0,0,7527,0,0,0,0,0,2305,0,0,0,0,0,0,0
97,10018649925317144938,0,0,0,0,0,0,0,0,0,0,0,0,0,0,0,0,0,0,0,0,0,0,982,0,6,9136,0,0,0,9123,0,0,0,29,2559,2,0,0,0,0,13,0,0,0,0,2565,_history_tree_14_removes,2995,0,0,0,0,0,0,2571,2565,0,0,0,5136,0,0,0,0,0,6,0,0,0,0,0,0,0
97,10018649925317144938,0,0,0,0,0,0,0,0,0,0,0,0,0,0,0,0,0,0,0,0,0,0,362,0,2336,66808,0,0,0,66599,0,0,0,30,362,826,0,0,0,0,208,0,0,0,0,2698,_history_tree_15_updates,1995,0,0,0,0,0,0,5034,2698,0,0,0,7734,0,0,0,0,0,2337,0,0,0,0,0,0,0
97,10018649925317144938,0,0,0,0,0,0,0,0,0,0,0,0,0,0,0,0,0,0,0,0,0,0,976,0,7,9016,0,0,0,9002,0,0,0,31,2538,1,0,0,0,0,14,0,0,0,0,2545,_history_tree_15_removes,2987,0,0,0,0,0,0,2552,2545,0,0,0,5097,0,0,0,0,0,7,0,0,0,0,0,0,0
97,10018649925317144938,0,0,0,0,0,0,0,0,0,0,0,0,0,0,0,0,0,0,0,0,0,0,345,0,2342,66943,0,0,0,66736,0,0,0,32,345,777,0,0,0,0,206,0,0,0,0,2682,_history_tree_16_updates,2040,0,0,0,0,0,0,5030,2682,0,0,0,7712,0,0,0,0,0,2343,0,0,0,0,0,0,0
97,10018649925317144938,0,0,0,0,0,0,0,0,0,0,0,0,0,0,0,0,0,0,0,0,0,0,979,0,6,9014,0,0,0,8998,0,0,0,33,2649,2,0,0,0,0,16,0,0,0,0,2655,_history_tree_16_removes,3105,0,0,0,0,0,0,2661,2655,0,0,0,5316,0,0,0,0,0,6,0,0,0,0,0,0,0
97,10018649925317144938,0,0,0,0,0,0,0,0,0,0,0,0,0,0,0,0,0,0,0,0,0,0,353,0,2351,142656,0,0,0,71136,0,0,0,34,10449,2705,0,0,0,0,189,0,0,0,0,6264,_history_tree_17_updates,3951,0,0,0,0,0,0,15151,12528,0,0,0,21415,0,0,0,0,0,2352,0,0,0,0,0,0,0
97,10018649925317144938,0,0,0,0,0,0,0,0,0,0,0,0,0,0,0,0,0,0,0,0,0,0,800,0,19,8793,0,0,0,8778,0,0,0,35,2443,11,0,0,0,0,15,0,0,0,0,2462,_history_tree_17_removes,2854,0,0,0,0,0,0,2482,2463,0,0,0,4945,0,0,0,0,0,19,0,0,0,0,0,0,0
97,10018649925317144938,0,0,0,0,0,0,0,0,0,0,0,0,0,0,0,0,0,0,0,0,0,0,332,0,2375,68235,0,0,0,68066,0,0,0,36,332,825,0,0,0,0,171,0,0,0,0,2689,_history_tree_18_updates,2008,0,0,0,0,0,0,5077,2689,0,0,0,7766,0,0,0,0,0,2371,0,0,0,0,0,0,0
97,10018649925317144938,0,0,0,0,0,0,0,0,0,0,0,0,0,0,0,0,0,0,0,0,0,0,1023,0,6,9386,0,0,0,9374,0,0,0,37,2591,3,0,0,0,0,12,0,0,0,0,2597,_history_tree_18_removes,3041,0,0,0,0,0,0,2603,2597,0,0,0,5200,0,0,0,0,0,6,0,0,0,0,0,0,0
97,10018649925317144938,0,0,0,0,0,0,0,0,0,0,0,0,0,0,0,0,0,0,0,0,0,0,351,0,2379,67827,0,0,0,67623,0,0,0,38,351,833,0,0,0,0,201,0,0,0,0,2647,_history_tree_19_updates,2018,0,0,0,0,0,0,5109,2647,0,0,0,7756,0,0,0,0,0,2380,0,0,0,0,0,0,0
97,10018649925317144938,0,0,0,0,0,0,0,0,0,0,0,0,0,0,0,0,0,0,0,0,0,0,951,0,9,9013,0,0,0,9005,0,0,0,39,2556,5,0,0,0,0,8,0,0,0,0,2565,_history_tree_19_removes,3017,0,0,0,0,0,0,2575,2566,0,0,0,5141,0,0,0,0,0,9,0,0,0,0,0,0,0
97,10018649925317144938,48744,0,0,0,0,0,44415,0,0,0,0,0,0,0,0,0,0,0,0,0,0,0,0,0,0,290579,0,0,0,95136,0,0,0,40,0,0,0,0,0,0,2060,0,0,93157,0,0,warehouse,0,0,0,0,0,0,0,0,0,0,0,0,0,193101,0,0,193101,0,0,0,0,0,93153,0,0,0
97,10018649925317144938,0,0,0,0,0,0,0,0,0,0,0,0,0,0,0,0,0,0,0,0,0,0,0,0,0,0,0,0,0,0,0,0,0,41,0,0,0,0,0,0,0,0,0,0,0,0,_warehouse_graveyard,0,0,0,0,0,0,0,0,0,0,0,0,0,0,0,0,0,0,0,0,0,0,0,0,0,0
97,10018649925317144938,95591,0,0,0,0,0,94457,0,0,0,0,0,0,0,0,0,0,0,0,0,0,0,0,0,1,295099,0,0,0,192169,0,0,0,42,0,0,0,0,0,0,960,0,0,190048,0,0,district,0,0,0,0,0,0,0,1,0,0,0,0,1,101902,0,0,101903,1,0,0,0,0,190043,0,0,0
97,10018649925317144938,0,0,0,0,0,0,0,0,0,0,0,0,0,0,0,0,0,0,0,0,0,0,0,0,0,0,0,0,0,0,0,0,0,43,0,0,0,0,0,0,0,0,0,0,0,0,_district_graveyard,0,0,0,0,0,0,0,0,0,0,0,0,0,0,0,0,0,0,0,0,0,0,0,0,0,0
97,10018649925317144938,62831,0,0,0,0,0,59275,0,0,0,0,0,0,0,0,0,0,0,0,0,0,0,0,0,0,784356,0,0,0,122125,0,0,0,44,0,0,0,0,0,0,4,0,0,122103,0,0,customer,0,0,0,0,0,0,0,0,0,0,0,0,0,139322,0,0,139322,0,0,0,0,0,122101,0,0,0
97,10018649925317144938,0,0,0,0,0,0,0,0,0,0,0,0,0,0,0,0,0,0,0,0,0,0,0,0,0,0,0,0,0,0,0,0,0,45,0,0,0,0,0,0,0,0,0,0,0,0,_customer_graveyard,0,0,0,0,0,0,0,0,0,0,0,0,0,0,0,0,0,0,0,0,0,0,0,0,0,0
97,10018649925317144938,0,0,0,0,0,0,0,0,0,0,0,0,0,0,0,0,0,0,0,0,0,0,0,0,0,181587,0,0,0,0,0,0,0,46,0,0,0,0,0,0,60530,0,0,0,0,0,customerwdl,0,0,0,0,0,0,0,0,0,0,0,60530,0,60531,0,0,60530,0,0,0,0,0,0,0,0,0
97,10018649925317144938,0,0,0,0,0,0,0,0,0,0,0,0,0,0,0,0,0,0,0,0,0,0,0,0,0,0,0,0,0,0,0,0,0,47,0,0,0,0,0,0,0,0,0,0,0,0,_customerwdl_graveyard,0,0,0,0,0,0,0,0,0,0,0,0,0,0,0,0,0,0,0,0,0,0,0,0,0,0
97,10018649925317144938,0,0,0,0,0,0,0,0,0,0,0,0,0,0,0,0,0,0,0,0,0,0,0,0,2201,117585,0,0,0,39194,0,0,0,48,0,0,0,0,0,0,0,0,0,0,0,0,history,0,0,0,0,0,0,0,2229,0,0,0,0,2229,0,0,0,0,0,0,0,0,0,0,0,0,0
97,10018649925317144938,0,0,0,0,0,0,0,0,0,0,0,0,0,0,0,0,0,0,0,0,0,0,0,0,0,0,0,0,0,0,0,0,0,49,0,0,0,0,0,0,0,0,0,0,0,0,_history_graveyard,0,0,0,0,0,0,0,0,0,0,0,0,0,0,0,0,0,0,0,0,0,0,0,0,0,0
97,10018649925317144938,42587,85060,0,85061,0,0,42506,0,0,0,0,0,0,0,0,0,0,0,0,0,0,0,49787,0,2071,1159949,0,0,0,270473,0,9355,0,50,42,0,0,0,0,0,116180,0,0,0,0,0,neworder,89934,9355,0,0,0,0,0,3927,23,0,0,85393,3927,94749,0,0,94748,0,1810,0,0,0,0,0,0,0
97,10018649925317144938,0,0,0,0,0,0,0,0,0,0,0,0,0,0,0,0,0,0,0,0,0,0,0,0,0,0,0,0,0,0,0,0,0,51,0,0,0,0,0,0,0,0,0,0,0,0,_neworder_graveyard,0,0,0,0,0,0,0,0,0,0,0,0,0,0,0,0,0,0,0,0,0,0,0,0,0,0
97,10018649925317144938,42933,0,0,0,0,0,42156,0,0,0,0,0,0,0,0,0,0,0,0,0,0,0,0,0,4275,827571,0,0,0,187311,0,0,0,52,0,0,0,0,0,0,0,0,0,85084,0,0,order,0,0,0,0,0,0,0,4282,0,0,0,0,4282,88543,0,0,88544,0,0,0,0,0,85081,0,0,0
97,10018649925317144938,0,0,0,0,0,0,0,0,0,0,0,0,0,0,0,0,0,0,0,0,0,0,0,0,0,0,0,0,0,0,0,0,0,53,0,0,0,0,0,0,0,0,0,0,0,0,_order_graveyard,0,0,0,0,0,0,0,0,0,0,0,0,0,0,0,0,0,0,0,0,0,0,0,0,0,0
97,10018649925317144938,0,0,0,0,0,0,0,0,0,0,0,0,0,0,0,0,3462,0,0,0,0,0,0,0,1365,308291,0,0,0,99303,0,0,0,54,0,0,0,0,0,0,3462,0,0,0,0,0,order_wdc,0,0,0,0,0,0,0,1394,0,0,0,0,1394,3462,0,0,3462,0,0,0,0,0,0,0,0,0
97,10018649925317144938,0,0,0,0,0,0,0,0,0,0,0,0,0,0,0,0,0,0,0,0,0,0,0,0,0,0,0,0,0,0,0,0,0,55,0,0,0,0,0,0,0,0,0,0,0,0,_order_wdc_graveyard,0,0,0,0,0,0,0,0,0,0,0,0,0,0,0,0,0,0,0,0,0,0,0,0,0,0
97,10018649925317144938,431445,0,0,0,0,0,421466,0,0,0,0,0,0,0,0,0,0,0,0,0,0,0,98439,0,58233,7600951,0,0,0,1887947,0,915,0,56,0,0,0,0,0,0,12288,0,0,852951,0,0,orderline,1788533,915,0,0,0,0,0,59000,0,0,0,12217,59002,1800768,0,0,1800737,0,0,0,0,0,852954,0,0,0
97,10018649925317144938,0,0,0,0,0,0,0,0,0,0,0,0,0,0,0,0,0,0,0,0,0,0,0,0,0,0,0,0,0,0,0,0,0,57,0,0,0,0,0,0,0,0,0,0,0,0,_orderline_graveyard,0,0,0,0,0,0,0,0,0,0,0,0,0,0,0,0,0,0,0,0,0,0,0,0,0,0
97,10018649925317144938,0,0,0,0,0,0,0,0,0,0,0,0,0,0,0,0,0,0,0,0,0,0,0,0,0,1953289,0,0,0,0,0,0,0,58,0,0,0,0,0,0,0,0,0,0,0,0,item,0,0,0,0,0,0,0,0,0,0,0,0,0,976650,0,0,976648,0,0,0,0,0,0,0,0,0
98,10018649925317144938,0,0,0,0,0,0,0,0,0,0,0,0,0,0,0,0,0,0,0,0,0,0,0,0,0,0,0,0,0,0,0,0,0,61,0,0,0,0,0,0,0,0,0,0,0,0,_stock_graveyard,0,0,0,0,0,0,0,0,0,0,0,0,0,0,0,0,0,0,0,0,0,0,0,0,0,0
98,10018649925317144938,505268,0,0,0,0,0,492979,0,0,0,0,0,0,0,0,0,0,0,0,0,0,0,0,0,0,15108428,0,0,0,999319,0,0,0,60,0,0,0,0,0,0,1078,0,0,998168,0,0,stock,0,0,0,0,0,0,0,0,0,0,0,0,0,2776627,0,0,2776626,0,0,0,0,0,998148,0,0,0
98,10018649925317144938,0,0,0,0,0,0,0,0,0,0,0,0,0,0,0,0,0,0,0,0,0,0,0,0,0,0,0,0,0,0,0,0,0,59,0,0,0,0,0,0,0,0,0,0,0,0,_item_graveyard,0,0,0,0,0,0,0,0,0,0,0,0,0,0,0,0,0,0,0,0,0,0,0,0,0,0
98,10018649925317144938,0,0,0,0,0,0,0,0,0,0,0,0,0,0,0,0,0,0,0,0,0,0,342,0,2358,67293,0,0,0,67098,0,0,0,28,342,811,0,0,0,0,193,0,0,0,0,2697,_history_tree_14_updates,2003,0,0,0,0,0,0,5056,2697,0,0,0,7753,0,0,0,0,0,2357,0,0,0,0,0,0,0
98,10018649925317144938,0,0,0,0,0,0,0,0,0,0,0,0,0,0,0,0,0,0,0,0,0,0,1038,0,6,9330,0,0,0,9319,0,0,0,27,2600,2,0,0,0,0,11,0,0,0,0,2606,_history_tree_13_removes,3077,0,0,0,0,0,0,2611,2605,0,0,0,5216,0,0,0,0,0,6,0,0,0,0,0,0,0
98,10018649925317144938,0,0,0,0,0,0,0,0,0,0,0,0,0,0,0,0,0,0,0,0,0,0,328,0,2401,68851,0,0,0,68629,0,0,0,26,328,866,0,0,0,0,223,0,0,0,0,2701,_history_tree_13_updates,1996,0,0,0,0,0,0,5129,2701,0,0,0,7830,0,0,0,0,0,2400,0,0,0,0,0,0,0
98,10018649925317144938,0,0,0,0,0,0,0,0,0,0,0,0,0,0,0,0,0,0,0,0,0,0,984,0,9,9257,0,0,0,9245,0,0,0,25,2591,4,0,0,0,0,12,0,0,0,0,2601,_history_tree_12_removes,3070,0,0,0,0,0,0,2610,2601,0,0,0,5211,0,0,0,0,0,9,0,0,0,0,0,0,0
98,10018649925317144938,0,0,0,0,0,0,0,0,0,0,0,0,0,0,0,0,0,0,0,0,0,0,331,0,2402,68718,0,0,0,68507,0,0,0,24,331,868,0,0,0,0,209,0,0,0,0,2683,_history_tree_12_updates,1994,0,0,0,0,0,0,5136,2683,0,0,0,7819,0,0,0,0,0,2403,0,0,0,0,0,0,0
98,10018649925317144938,0,0,0,0,0,0,0,0,0,0,0,0,0,0,0,0,0,0,0,0,0,0,1054,0,7,9445,0,0,0,9430,0,0,0,23,2601,2,0,0,0,0,15,0,0,0,0,2608,_history_tree_11_removes,3051,0,0,0,0,0,0,2615,2608,0,0,0,5223,0,0,0,0,0,7,0,0,0,0,0,0,0
98,10018649925317144938,0,0,0,0,0,0,0,0,0,0,0,0,0,0,0,0,0,0,0,0,0,0,369,0,2401,68912,0,0,0,68736,0,0,0,22,369,868,0,0,0,0,176,0,0,0,0,2709,_history_tree_11_updates,2008,0,0,0,0,0,0,5168,2709,0,0,0,7877,0,0,0,0,0,2398,0,0,0,0,0,0,0
98,10018649925317144938,0,0,0,0,0,0,0,0,0,0,0,0,0,0,0,0,0,0,0,0,0,0,1073,0,4,9692,0,0,0,9679,0,0,0,21,2595,1,0,0,0,0,13,0,0,0,0,2599,_history_tree_10_removes,3083,0,0,0,0,0,0,2603,2599,0,0,0,5202,0,0,0,0,0,4,0,0,0,0,0,0,0
98,10018649925317144938,0,0,0,0,0,0,0,0,0,0,0,0,0,0,0,0,0,0,0,0,0,0,344,0,2413,69546,0,0,0,69314,0,0,0,20,344,850,0,0,0,0,230,0,0,0,0,2736,_history_tree_10_updates,2048,0,0,0,0,0,0,5170,2736,0,0,0,7907,0,0,0,0,0,2413,0,0,0,0,0,0,0
98,10018649925317144938,0,0,0,0,0,0,0,0,0,0,0,0,0,0,0,0,0,0,0,0,0,0,1033,0,6,9247,0,0,0,9237,0,0,0,19,2674,2,0,0,0,0,10,0,0,0,0,2680,_history_tree_9_removes,3161,0,0,0,0,0,0,2686,2680,0,0,0,5366,0,0,0,0,0,6,0,0,0,0,0,0,0
98,10018649925317144938,0,0,0,0,0,0,0,0,0,0,0,0,0,0,0,0,0,0,0,0,0,0,372,0,2384,68179,0,0,0,68004,0,0,0,18,372,821,0,0,0,0,174,0,0,0,0,2730,_history_tree_9_updates,2059,0,0,0,0,0,0,5139,2730,0,0,0,7869,0,0,0,0,0,2383,0,0,0,0,0,0,0
98,10018649925317144938,0,0,0,0,0,0,0,0,0,0,0,0,0,0,0,0,0,0,0,0,0,0,964,0,6,9148,0,0,0,9136,0,0,0,17,2679,2,0,0,0,0,12,0,0,0,0,2685,_history_tree_8_removes,3139,0,0,0,0,0,0,2692,2686,0,0,0,5378,0,0,0,0,0,6,0,0,0,0,0,0,0
98,10018649925317144938,0,0,0,0,0,0,0,0,0,0,0,0,0,0,0,0,0,0,0,0,0,0,341,0,2381,68150,0,0,0,67927,0,0,0,16,341,788,0,0,0,0,225,0,0,0,0,2711,_history_tree_8_updates,2087,0,0,0,0,0,0,5106,2711,0,0,0,7817,0,0,0,0,0,2384,0,0,0,0,0,0,0
98,10018649925317144938,0,0,0,0,0,0,0,0,0,0,0,0,0,0,0,0,0,0,0,0,0,0,996,0,6,9260,0,0,0,9241,0,0,0,15,2626,2,0,0,0,0,19,0,0,0,0,2631,_history_tree_7_removes,3071,0,0,0,0,0,0,2637,2631,0,0,0,5268,0,0,0,0,0,6,0,0,0,0,0,0,0
98,10018649925317144938,0,0,0,0,0,0,0,0,0,0,0,0,0,0,0,0,0,0,0,0,0,0,366,0,2371,67916,0,0,0,67713,0,0,0,14,366,827,0,0,0,0,202,0,0,0,0,2698,_history_tree_7_updates,2031,0,0,0,0,0,0,5107,2698,0,0,0,7805,0,0,0,0,0,2370,0,0,0,0,0,0,0
98,10018649925317144938,0,0,0,0,0,0,0,0,0,0,0,0,0,0,0,0,0,0,0,0,0,0,1077,0,10,10138,0,0,0,10109,0,0,0,13,2603,5,0,0,0,0,29,0,0,0,0,2614,_history_tree_6_removes,3066,0,0,0,0,0,0,2624,2614,0,0,0,5238,0,0,0,0,0,10,0,0,0,0,0,0,0
98,10018649925317144938,0,0,0,0,0,0,0,0,0,0,0,0,0,22383489,22973090,0,0,0,0,0,0,0,354,0,2395,68074,0,0,0,67850,0,0,0,0,354,849,0,0,0,0,225,0,0,0,0,2676,_history_tree_0_updates,2045,0,1512505,0,0,0,0,5144,2676,0,0,0,7820,0,0,0,0,0,2395,0,0,0,0,716868,0,0
98,10018649925317144938,0,0,0,0,0,0,0,0,0,0,0,0,0,0,0,0,0,0,0,0,0,0,913,0,8,8881,0,0,0,8872,0,0,0,1,2562,4,0,0,0,0,9,0,0,0,0,2569,_history_tree_0_removes,3025,0,0,0,0,0,0,2577,2569,0,0,0,5146,0,0,0,0,0,8,0,0,0,0,0,0,0
98,10018649925317144938,0,0,0,0,0,0,0,0,0,0,0,0,0,0,0,0,0,0,0,0,0,0,335,0,2388,68152,0,0,0,67937,0,0,0,2,337,870,0,0,0,0,208,0,0,0,0,2677,_history_tree_1_updates,1962,0,0,0,0,0,0,5113,2677,0,0,0,7790,0,0,0,0,0,2388,0,0,0,0,0,0,0
98,10018649925317144938,0,0,0,0,0,0,0,0,0,0,0,0,0,0,0,0,0,0,0,0,0,0,928,0,12,9220,0,0,0,9205,0,0,0,3,2568,4,0,0,0,0,15,0,0,0,0,2580,_history_tree_1_removes,2997,0,0,0,0,0,0,2592,2580,0,0,0,5172,0,0,0,0,0,12,0,0,0,0,0,0,0
98,10018649925317144938,0,0,0,0,0,0,0,0,0,0,0,0,0,0,0,0,0,0,0,0,0,0,312,0,2404,68701,0,0,0,68463,0,0,0,4,312,849,0,0,0,0,238,0,0,0,0,2634,_history_tree_2_updates,1995,0,0,0,0,0,0,5121,2634,0,0,0,7755,0,0,0,0,0,2405,0,0,0,0,0,0,0
98,10018649925317144938,0,0,0,0,0,0,0,0,0,0,0,0,0,0,0,0,0,0,0,0,0,0,962,0,7,9161,0,0,0,9150,0,0,0,5,2604,3,0,0,0,0,11,0,0,0,0,2611,_history_tree_2_removes,3058,0,0,0,0,0,0,2618,2611,0,0,0,5229,0,0,0,0,0,7,0,0,0,0,0,0,0
98,10018649925317144938,0,0,0,0,0,0,0,0,0,0,0,0,0,0,0,0,0,0,0,0,0,0,299,0,2403,69154,0,0,0,68926,0,0,0,6,299,824,0,0,0,0,227,0,0,0,0,2684,_history_tree_3_updates,1996,0,0,0,0,0,0,5105,2684,0,0,0,7789,0,0,0,0,0,2403,0,0,0,0,0,0,0
98,10018649925317144938,0,0,0,0,0,0,0,0,0,0,0,0,0,0,0,0,0,0,0,0,0,0,1083,0,6,9602,0,0,0,9584,0,0,0,7,2653,2,0,0,0,0,18,0,0,0,0,2659,_history_tree_3_removes,3100,0,0,0,0,0,0,2665,2659,0,0,0,5324,0,0,0,0,0,6,0,0,0,0,0,0,0
98,10018649925317144938,0,0,0,0,0,0,0,0,0,0,0,0,0,0,0,0,0,0,0,0,0,0,358,0,2378,68342,0,0,0,68121,0,0,0,8,360,847,0,0,0,0,222,0,0,0,0,2709,_history_tree_4_updates,2062,0,0,0,0,0,0,5119,2709,0,0,0,7828,0,0,0,0,0,2381,0,0,0,0,0,0,0
98,10018649925317144938,0,0,0,0,0,0,0,0,0,0,0,0,0,0,0,0,0,0,0,0,0,0,992,0,9,9392,0,0,0,9378,0,0,0,9,2591,4,0,0,0,0,13,0,0,0,0,2600,_history_tree_4_removes,3093,0,0,0,0,0,0,2609,2600,0,0,0,5209,0,0,0,0,0,9,0,0,0,0,0,0,0
98,10018649925317144938,0,0,0,0,0,0,0,0,0,0,0,0,0,0,0,0,0,0,0,0,0,0,293,0,2394,68898,0,0,0,68656,0,0,0,10,294,804,0,0,0,0,240,0,0,0,0,2681,_history_tree_5_updates,2030,0,0,0,0,0,0,5084,2681,0,0,0,7765,0,0,0,0,0,2396,0,0,0,0,0,0,0
98,10018649925317144938,0,0,0,0,0,0,0,0,0,0,0,0,0,0,0,0,0,0,0,0,0,0,1089,0,2,9525,0,0,0,9504,0,0,0,11,2648,0,0,0,0,0,20,0,0,0,0,2650,_history_tree_5_removes,3131,0,0,0,0,0,0,2651,2649,0,0,0,5300,0,0,0,0,0,2,0,0,0,0,0,0,0
98,10018649925317144938,0,0,0,0,0,0,0,0,0,0,0,0,0,0,0,0,0,0,0,0,0,0,343,0,2458,71028,0,0,0,70835,0,0,0,12,343,920,0,0,0,0,194,0,0,0,0,2719,_history_tree_6_updates,2001,0,0,0,0,0,0,5259,2719,0,0,0,7978,0,0,0,0,0,2457,0,0,0,0,0,0,0
98,10018649925317144938,0,0,0,0,0,0,0,0,0,0,0,0,0,0,0,0,0,0,0,0,0,0,975,0,7,9000,0,0,0,8985,0,0,0,29,2598,2,0,0,0,0,15,0,0,0,0,2605,_history_tree_14_removes,3039,0,0,0,0,0,0,2612,2605,0,0,0,5217,0,0,0,0,0,7,0,0,0,0,0,0,0
98,10018649925317144938,0,0,0,0,0,0,0,0,0,0,0,0,0,0,0,0,0,0,0,0,0,0,343,0,2420,69332,0,0,0,69139,0,0,0,30,343,875,0,0,0,0,195,0,0,0,0,2728,_history_tree_15_updates,2019,0,0,0,0,0,0,5182,2728,0,0,0,7908,0,0,0,0,0,2418,0,0,0,0,0,0,0
98,10018649925317144938,0,0,0,0,0,0,0,0,0,0,0,0,0,0,0,0,0,0,0,0,0,0,1023,0,8,9432,0,0,0,9417,0,0,0,31,2580,3,0,0,0,0,15,0,0,0,0,2588,_history_tree_15_removes,3043,0,0,0,0,0,0,2596,2588,0,0,0,5184,0,0,0,0,0,8,0,0,0,0,0,0,0
98,10018649925317144938,0,0,0,0,0,0,0,0,0,0,0,0,0,0,0,0,0,0,0,0,0,0,338,0,2384,68573,0,0,0,68347,0,0,0,32,338,882,0,0,0,0,227,0,0,0,0,2680,_history_tree_16_updates,1955,0,0,0,0,0,0,5106,2680,0,0,0,7786,0,0,0,0,0,2383,0,0,0,0,0,0,0
98,10018649925317144938,0,0,0,0,0,0,0,0,0,0,0,0,0,0,0,0,0,0,0,0,0,0,1023,0,10,9499,0,0,0,9482,0,0,0,33,2525,5,0,0,0,0,17,0,0,0,0,2536,_history_tree_16_removes,2981,0,0,0,0,0,0,2546,2536,0,0,0,5082,0,0,0,0,0,10,0,0,0,0,0,0,0
98,10018649925317144938,0,0,0,0,0,0,0,0,0,0,0,0,0,0,0,0,0,0,0,0,0,0,305,0,2354,143590,0,0,0,71583,0,0,0,34,10505,2657,0,0,0,0,212,0,0,0,0,6302,_history_tree_17_updates,4008,0,0,0,0,0,0,15214,12603,1,0,0,21516,0,0,0,0,0,2354,0,0,0,0,0,0,0
98,10018649925317144938,0,0,0,0,0,0,0,0,0,0,0,0,0,0,0,0,0,0,0,0,0,0,836,0,17,8944,0,0,0,8934,0,0,0,35,2492,10,0,0,0,0,10,0,0,0,0,2509,_history_tree_17_removes,2899,0,0,0,0,0,0,2525,2508,0,0,0,5033,0,0,0,0,0,17,0,0,0,0,0,0,0
98,10018649925317144938,0,0,0,0,0,0,0,0,0,0,0,0,0,0,0,0,0,0,0,0,0,0,269,0,2371,68025,0,0,0,67793,0,0,0,36,269,797,0,0,0,0,230,0,0,0,0,2620,_history_tree_18_updates,1947,0,0,0,0,0,0,5011,2620,0,0,0,7632,0,0,0,0,0,2375,0,0,0,0,0,0,0
98,10018649925317144938,0,0,0,0,0,0,0,0,0,0,0,0,0,0,0,0,0,0,0,0,0,0,1043,0,6,9410,0,0,0,9398,0,0,0,37,2661,3,0,0,0,0,12,0,0,0,0,2667,_history_tree_18_removes,3101,0,0,0,0,0,0,2673,2667,0,0,0,5340,0,0,0,0,0,6,0,0,0,0,0,0,0
98,10018649925317144938,0,0,0,0,0,0,0,0,0,0,0,0,0,0,0,0,0,0,0,0,0,0,351,0,2341,67194,0,0,0,66998,0,0,0,38,351,802,0,0,0,0,197,0,0,0,0,2651,_history_tree_19_updates,1992,0,0,0,0,0,0,5032,2651,0,0,0,7683,0,0,0,0,0,2340,0,0,0,0,0,0,0
98,10018649925317144938,0,0,0,0,0,0,0,0,0,0,0,0,0,0,0,0,0,0,0,0,0,0,1025,0,5,9227,0,0,0,9211,0,0,0,39,2591,3,0,0,0,0,16,0,0,0,0,2596,_history_tree_19_removes,3020,0,0,0,0,0,0,2600,2595,0,0,0,5195,0,0,0,0,0,5,0,0,0,0,0,0,0
98,10018649925317144938,49602,0,0,0,0,0,45984,0,0,0,0,0,0,0,0,0,0,0,0,0,0,0,0,0,0,297899,0,0,0,97644,0,0,0,40,0,0,0,0,0,0,2139,0,0,95592,0,0,warehouse,0,0,0,0,0,0,0,0,0,0,0,0,0,197818,0,0,197816,0,0,0,0,0,95593,0,0,0
98,10018649925317144938,0,0,0,0,0,0,0,0,0,0,0,0,0,0,0,0,0,0,0,0,0,0,0,0,0,0,0,0,0,0,0,0,0,41,0,0,0,0,0,0,0,0,0,0,0,0,_warehouse_graveyard,0,0,0,0,0,0,0,0,0,0,0,0,0,0,0,0,0,0,0,0,0,0,0,0,0,0
98,10018649925317144938,98186,0,0,0,0,0,96499,0,0,0,0,0,0,0,0,0,0,0,0,0,0,0,0,0,0,302425,0,0,0,196871,0,0,0,42,0,0,0,0,0,0,1012,0,0,194684,0,0,district,0,0,0,0,0,0,0,0,0,0,0,0,0,104495,0,0,104495,0,0,0,0,0,194685,0,0,0
98,10018649925317144938,0,0,0,0,0,0,0,0,0,0,0,0,0,0,0,0,0,0,0,0,0,0,0,0,0,0,0,0,0,0,0,0,0,43,0,0,0,0,0,0,0,0,0,0,0,0,_district_graveyard,0,0,0,0,0,0,0,0,0,0,0,0,0,0,0,0,0,0,0,0,0,0,0,0,0,0
98,10018649925317144938,64287,0,0,0,0,0,60479,0,0,0,0,0,0,0,0,0,0,0,0,0,0,0,0,0,0,802083,0,0,0,124763,0,0,0,44,0,0,0,0,0,0,5,0,0,124760,0,0,customer,0,0,0,0,0,0,0,0,0,0,0,0,0,142586,0,0,142585,0,0,0,0,0,124760,0,0,0
98,10018649925317144938,0,0,0,0,0,0,0,0,0,0,0,0,0,0,0,0,0,0,0,0,0,0,0,0,0,0,0,0,0,0,0,0,0,45,0,0,0,0,0,0,0,0,0,0,0,0,_customer_graveyard,0,0,0,0,0,0,0,0,0,0,0,0,0,0,0,0,0,0,0,0,0,0,0,0,0,0
98,10018649925317144938,0,0,0,0,0,0,0,0,0,0,0,0,0,0,0,0,0,0,0,0,0,0,0,0,0,186090,0,0,0,0,0,0,0,46,0,0,0,0,0,0,62031,0,0,0,0,0,customerwdl,0,0,0,0,0,0,0,0,0,0,0,62030,0,62030,0,0,62030,0,0,0,0,0,0,0,0,0
98,10018649925317144938,0,0,0,0,0,0,0,0,0,0,0,0,0,0,0,0,0,0,0,0,0,0,0,0,0,0,0,0,0,0,0,0,0,47,0,0,0,0,0,0,0,0,0,0,0,0,_customerwdl_graveyard,0,0,0,0,0,0,0,0,0,0,0,0,0,0,0,0,0,0,0,0,0,0,0,0,0,0
98,10018649925317144938,0,0,0,0,0,0,0,0,0,0,0,0,0,0,0,0,0,0,0,0,0,0,0,0,2258,120606,0,0,0,40203,0,0,0,48,0,0,0,0,0,0,0,0,0,0,0,0,history,0,0,0,0,0,0,0,2283,0,0,0,0,2283,0,0,0,0,0,0,0,0,0,0,0,0,0
98,10018649925317144938,0,0,0,0,0,0,0,0,0,0,0,0,0,0,0,0,0,0,0,0,0,0,0,0,0,0,0,0,0,0,0,0,0,49,0,0,0,0,0,0,0,0,0,0,0,0,_history_graveyard,0,0,0,0,0,0,0,0,0,0,0,0,0,0,0,0,0,0,0,0,0,0,0,0,0,0
98,10018649925317144938,43454,86830,0,86829,0,0,43342,0,0,0,0,0,0,0,0,0,0,0,0,0,0,0,51410,0,2106,1184248,0,0,0,276205,0,12262,0,50,25,0,0,0,0,0,118527,0,0,0,0,0,neworder,95095,12263,0,0,0,0,0,3939,25,0,0,87090,3939,99353,0,0,99355,0,1805,0,0,0,0,0,0,0
98,10018649925317144938,0,0,0,0,0,0,0,0,0,0,0,0,0,0,0,0,0,0,0,0,0,0,0,0,0,0,0,0,0,0,0,0,0,51,0,0,0,0,0,0,0,0,0,0,0,0,_neworder_graveyard,0,0,0,0,0,0,0,0,0,0,0,0,0,0,0,0,0,0,0,0,0,0,0,0,0,0
98,10018649925317144938,43671,0,0,0,0,0,43134,0,0,0,0,0,0,0,0,0,0,0,0,0,0,0,0,0,4363,845136,0,0,0,191357,0,0,0,52,0,0,0,0,0,0,0,0,0,86807,0,0,order,0,0,0,0,0,0,0,4365,0,0,0,0,4365,90357,0,0,90357,0,0,0,0,0,86808,0,0,0
98,10018649925317144938,0,0,0,0,0,0,0,0,0,0,0,0,0,0,0,0,0,0,0,0,0,0,0,0,0,0,0,0,0,0,0,0,0,53,0,0,0,0,0,0,0,0,0,0,0,0,_order_graveyard,0,0,0,0,0,0,0,0,0,0,0,0,0,0,0,0,0,0,0,0,0,0,0,0,0,0
98,10018649925317144938,0,0,0,0,0,0,0,0,0,0,0,0,0,0,0,0,3548,0,0,0,0,0,0,0,1476,315639,0,0,0,101664,0,0,0,54,0,0,0,0,0,0,3548,0,0,0,0,0,order_wdc,0,0,0,0,0,0,0,1522,0,0,0,0,1522,3548,0,0,3548,0,0,0,0,0,0,0,0,0
98,10018649925317144938,0,0,0,0,0,0,0,0,0,0,0,0,0,0,0,0,0,0,0,0,0,0,0,0,0,0,0,0,0,0,0,0,0,55,0,0,0,0,0,0,0,0,0,0,0,0,_order_wdc_graveyard,0,0,0,0,0,0,0,0,0,0,0,0,0,0,0,0,0,0,0,0,0,0,0,0,0,0
98,10018649925317144938,438473,0,0,0,0,0,428504,0,0,0,0,0,0,0,0,0,0,0,0,0,0,0,100097,0,59475,7744620,0,0,0,1923629,0,1076,0,56,0,0,0,0,0,0,12512,0,0,866910,0,0,orderline,1817095,1076,0,0,0,0,0,60288,0,0,0,12446,60287,1829477,0,0,1829487,0,0,0,0,0,866891,0,0,0
98,10018649925317144938,0,0,0,0,0,0,0,0,0,0,0,0,0,0,0,0,0,0,0,0,0,0,0,0,0,0,0,0,0,0,0,0,0,57,0,0,0,0,0,0,0,0,0,0,0,0,_orderline_graveyard,0,0,0,0,0,0,0,0,0,0,0,0,0,0,0,0,0,0,0,0,0,0,0,0,0,0
98,10018649925317144938,0,0,0,0,0,0,0,0,0,0,0,0,0,0,0,0,0,0,0,0,0,0,0,0,0,1994540,0,0,0,0,0,0,0,58,0,0,0,0,0,0,0,0,0,0,0,0,item,0,0,0,0,0,0,0,0,0,0,0,0,0,997271,0,0,997269,0,0,0,0,0,0,0,0,0
99,10018649925317144938,0,0,0,0,0,0,0,0,0,0,0,0,0,0,0,0,0,0,0,0,0,0,0,0,0,0,0,0,0,0,0,0,0,61,0,0,0,0,0,0,0,0,0,0,0,0,_stock_graveyard,0,0,0,0,0,0,0,0,0,0,0,0,0,0,0,0,0,0,0,0,0,0,0,0,0,0
99,10018649925317144938,492980,0,0,0,0,0,480878,0,0,0,0,0,0,0,0,0,0,0,0,0,0,0,0,0,0,14838497,0,0,0,974752,0,0,0,60,0,0,0,0,0,0,1059,0,0,973816,0,0,stock,0,0,0,0,0,0,0,0,0,0,0,0,0,2733697,0,0,2733669,0,0,0,0,0,973769,0,0,0
99,10018649925317144938,0,0,0,0,0,0,0,0,0,0,0,0,0,0,0,0,0,0,0,0,0,0,0,0,0,0,0,0,0,0,0,0,0,59,0,0,0,0,0,0,0,0,0,0,0,0,_item_graveyard,0,0,0,0,0,0,0,0,0,0,0,0,0,0,0,0,0,0,0,0,0,0,0,0,0,0
99,10018649925317144938,0,0,0,0,0,0,0,0,0,0,0,0,0,0,0,0,0,0,0,0,0,0,326,0,2400,69632,0,0,0,69403,0,0,0,28,326,811,0,0,0,0,228,0,0,0,0,2672,_history_tree_14_updates,1988,0,0,0,0,0,0,5072,2672,0,0,0,7744,0,0,0,0,0,2346,0,0,0,0,0,0,0
99,10018649925317144938,0,0,0,0,0,0,0,0,0,0,0,0,0,0,0,0,0,0,0,0,0,0,1006,0,5,9226,0,0,0,9207,0,0,0,27,2550,2,0,0,0,0,19,0,0,0,0,2554,_history_tree_13_removes,2993,0,0,0,0,0,0,2559,2554,0,0,0,5113,0,0,0,0,0,4,0,0,0,0,0,0,0
99,10018649925317144938,0,0,0,0,0,0,0,0,0,0,0,0,0,0,0,0,0,0,0,0,0,0,356,0,2325,66878,0,0,0,66677,0,0,0,26,356,768,0,0,0,0,199,0,0,0,0,2634,_history_tree_13_updates,1996,0,0,0,0,0,0,4979,2634,0,0,0,7613,0,0,0,0,0,2298,0,0,0,0,0,0,0
99,10018649925317144938,0,0,0,0,0,0,0,0,0,0,0,0,0,0,0,0,0,0,0,0,0,0,1001,0,3,9311,0,0,0,9293,0,0,0,25,2611,1,0,0,0,0,18,0,0,0,0,2613,_history_tree_12_removes,3050,0,0,0,0,0,0,2616,2613,0,0,0,5229,0,0,0,0,0,3,0,0,0,0,0,0,0
99,10018649925317144938,0,0,0,0,0,0,0,0,0,0,0,0,0,0,0,0,0,0,0,0,0,0,323,0,2335,67295,0,0,0,67097,0,0,0,24,323,776,0,0,0,0,198,0,0,0,0,2639,_history_tree_12_updates,1989,0,0,0,0,0,0,4977,2639,0,0,0,7616,0,0,0,0,0,2319,0,0,0,0,0,0,0
99,10018649925317144938,0,0,0,0,0,0,0,0,0,0,0,0,0,0,0,0,0,0,0,0,0,0,996,0,7,9214,0,0,0,9205,0,0,0,23,2555,2,0,0,0,0,9,0,0,0,0,2562,_history_tree_11_removes,3024,0,0,0,0,0,0,2569,2562,0,0,0,5131,0,0,0,0,0,7,0,0,0,0,0,0,0
99,10018649925317144938,0,0,0,0,0,0,0,0,0,0,0,0,0,0,0,0,0,0,0,0,0,0,419,0,2331,66966,0,0,0,66756,0,0,0,22,419,788,0,0,0,0,208,0,0,0,0,2714,_history_tree_11_updates,2072,0,0,0,0,0,0,5051,2714,0,0,0,7765,0,0,0,0,0,2301,0,0,0,0,0,0,0
99,10018649925317144938,0,0,0,0,0,0,0,0,0,0,0,0,0,0,0,0,0,0,0,0,0,0,1027,0,5,9300,0,0,0,9278,0,0,0,21,2625,1,0,0,0,0,22,0,0,0,0,2629,_history_tree_10_removes,3084,0,0,0,0,0,0,2634,2629,0,0,0,5263,0,0,0,0,0,4,0,0,0,0,0,0,0
99,10018649925317144938,0,0,0,0,0,0,0,0,0,0,0,0,0,0,0,0,0,0,0,0,0,0,344,0,2341,67418,0,0,0,67190,0,0,0,20,344,730,0,0,0,0,227,0,0,0,0,2664,_history_tree_10_updates,2065,0,0,0,0,0,0,5005,2664,0,0,0,7668,0,0,0,0,0,2320,0,0,0,0,0,0,0
99,10018649925317144938,0,0,0,0,0,0,0,0,0,0,0,0,0,0,0,0,0,0,0,0,0,0,1053,0,3,9225,0,0,0,9208,0,0,0,19,2638,0,0,0,0,0,17,0,0,0,0,2641,_history_tree_9_removes,3100,0,0,0,0,0,0,2644,2641,0,0,0,5285,0,0,0,0,0,3,0,0,0,0,0,0,0
99,10018649925317144938,0,0,0,0,0,0,0,0,0,0,0,0,0,0,0,0,0,0,0,0,0,0,316,0,2336,67095,0,0,0,66879,0,0,0,18,316,731,0,0,0,0,217,0,0,0,0,2629,_history_tree_9_updates,2019,0,0,0,0,0,0,4965,2629,0,0,0,7594,0,0,0,0,0,2313,0,0,0,0,0,0,0
99,10018649925317144938,0,0,0,0,0,0,0,0,0,0,0,0,0,0,0,0,0,0,0,0,0,0,1015,0,3,8922,0,0,0,8911,0,0,0,17,2602,0,0,0,0,0,11,0,0,0,0,2605,_history_tree_8_removes,3049,0,0,0,0,0,0,2607,2604,0,0,0,5211,0,0,0,0,0,3,0,0,0,0,0,0,0
99,10018649925317144938,0,0,0,0,0,0,0,0,0,0,0,0,0,0,0,0,0,0,0,0,0,0,325,0,2313,66303,0,0,0,66082,0,0,0,16,325,740,0,0,0,0,217,0,0,0,0,2632,_history_tree_8_updates,2017,0,0,0,0,0,0,4945,2632,0,0,0,7577,0,0,0,0,0,2307,0,0,0,0,0,0,0
99,10018649925317144938,0,0,0,0,0,0,0,0,0,0,0,0,0,0,0,0,0,0,0,0,0,0,1015,0,6,9226,0,0,0,9205,0,0,0,15,2525,1,0,0,0,0,21,0,0,0,0,2530,_history_tree_7_removes,2999,0,0,0,0,0,0,2536,2530,0,0,0,5066,0,0,0,0,0,5,0,0,0,0,0,0,0
99,10018649925317144938,0,0,0,0,0,0,0,0,0,0,0,0,0,0,0,0,0,0,0,0,0,0,317,0,2366,67998,0,0,0,67788,0,0,0,14,317,801,0,0,0,0,204,0,0,0,0,2605,_history_tree_7_updates,1975,0,0,0,0,0,0,5009,2605,0,0,0,7614,0,0,0,0,0,2326,0,0,0,0,0,0,0
99,10018649925317144938,0,0,0,0,0,0,0,0,0,0,0,0,0,0,0,0,0,0,0,0,0,0,1004,0,6,9237,0,0,0,9222,0,0,0,13,2585,3,0,0,0,0,15,0,0,0,0,2591,_history_tree_6_removes,3034,0,0,0,0,0,0,2597,2591,0,0,0,5188,0,0,0,0,0,6,0,0,0,0,0,0,0
99,10018649925317144938,0,0,0,0,0,0,0,0,0,0,0,0,0,21918292,22480519,0,0,0,0,0,0,0,337,0,2317,66559,0,0,0,66347,0,0,0,0,337,785,0,0,0,0,209,0,0,0,0,2650,_history_tree_0_updates,1989,0,1481820,0,0,0,0,4974,2650,0,0,0,7624,0,0,0,0,0,2318,0,0,0,0,705816,0,0
99,10018649925317144938,0,0,0,0,0,0,0,0,0,0,0,0,0,0,0,0,0,0,0,0,0,0,992,0,4,9126,0,0,0,9118,0,0,0,1,2572,1,0,0,0,0,9,0,0,0,0,2576,_history_tree_0_removes,3006,0,0,0,0,0,0,2580,2576,0,0,0,5156,0,0,0,0,0,4,0,0,0,0,0,0,0
99,10018649925317144938,0,0,0,0,0,0,0,0,0,0,0,0,0,0,0,0,0,0,0,0,0,0,346,0,2349,67631,0,0,0,67413,0,0,0,2,347,840,0,0,0,0,219,0,0,0,0,2694,_history_tree_1_updates,1968,0,0,0,0,0,0,5047,2694,0,0,0,7741,0,0,0,0,0,2350,0,0,0,0,0,0,0
99,10018649925317144938,0,0,0,0,0,0,0,0,0,0,0,0,0,0,0,0,0,0,0,0,0,0,1036,0,4,9431,0,0,0,9422,0,0,0,3,2520,0,0,0,0,0,9,0,0,0,0,2524,_history_tree_1_removes,2974,0,0,0,0,0,0,2528,2524,0,0,0,5052,0,0,0,0,0,4,0,0,0,0,0,0,0
99,10018649925317144938,0,0,0,0,0,0,0,0,0,0,0,0,0,0,0,0,0,0,0,0,0,0,318,0,2333,67253,0,0,0,67039,0,0,0,4,318,777,0,0,0,0,213,0,0,0,0,2641,_history_tree_2_updates,2001,0,0,0,0,0,0,4986,2641,0,0,0,7627,0,0,0,0,0,2334,0,0,0,0,0,0,0
99,10018649925317144938,0,0,0,0,0,0,0,0,0,0,0,0,0,0,0,0,0,0,0,0,0,0,1039,0,2,9322,0,0,0,9311,0,0,0,5,2617,0,0,0,0,0,11,0,0,0,0,2619,_history_tree_2_removes,3084,0,0,0,0,0,0,2621,2619,0,0,0,5240,0,0,0,0,0,2,0,0,0,0,0,0,0
99,10018649925317144938,0,0,0,0,0,0,0,0,0,0,0,0,0,0,0,0,0,0,0,0,0,0,321,0,2323,66678,0,0,0,66486,0,0,0,6,321,812,0,0,0,0,192,0,0,0,0,2619,_history_tree_3_updates,1953,0,0,0,0,0,0,4967,2621,0,0,0,7588,0,0,0,0,0,2323,0,0,0,0,0,0,0
99,10018649925317144938,0,0,0,0,0,0,0,0,0,0,0,0,0,0,0,0,0,0,0,0,0,0,1001,0,5,9129,0,0,0,9110,0,0,0,7,2525,1,0,0,0,0,19,0,0,0,0,2530,_history_tree_3_removes,2964,0,0,0,0,0,0,2535,2530,0,0,0,5065,0,0,0,0,0,5,0,0,0,0,0,0,0
99,10018649925317144938,0,0,0,0,0,0,0,0,0,0,0,0,0,0,0,0,0,0,0,0,0,0,326,0,2340,67002,0,0,0,66779,0,0,0,8,324,789,0,0,0,0,222,0,0,0,0,2664,_history_tree_4_updates,2010,0,0,0,0,0,0,5005,2664,0,0,0,7669,0,0,0,0,0,2340,0,0,0,0,0,0,0
99,10018649925317144938,0,0,0,0,0,0,0,0,0,0,0,0,0,0,0,0,0,0,0,0,0,0,982,0,6,9083,0,0,0,9066,0,0,0,9,2599,1,0,0,0,0,17,0,0,0,0,2605,_history_tree_4_removes,3053,0,0,0,0,0,0,2612,2606,0,0,0,5218,0,0,0,0,0,6,0,0,0,0,0,0,0
99,10018649925317144938,0,0,0,0,0,0,0,0,0,0,0,0,0,0,0,0,0,0,0,0,0,0,344,0,2322,66052,0,0,0,65831,0,0,0,10,344,763,0,0,0,0,218,0,0,0,0,2665,_history_tree_5_updates,2025,0,0,0,0,0,0,4987,2665,0,0,0,7652,0,0,0,0,0,2321,0,0,0,0,0,0,0
99,10018649925317144938,0,0,0,0,0,0,0,0,0,0,0,0,0,0,0,0,0,0,0,0,0,0,924,0,8,8757,0,0,0,8745,0,0,0,11,2652,2,0,0,0,0,12,0,0,0,0,2660,_history_tree_5_removes,3078,0,0,0,0,0,0,2668,2660,0,0,0,5328,0,0,0,0,0,8,0,0,0,0,0,0,0
99,10018649925317144938,0,0,0,0,0,0,0,0,0,0,0,0,0,0,0,0,0,0,0,0,0,0,327,0,2300,66303,0,0,0,66051,0,0,0,12,327,780,0,0,0,0,251,0,0,0,0,2578,_history_tree_6_updates,1966,0,0,0,0,0,0,4928,2578,0,0,0,7506,0,0,0,0,0,2301,0,0,0,0,0,0,0
99,10018649925317144938,0,0,0,0,0,0,0,0,0,0,0,0,0,0,0,0,0,0,0,0,0,0,1122,0,7,9995,0,0,0,9979,0,0,0,29,2538,2,0,0,0,0,16,0,0,0,0,2545,_history_tree_14_removes,3013,0,0,0,0,0,0,2552,2545,0,0,0,5097,0,0,0,0,0,7,0,0,0,0,0,0,0
99,10018649925317144938,0,0,0,0,0,0,0,0,0,0,0,0,0,0,0,0,0,0,0,0,0,0,334,0,2311,66192,0,0,0,65985,0,0,0,30,336,791,0,0,0,0,205,0,0,0,0,2648,_history_tree_15_updates,1961,0,0,0,0,0,0,4960,2648,0,0,0,7608,0,0,0,0,0,2313,0,0,0,0,0,0,0
99,10018649925317144938,0,0,0,0,0,0,0,0,0,0,0,0,0,0,0,0,0,0,0,0,0,0,1051,0,4,9015,0,0,0,9004,0,0,0,31,2575,1,0,0,0,0,11,0,0,0,0,2579,_history_tree_15_removes,2997,0,0,0,0,0,0,2583,2579,0,0,0,5162,0,0,0,0,0,4,0,0,0,0,0,0,0
99,10018649925317144938,0,0,0,0,0,0,0,0,0,0,0,0,0,0,0,0,0,0,0,0,0,0,350,0,2348,67335,0,0,0,67144,0,0,0,32,350,799,0,0,0,0,189,0,0,0,0,2695,_history_tree_16_updates,2021,0,0,0,0,0,0,5045,2695,0,0,0,7740,0,0,0,0,0,2348,0,0,0,0,0,0,0
99,10018649925317144938,0,0,0,0,0,0,0,0,0,0,0,0,0,0,0,0,0,0,0,0,0,0,1012,0,4,9204,0,0,0,9190,0,0,0,33,2606,0,0,0,0,0,14,0,0,0,0,2609,_history_tree_16_removes,3054,0,0,0,0,0,0,2613,2609,0,0,0,5222,0,0,0,0,0,4,0,0,0,0,0,0,0
99,10018649925317144938,0,0,0,0,0,0,0,0,0,0,0,0,0,0,0,0,0,0,0,0,0,0,359,0,2382,145156,0,0,0,72366,0,0,0,34,10530,2736,0,0,0,0,212,0,0,0,0,6326,_history_tree_17_updates,3967,0,0,0,0,0,0,15301,12654,2,0,0,21629,0,0,0,0,0,2382,0,0,0,0,0,0,0
99,10018649925317144938,0,0,0,0,0,0,0,0,0,0,0,0,0,0,0,0,0,0,0,0,0,0,876,0,18,9161,0,0,0,9147,0,0,0,35,2452,9,0,0,0,0,14,0,0,0,0,2471,_history_tree_17_removes,2884,0,0,0,0,0,0,2489,2471,0,0,0,4960,0,0,0,0,0,18,0,0,0,0,0,0,0
99,10018649925317144938,0,0,0,0,0,0,0,0,0,0,0,0,0,0,0,0,0,0,0,0,0,0,348,0,2345,67200,0,0,0,66995,0,0,0,36,348,807,0,0,0,0,205,0,0,0,0,2675,_history_tree_18_updates,2036,0,0,0,0,0,0,5042,2675,0,0,0,7716,0,0,0,0,0,2345,0,0,0,0,0,0,0
99,10018649925317144938,0,0,0,0,0,0,0,0,0,0,0,0,0,0,0,0,0,0,0,0,0,0,972,0,7,9125,0,0,0,9109,0,0,0,37,2591,1,0,0,0,0,16,0,0,0,0,2598,_history_tree_18_removes,3083,0,0,0,0,0,0,2605,2598,0,0,0,5203,0,0,0,0,0,7,0,0,0,0,0,0,0
99,10018649925317144938,0,0,0,0,0,0,0,0,0,0,0,0,0,0,0,0,0,0,0,0,0,0,366,0,2382,68308,0,0,0,68092,0,0,0,38,366,838,0,0,0,0,216,0,0,0,0,2684,_history_tree_19_updates,2020,0,0,0,0,0,0,5128,2684,0,0,0,7812,0,0,0,0,0,2380,0,0,0,0,0,0,0
99,10018649925317144938,0,0,0,0,0,0,0,0,0,0,0,0,0,0,0,0,0,0,0,0,0,0,1049,0,8,9383,0,0,0,9368,0,0,0,39,2581,4,0,0,0,0,15,0,0,0,0,2589,_history_tree_19_removes,3041,0,0,0,0,0,0,2597,2589,0,0,0,5186,0,0,0,0,0,8,0,0,0,0,0,0,0
99,10018649925317144938,48134,0,0,0,0,0,44371,0,0,0,0,0,0,0,0,0,0,0,0,0,0,0,0,0,0,289061,0,0,0,94544,0,0,0,40,0,0,0,0,0,0,2196,0,0,92504,0,0,warehouse,0,0,0,0,0,0,0,0,0,0,0,0,0,192033,0,0,192033,0,0,0,0,0,92503,0,0,0
99,10018649925317144938,0,0,0,0,0,0,0,0,0,0,0,0,0,0,0,0,0,0,0,0,0,0,0,0,0,0,0,0,0,0,0,0,0,41,0,0,0,0,0,0,0,0,0,0,0,0,_warehouse_graveyard,0,0,0,0,0,0,0,0,0,0,0,0,0,0,0,0,0,0,0,0,0,0,0,0,0,0
99,10018649925317144938,95249,0,0,0,0,0,93696,0,0,0,0,0,0,0,0,0,0,0,0,0,0,0,0,0,1,293418,0,0,0,191061,0,0,0,42,0,0,0,0,0,0,991,0,0,188951,0,0,district,0,0,0,0,0,0,0,1,0,0,0,0,1,101300,0,0,101299,1,0,0,0,0,188952,0,0,0
99,10018649925317144938,0,0,0,0,0,0,0,0,0,0,0,0,0,0,0,0,0,0,0,0,0,0,0,0,0,0,0,0,0,0,0,0,0,43,0,0,0,0,0,0,0,0,0,0,0,0,_district_graveyard,0,0,0,0,0,0,0,0,0,0,0,0,0,0,0,0,0,0,0,0,0,0,0,0,0,0
99,10018649925317144938,62899,0,0,0,0,0,59803,0,0,0,0,0,0,0,0,0,0,0,0,0,0,0,0,0,0,783935,0,0,0,122709,0,0,0,44,0,0,0,0,0,0,8,0,0,122708,0,0,customer,0,0,0,0,0,0,0,0,0,0,0,0,0,138601,0,0,138601,0,0,0,0,0,122710,0,0,0
99,10018649925317144938,0,0,0,0,0,0,0,0,0,0,0,0,0,0,0,0,0,0,0,0,0,0,0,0,0,0,0,0,0,0,0,0,0,45,0,0,0,0,0,0,0,0,0,0,0,0,_customer_graveyard,0,0,0,0,0,0,0,0,0,0,0,0,0,0,0,0,0,0,0,0,0,0,0,0,0,0
99,10018649925317144938,0,0,0,0,0,0,0,0,0,0,0,0,0,0,0,0,0,0,0,0,0,0,0,0,0,180080,0,0,0,0,0,0,0,46,0,0,0,0,0,0,60026,0,0,0,0,0,customerwdl,0,0,0,0,0,0,0,0,0,0,0,60029,0,60028,0,0,60029,0,0,0,0,0,0,0,0,0
99,10018649925317144938,0,0,0,0,0,0,0,0,0,0,0,0,0,0,0,0,0,0,0,0,0,0,0,0,0,0,0,0,0,0,0,0,0,47,0,0,0,0,0,0,0,0,0,0,0,0,_customerwdl_graveyard,0,0,0,0,0,0,0,0,0,0,0,0,0,0,0,0,0,0,0,0,0,0,0,0,0,0
99,10018649925317144938,0,0,0,0,0,0,0,0,0,0,0,0,0,0,0,0,0,0,0,0,0,0,0,0,2179,116625,0,0,0,38874,0,0,0,48,0,0,0,0,0,0,0,0,0,0,0,0,history,0,0,0,0,0,0,0,2203,0,0,0,0,2203,0,0,0,0,0,0,0,0,0,0,0,0,0
99,10018649925317144938,0,0,0,0,0,0,0,0,0,0,0,0,0,0,0,0,0,0,0,0,0,0,0,0,0,0,0,0,0,0,0,0,0,49,0,0,0,0,0,0,0,0,0,0,0,0,_history_graveyard,0,0,0,0,0,0,0,0,0,0,0,0,0,0,0,0,0,0,0,0,0,0,0,0,0,0
99,10018649925317144938,43063,86008,0,86010,0,0,42991,0,0,0,0,0,0,0,0,0,0,0,0,0,0,0,50292,0,2071,1168442,0,0,0,271950,0,8790,0,50,57,0,0,0,0,0,117517,0,0,0,0,0,neworder,90237,8789,0,0,0,0,0,3956,22,0,0,86348,3956,95137,0,0,95136,0,1818,0,0,0,0,0,0,0
99,10018649925317144938,0,0,0,0,0,0,0,0,0,0,0,0,0,0,0,0,0,0,0,0,0,0,0,0,0,0,0,0,0,0,0,0,0,51,0,0,0,0,0,0,0,0,0,0,0,0,_neworder_graveyard,0,0,0,0,0,0,0,0,0,0,0,0,0,0,0,0,0,0,0,0,0,0,0,0,0,0
99,10018649925317144938,43498,0,0,0,0,0,42556,0,0,0,0,0,0,0,0,0,0,0,0,0,0,0,0,0,4234,832020,0,0,0,187801,0,0,0,52,0,0,0,0,0,0,0,0,0,86054,0,0,order,0,0,0,0,0,0,0,4235,0,0,0,0,4235,89539,0,0,89538,0,0,0,0,0,86054,0,0,0
99,10018649925317144938,0,0,0,0,0,0,0,0,0,0,0,0,0,0,0,0,0,0,0,0,0,0,0,0,0,0,0,0,0,0,0,0,0,53,0,0,0,0,0,0,0,0,0,0,0,0,_order_graveyard,0,0,0,0,0,0,0,0,0,0,0,0,0,0,0,0,0,0,0,0,0,0,0,0,0,0
99,10018649925317144938,0,0,0,0,0,0,0,0,0,0,0,0,0,0,0,0,3488,0,0,0,0,0,0,0,1377,307128,0,0,0,98887,0,0,0,54,0,0,0,0,0,0,3489,0,0,0,0,0,order_wdc,0,0,0,0,0,0,0,1414,0,0,0,0,1414,3489,0,0,3489,0,0,0,0,0,0,0,0,0
99,10018649925317144938,0,0,0,0,0,0,0,0,0,0,0,0,0,0,0,0,0,0,0,0,0,0,0,0,0,0,0,0,0,0,0,0,0,55,0,0,0,0,0,0,0,0,0,0,0,0,_order_wdc_graveyard,0,0,0,0,0,0,0,0,0,0,0,0,0,0,0,0,0,0,0,0,0,0,0,0,0,0
99,10018649925317144938,435084,0,0,0,0,0,425202,0,0,0,0,0,0,0,0,0,0,0,0,0,0,0,98633,0,57868,7605238,0,0,0,1888954,0,869,0,56,0,0,0,0,0,0,12357,0,0,860307,0,0,orderline,1793294,869,0,0,0,0,0,58642,0,0,0,12289,58642,1805522,0,0,1805510,0,0,0,0,0,860324,0,0,0
99,10018649925317144938,0,0,0,0,0,0,0,0,0,0,0,0,0,0,0,0,0,0,0,0,0,0,0,0,0,0,0,0,0,0,0,0,0,57,0,0,0,0,0,0,0,0,0,0,0,0,_orderline_graveyard,0,0,0,0,0,0,0,0,0,0,0,0,0,0,0,0,0,0,0,0,0,0,0,0,0,0
99,10018649925317144938,0,0,0,0,0,0,0,0,0,0,0,0,0,0,0,0,0,0,0,0,0,0,0,0,0,1941666,0,0,0,0,0,0,0,58,0,0,0,0,0,0,0,0,0,0,0,0,item,0,0,0,0,0,0,0,0,0,0,0,0,0,970879,0,0,970884,0,0,0,0,0,0,0,0,0
100,10018649925317144938,0,0,0,0,0,0,0,0,0,0,0,0,0,0,0,0,0,0,0,0,0,0,0,0,0,0,0,0,0,0,0,0,0,61,0,0,0,0,0,0,0,0,0,0,0,0,_stock_graveyard,0,0,0,0,0,0,0,0,0,0,0,0,0,0,0,0,0,0,0,0,0,0,0,0,0,0
100,10018649925317144938,515749,0,0,0,0,0,503171,0,0,0,0,0,0,0,0,0,0,0,0,0,0,0,0,0,0,15479619,0,0,0,1019967,0,0,0,60,0,0,0,0,0,0,1099,0,0,1018931,0,0,stock,0,0,0,0,0,0,0,0,0,0,0,0,0,2848914,0,0,2848919,0,0,0,0,0,1018942,0,0,0
100,10018649925317144938,0,0,0,0,0,0,0,0,0,0,0,0,0,0,0,0,0,0,0,0,0,0,0,0,0,0,0,0,0,0,0,0,0,59,0,0,0,0,0,0,0,0,0,0,0,0,_item_graveyard,0,0,0,0,0,0,0,0,0,0,0,0,0,0,0,0,0,0,0,0,0,0,0,0,0,0
100,10018649925317144938,0,0,0,0,0,0,0,0,0,0,0,0,0,0,0,0,0,0,0,0,0,0,337,0,2425,69545,0,0,0,69332,0,0,0,28,337,862,0,0,0,0,212,0,0,0,0,2753,_history_tree_14_updates,2056,0,0,0,0,0,0,5209,2753,0,0,0,7962,0,0,0,0,0,2447,0,0,0,0,0,0,0
100,10018649925317144938,0,0,0,0,0,0,0,0,0,0,0,0,0,0,0,0,0,0,0,0,0,0,989,0,4,9275,0,0,0,9257,0,0,0,27,2762,1,0,0,0,0,18,0,0,0,0,2766,_history_tree_13_removes,3225,0,0,0,0,0,0,2770,2766,0,0,0,5536,0,0,0,0,0,4,0,0,0,0,0,0,0
100,10018649925317144938,0,0,0,0,0,0,0,0,0,0,0,0,0,0,0,0,0,0,0,0,0,0,328,0,2436,69495,0,0,0,69281,0,0,0,26,328,789,0,0,0,0,214,0,0,0,0,2739,_history_tree_13_updates,2099,0,0,0,0,0,0,5193,2739,0,0,0,7932,0,0,0,0,0,2429,0,0,0,0,0,0,0
100,10018649925317144938,0,0,0,0,0,0,0,0,0,0,0,0,0,0,0,0,0,0,0,0,0,0,1140,0,6,9914,0,0,0,9894,0,0,0,25,2728,2,0,0,0,0,20,0,0,0,0,2733,_history_tree_12_removes,3218,0,0,0,0,0,0,2739,2733,0,0,0,5472,0,0,0,0,0,5,0,0,0,0,0,0,0
100,10018649925317144938,0,0,0,0,0,0,0,0,0,0,0,0,0,0,0,0,0,0,0,0,0,0,339,0,2468,71109,0,0,0,70908,0,0,0,24,339,846,0,0,0,0,200,0,0,0,0,2760,_history_tree_12_updates,2069,0,0,0,0,0,0,5253,2760,0,0,0,8013,0,0,0,0,0,2446,0,0,0,0,0,0,0
100,10018649925317144938,0,0,0,0,0,0,0,0,0,0,0,0,0,0,0,0,0,0,0,0,0,0,1042,0,9,9685,0,0,0,9672,0,0,0,23,2666,3,0,0,0,0,13,0,0,0,0,2673,_history_tree_11_removes,3147,0,0,0,0,0,0,2682,2673,0,0,0,5355,0,0,0,0,0,7,0,0,0,0,0,0,0
100,10018649925317144938,0,0,0,0,0,0,0,0,0,0,0,0,0,0,0,0,0,0,0,0,0,0,398,0,2463,70898,0,0,0,70664,0,0,0,22,398,882,0,0,0,0,234,0,0,0,0,2814,_history_tree_11_updates,2107,0,0,0,0,0,0,5309,2814,0,0,0,8123,0,0,0,0,0,2448,0,0,0,0,0,0,0
100,10018649925317144938,0,0,0,0,0,0,0,0,0,0,0,0,0,0,0,0,0,0,0,0,0,0,1096,0,6,9610,0,0,0,9592,0,0,0,21,2745,1,0,0,0,0,18,0,0,0,0,2751,_history_tree_10_removes,3245,0,0,0,0,0,0,2757,2751,0,0,0,5508,0,0,0,0,0,6,0,0,0,0,0,0,0
100,10018649925317144938,0,0,0,0,0,0,0,0,0,0,0,0,0,0,0,0,0,0,0,0,0,0,367,0,2447,70237,0,0,0,70017,0,0,0,20,367,802,0,0,0,0,220,0,0,0,0,2794,_history_tree_10_updates,2125,0,0,0,0,0,0,5241,2794,0,0,0,8035,0,0,0,0,0,2427,0,0,0,0,0,0,0
100,10018649925317144938,0,0,0,0,0,0,0,0,0,0,0,0,0,0,0,0,0,0,0,0,0,0,990,0,8,9403,0,0,0,9388,0,0,0,19,2721,3,0,0,0,0,15,0,0,0,0,2728,_history_tree_9_removes,3166,0,0,0,0,0,0,2736,2728,0,0,0,5464,0,0,0,0,0,7,0,0,0,0,0,0,0
100,10018649925317144938,0,0,0,0,0,0,0,0,0,0,0,0,0,0,0,0,0,0,0,0,0,0,349,0,2429,69448,0,0,0,69209,0,0,0,18,349,814,0,0,0,0,239,0,0,0,0,2715,_history_tree_9_updates,2053,0,0,0,0,0,0,5178,2715,0,0,0,7893,0,0,0,0,0,2400,0,0,0,0,0,0,0
100,10018649925317144938,0,0,0,0,0,0,0,0,0,0,0,0,0,0,0,0,0,0,0,0,0,0,1065,0,5,9585,0,0,0,9574,0,0,0,17,2759,1,0,0,0,0,11,0,0,0,0,2763,_history_tree_8_removes,3227,0,0,0,0,0,0,2768,2763,0,0,0,5531,0,0,0,0,0,4,0,0,0,0,0,0,0
100,10018649925317144938,0,0,0,0,0,0,0,0,0,0,0,0,0,0,0,0,0,0,0,0,0,0,354,0,2448,70268,0,0,0,70022,0,0,0,16,354,825,0,0,0,0,242,0,0,0,0,2766,_history_tree_8_updates,2079,0,0,0,0,0,0,5223,2766,0,0,0,7989,0,0,0,0,0,2421,0,0,0,0,0,0,0
100,10018649925317144938,0,0,0,0,0,0,0,0,0,0,0,0,0,0,0,0,0,0,0,0,0,0,1005,0,7,9657,0,0,0,9642,0,0,0,15,2688,3,0,0,0,0,15,0,0,0,0,2695,_history_tree_7_removes,3194,0,0,0,0,0,0,2702,2695,0,0,0,5397,0,0,0,0,0,7,0,0,0,0,0,0,0
100,10018649925317144938,0,0,0,0,0,0,0,0,0,0,0,0,0,0,0,0,0,0,0,0,0,0,369,0,2424,69626,0,0,0,69406,0,0,0,14,369,871,0,0,0,0,218,0,0,0,0,2786,_history_tree_7_updates,2106,0,0,0,0,0,0,5245,2786,0,0,0,8031,0,0,0,0,0,2452,0,0,0,0,0,0,0
100,10018649925317144938,0,0,0,0,0,0,0,0,0,0,0,0,0,0,0,0,0,0,0,0,0,0,1053,0,11,9715,0,0,0,9706,0,0,0,13,2742,6,0,0,0,0,9,0,0,0,0,2750,_history_tree_6_removes,3241,0,0,0,0,0,0,2761,2750,0,0,0,5511,0,0,0,0,0,9,0,0,0,0,0,0,0
100,10018649925317144938,0,0,0,0,0,0,0,0,0,0,0,0,0,22871822,23465569,0,0,0,0,0,0,0,356,0,2451,70139,0,0,0,69911,0,0,0,0,356,812,0,0,0,0,224,0,0,0,0,2699,_history_tree_0_updates,2055,0,1541782,0,0,0,0,5197,2699,0,0,0,7896,0,0,0,0,0,2392,0,0,0,0,731043,0,0
100,10018649925317144938,0,0,0,0,0,0,0,0,0,0,0,0,0,0,0,0,0,0,0,0,0,0,987,0,9,9378,0,0,0,9365,0,0,0,1,2654,4,0,0,0,0,12,0,0,0,0,2661,_history_tree_0_removes,3120,0,0,0,0,0,0,2670,2661,0,0,0,5331,0,0,0,0,0,7,0,0,0,0,0,0,0
100,10018649925317144938,0,0,0,0,0,0,0,0,0,0,0,0,0,0,0,0,0,0,0,0,0,0,338,0,2440,69713,0,0,0,69497,0,0,0,2,338,794,0,0,0,0,214,0,0,0,0,2720,_history_tree_1_updates,2076,0,0,0,0,0,0,5176,2720,0,0,0,7896,0,0,0,0,0,2399,0,0,0,0,0,0,0
100,10018649925317144938,0,0,0,0,0,0,0,0,0,0,0,0,0,0,0,0,0,0,0,0,0,0,1014,0,8,9416,0,0,0,9398,0,0,0,3,2747,2,0,0,0,0,18,0,0,0,0,2754,_history_tree_1_removes,3213,0,0,0,0,0,0,2762,2754,0,0,0,5516,0,0,0,0,0,7,0,0,0,0,0,0,0
100,10018649925317144938,0,0,0,0,0,0,0,0,0,0,0,0,0,0,0,0,0,0,0,0,0,0,330,0,2483,71726,0,0,0,71519,0,0,0,4,330,851,0,0,0,0,203,0,0,0,0,2718,_history_tree_2_updates,2046,0,0,0,0,0,0,5239,2718,0,0,0,7957,0,0,0,0,0,2427,0,0,0,0,0,0,0
100,10018649925317144938,0,0,0,0,0,0,0,0,0,0,0,0,0,0,0,0,0,0,0,0,0,0,1086,0,8,10030,0,0,0,10019,0,0,0,5,2671,3,0,0,0,0,11,0,0,0,0,2677,_history_tree_2_removes,3144,0,0,0,0,0,0,2685,2677,0,0,0,5362,0,0,0,0,0,6,0,0,0,0,0,0,0
100,10018649925317144938,0,0,0,0,0,0,0,0,0,0,0,0,0,0,0,0,0,0,0,0,0,0,334,0,2449,69867,0,0,0,69637,0,0,0,6,334,795,0,0,0,0,230,0,0,0,0,2715,_history_tree_3_updates,2079,0,0,0,0,0,0,5178,2713,0,0,0,7891,0,0,0,0,0,2395,0,0,0,0,0,0,0
100,10018649925317144938,0,0,0,0,0,0,0,0,0,0,0,0,0,0,0,0,0,0,0,0,0,0,1029,0,4,9300,0,0,0,9286,0,0,0,7,2706,1,0,0,0,0,14,0,0,0,0,2709,_history_tree_3_removes,3193,0,0,0,0,0,0,2713,2709,0,0,0,5422,0,0,0,0,0,3,0,0,0,0,0,0,0
100,10018649925317144938,0,0,0,0,0,0,0,0,0,0,0,0,0,0,0,0,0,0,0,0,0,0,349,0,2427,69378,0,0,0,69171,0,0,0,8,349,800,0,0,0,0,207,0,0,0,0,2720,_history_tree_4_updates,2056,0,0,0,0,0,0,5163,2720,0,0,0,7883,0,0,0,0,0,2388,0,0,0,0,0,0,0
100,10018649925317144938,0,0,0,0,0,0,0,0,0,0,0,0,0,0,0,0,0,0,0,0,0,0,990,0,6,9326,0,0,0,9308,0,0,0,9,2684,2,0,0,0,0,18,0,0,0,0,2689,_history_tree_4_removes,3148,0,0,0,0,0,0,2694,2688,0,0,0,5382,0,0,0,0,0,5,0,0,0,0,0,0,0
100,10018649925317144938,0,0,0,0,0,0,0,0,0,0,0,0,0,0,0,0,0,0,0,0,0,0,320,0,2414,68950,0,0,0,68729,0,0,0,10,320,759,0,0,0,0,221,0,0,0,0,2706,_history_tree_5_updates,2076,0,0,0,0,0,0,5121,2706,0,0,0,7827,0,0,0,0,0,2387,0,0,0,0,0,0,0
100,10018649925317144938,0,0,0,0,0,0,0,0,0,0,0,0,0,0,0,0,0,0,0,0,0,0,990,0,4,9168,0,0,0,9151,0,0,0,11,2681,0,0,0,0,0,17,0,0,0,0,2685,_history_tree_5_removes,3144,0,0,0,0,0,0,2689,2685,0,0,0,5374,0,0,0,0,0,4,0,0,0,0,0,0,0
100,10018649925317144938,0,0,0,0,0,0,0,0,0,0,0,0,0,0,0,0,0,0,0,0,0,0,332,0,2480,71081,0,0,0,70903,0,0,0,12,332,816,0,0,0,0,178,0,0,0,0,2655,_history_tree_6_updates,2077,0,0,0,0,0,0,5230,2655,0,0,0,7885,0,0,0,0,0,2417,0,0,0,0,0,0,0
100,10018649925317144938,0,0,0,0,0,0,0,0,0,0,0,0,0,0,0,0,0,0,0,0,0,0,1007,0,6,9465,0,0,0,9440,0,0,0,29,2682,2,0,0,0,0,25,0,0,0,0,2687,_history_tree_14_removes,3139,0,0,0,0,0,0,2693,2687,0,0,0,5380,0,0,0,0,0,5,0,0,0,0,0,0,0
100,10018649925317144938,0,0,0,0,0,0,0,0,0,0,0,0,0,0,0,0,0,0,0,0,0,0,333,0,2446,70378,0,0,0,70166,0,0,0,30,331,804,0,0,0,0,212,0,0,0,0,2725,_history_tree_15_updates,2075,0,0,0,0,0,0,5182,2725,0,0,0,7907,0,0,0,0,0,2405,0,0,0,0,0,0,0
100,10018649925317144938,0,0,0,0,0,0,0,0,0,0,0,0,0,0,0,0,0,0,0,0,0,0,1070,0,7,9636,0,0,0,9617,0,0,0,31,2698,1,0,0,0,0,19,0,0,0,0,2703,_history_tree_15_removes,3177,0,0,0,0,0,0,2710,2703,0,0,0,5413,0,0,0,0,0,5,0,0,0,0,0,0,0
100,10018649925317144938,0,0,0,0,0,0,0,0,0,0,0,0,0,0,0,0,0,0,0,0,0,0,355,0,2415,68990,0,0,0,68783,0,0,0,32,355,831,0,0,0,0,206,0,0,0,0,2712,_history_tree_16_updates,2035,0,0,0,0,0,0,5156,2712,0,0,0,7868,0,0,0,0,0,2386,0,0,0,0,0,0,0
100,10018649925317144938,0,0,0,0,0,0,0,0,0,0,0,0,0,0,0,0,0,0,0,0,0,0,954,0,11,9100,0,0,0,9084,0,0,0,33,2605,5,0,0,0,0,16,0,0,0,0,2615,_history_tree_16_removes,3048,0,0,0,0,0,0,2626,2615,0,0,0,5241,0,0,0,0,0,10,0,0,0,0,0,0,0
100,10018649925317144938,0,0,0,0,0,0,0,0,0,0,0,0,0,0,0,0,0,0,0,0,0,0,391,0,2395,147542,0,0,0,73528,0,0,0,34,10865,2731,0,0,0,0,241,0,0,0,0,6506,_history_tree_17_updates,4094,0,0,0,0,0,0,15598,13007,1,0,0,22102,0,0,0,0,0,2342,0,0,0,0,0,0,0
100,10018649925317144938,0,0,0,0,0,0,0,0,0,0,0,0,0,0,0,0,0,0,0,0,0,0,933,0,16,9597,0,0,0,9575,0,0,0,35,2541,10,0,0,0,0,22,0,0,0,0,2555,_history_tree_17_removes,2975,0,0,0,0,0,0,2571,2555,0,0,0,5126,0,0,0,0,0,15,0,0,0,0,0,0,0
100,10018649925317144938,0,0,0,0,0,0,0,0,0,0,0,0,0,0,0,0,0,0,0,0,0,0,349,0,2403,68688,0,0,0,68445,0,0,0,36,349,764,0,0,0,0,242,0,0,0,0,2701,_history_tree_18_updates,2066,0,0,0,0,0,0,5112,2701,0,0,0,7813,0,0,0,0,0,2360,0,0,0,0,0,0,0
100,10018649925317144938,0,0,0,0,0,0,0,0,0,0,0,0,0,0,0,0,0,0,0,0,0,0,982,0,7,9120,0,0,0,9106,0,0,0,37,2712,2,0,0,0,0,14,0,0,0,0,2717,_history_tree_18_removes,3179,0,0,0,0,0,0,2724,2717,0,0,0,5441,0,0,0,0,0,5,0,0,0,0,0,0,0
100,10018649925317144938,0,0,0,0,0,0,0,0,0,0,0,0,0,0,0,0,0,0,0,0,0,0,379,0,2379,68289,0,0,0,68054,0,0,0,38,379,757,0,0,0,0,234,0,0,0,0,2723,_history_tree_19_updates,2142,0,0,0,0,0,0,5137,2723,0,0,0,7860,0,0,0,0,0,2379,0,0,0,0,0,0,0
100,10018649925317144938,0,0,0,0,0,0,0,0,0,0,0,0,0,0,0,0,0,0,0,0,0,0,996,0,4,9248,0,0,0,9235,0,0,0,39,2738,2,0,0,0,0,13,0,0,0,0,2742,_history_tree_19_removes,3214,0,0,0,0,0,0,2746,2742,0,0,0,5488,0,0,0,0,0,4,0,0,0,0,0,0,0
100,10018649925317144938,50773,0,0,0,0,0,46992,0,0,0,0,0,0,0,0,0,0,0,0,0,0,0,0,0,0,304330,0,0,0,99866,0,0,0,40,0,0,0,0,0,0,2225,0,0,97758,0,0,warehouse,0,0,0,0,0,0,0,0,0,0,0,0,0,201946,0,0,201946,0,0,0,0,0,97756,0,0,0
100,10018649925317144938,0,0,0,0,0,0,0,0,0,0,0,0,0,0,0,0,0,0,0,0,0,0,0,0,0,0,0,0,0,0,0,0,0,41,0,0,0,0,0,0,0,0,0,0,0,0,_warehouse_graveyard,0,0,0,0,0,0,0,0,0,0,0,0,0,0,0,0,0,0,0,0,0,0,0,0,0,0
100,10018649925317144938,100406,0,0,0,0,0,98227,0,0,0,0,0,0,0,0,0,0,0,0,0,0,0,0,0,0,308905,0,0,0,200938,0,0,0,42,0,0,0,0,0,0,1050,0,0,198608,0,0,district,0,0,0,0,0,0,0,0,0,0,0,0,0,106857,0,0,106855,0,0,0,0,0,198590,0,0,0
100,10018649925317144938,0,0,0,0,0,0,0,0,0,0,0,0,0,0,0,0,0,0,0,0,0,0,0,0,0,0,0,0,0,0,0,0,0,43,0,0,0,0,0,0,0,0,0,0,0,0,_district_graveyard,0,0,0,0,0,0,0,0,0,0,0,0,0,0,0,0,0,0,0,0,0,0,0,0,0,0
100,10018649925317144938,64779,0,0,0,0,0,61883,0,0,0,0,0,0,0,0,0,0,0,0,0,0,0,0,0,0,815965,0,0,0,126660,0,0,0,44,0,0,0,0,0,0,9,0,0,126651,0,0,customer,0,0,0,0,0,0,0,0,0,0,0,0,0,145309,0,0,145310,0,0,0,0,0,126643,0,0,0
100,10018649925317144938,0,0,0,0,0,0,0,0,0,0,0,0,0,0,0,0,0,0,0,0,0,0,0,0,0,0,0,0,0,0,0,0,0,45,0,0,0,0,0,0,0,0,0,0,0,0,_customer_graveyard,0,0,0,0,0,0,0,0,0,0,0,0,0,0,0,0,0,0,0,0,0,0,0,0,0,0
100,10018649925317144938,0,0,0,0,0,0,0,0,0,0,0,0,0,0,0,0,0,0,0,0,0,0,0,0,0,190327,0,0,0,0,0,0,0,46,0,0,0,0,0,0,63441,0,0,0,0,0,customerwdl,0,0,0,0,0,0,0,0,0,0,0,63439,0,63440,0,0,63439,0,0,0,0,0,0,0,0,0
100,10018649925317144938,0,0,0,0,0,0,0,0,0,0,0,0,0,0,0,0,0,0,0,0,0,0,0,0,0,0,0,0,0,0,0,0,0,47,0,0,0,0,0,0,0,0,0,0,0,0,_customerwdl_graveyard,0,0,0,0,0,0,0,0,0,0,0,0,0,0,0,0,0,0,0,0,0,0,0,0,0,0
100,10018649925317144938,0,0,0,0,0,0,0,0,0,0,0,0,0,0,0,0,0,0,0,0,0,0,0,0,2300,123048,0,0,0,41016,0,0,0,48,0,0,0,0,0,0,0,0,0,0,0,0,history,0,0,0,0,0,0,0,2324,0,0,0,0,2324,0,0,0,0,0,0,0,0,0,0,0,0,0
100,10018649925317144938,0,0,0,0,0,0,0,0,0,0,0,0,0,0,0,0,0,0,0,0,0,0,0,0,0,0,0,0,0,0,0,0,0,49,0,0,0,0,0,0,0,0,0,0,0,0,_history_graveyard,0,0,0,0,0,0,0,0,0,0,0,0,0,0,0,0,0,0,0,0,0,0,0,0,0,0
100,10018649925317144938,43969,86402,0,86400,0,0,43865,0,0,0,0,0,0,0,0,0,0,0,0,0,0,0,51697,0,2138,1196701,0,0,0,278607,0,11136,0,50,33,0,0,0,0,0,120268,0,0,0,0,0,neworder,94942,11136,0,0,0,0,0,3995,26,2,0,88136,3995,99271,0,0,99269,0,1820,0,0,0,0,0,0,0
100,10018649925317144938,0,0,0,0,0,0,0,0,0,0,0,0,0,0,0,0,0,0,0,0,0,0,0,0,0,0,0,0,0,0,0,0,0,51,0,0,0,0,0,0,0,0,0,0,0,0,_neworder_graveyard,0,0,0,0,0,0,0,0,0,0,0,0,0,0,0,0,0,0,0,0,0,0,0,0,0,0
100,10018649925317144938,44525,0,0,0,0,0,43268,0,0,0,0,0,0,0,0,0,0,0,0,0,0,0,0,0,4454,856554,0,0,0,194147,0,0,0,52,0,0,0,0,0,0,0,0,0,87784,0,0,order,0,0,0,0,0,0,0,4462,0,0,0,0,4462,91362,0,0,91362,0,0,0,0,0,87779,0,0,0
100,10018649925317144938,0,0,0,0,0,0,0,0,0,0,0,0,0,0,0,0,0,0,0,0,0,0,0,0,0,0,0,0,0,0,0,0,0,53,0,0,0,0,0,0,0,0,0,0,0,0,_order_graveyard,0,0,0,0,0,0,0,0,0,0,0,0,0,0,0,0,0,0,0,0,0,0,0,0,0,0
100,10018649925317144938,0,0,0,0,0,0,0,0,0,0,0,0,0,0,0,0,3579,0,0,0,0,0,0,0,1397,320562,0,0,0,103275,0,0,0,54,0,0,0,0,0,0,3578,0,0,0,0,0,order_wdc,0,0,0,0,0,0,0,1440,0,0,0,0,1440,3578,0,0,3578,0,0,0,0,0,0,0,0,0
100,10018649925317144938,0,0,0,0,0,0,0,0,0,0,0,0,0,0,0,0,0,0,0,0,0,0,0,0,0,0,0,0,0,0,0,0,0,55,0,0,0,0,0,0,0,0,0,0,0,0,_order_wdc_graveyard,0,0,0,0,0,0,0,0,0,0,0,0,0,0,0,0,0,0,0,0,0,0,0,0,0,0
100,10018649925317144938,444275,0,0,0,0,0,434318,0,0,0,0,0,0,0,0,0,0,0,0,0,0,0,102174,0,60449,7861572,0,0,0,1952634,0,962,0,56,0,0,0,0,0,0,12754,0,0,878569,0,0,orderline,1857490,962,0,0,0,0,0,61264,0,0,0,12690,61263,1870119,0,0,1870105,0,0,0,0,0,878547,0,0,0
100,10018649925317144938,0,0,0,0,0,0,0,0,0,0,0,0,0,0,0,0,0,0,0,0,0,0,0,0,0,0,0,0,0,0,0,0,0,57,0,0,0,0,0,0,0,0,0,0,0,0,_orderline_graveyard,0,0,0,0,0,0,0,0,0,0,0,0,0,0,0,0,0,0,0,0,0,0,0,0,0,0
100,10018649925317144938,0,0,0,0,0,0,0,0,0,0,0,0,0,0,0,0,0,0,0,0,0,0,0,0,0,2026483,0,0,0,0,0,0,0,58,0,0,0,0,0,0,0,0,0,0,0,0,item,0,0,0,0,0,0,0,0,0,0,0,0,0,1013118,0,0,1013109,0,0,0,0,0,0,0,0,0
101,10018649925317144938,0,0,0,0,0,0,0,0,0,0,0,0,0,0,0,0,0,0,0,0,0,0,0,0,0,0,0,0,0,0,0,0,0,61,0,0,0,0,0,0,0,0,0,0,0,0,_stock_graveyard,0,0,0,0,0,0,0,0,0,0,0,0,0,0,0,0,0,0,0,0,0,0,0,0,0,0
101,10018649925317144938,508107,0,0,0,0,0,495755,0,0,0,0,0,0,0,0,0,0,0,0,0,0,0,0,0,0,15368146,0,0,0,1004741,0,0,0,60,0,0,0,0,0,0,1102,0,0,1003886,0,0,stock,0,0,0,0,0,0,0,0,0,0,0,0,0,2836294,0,0,2836297,0,0,0,0,0,1003887,0,0,0
101,10018649925317144938,0,0,0,0,0,0,0,0,0,0,0,0,0,0,0,0,0,0,0,0,0,0,0,0,0,0,0,0,0,0,0,0,0,59,0,0,0,0,0,0,0,0,0,0,0,0,_item_graveyard,0,0,0,0,0,0,0,0,0,0,0,0,0,0,0,0,0,0,0,0,0,0,0,0,0,0
101,10018649925317144938,0,0,0,0,0,0,0,0,0,0,0,0,0,0,0,0,0,0,0,0,0,0,353,0,2393,68728,0,0,0,68501,0,0,0,28,353,830,0,0,0,0,228,0,0,0,0,2744,_history_tree_14_updates,2045,0,0,0,0,0,0,5142,2744,0,0,0,7886,0,0,0,0,0,2396,0,0,0,0,0,0,0
101,10018649925317144938,0,0,0,0,0,0,0,0,0,0,0,0,0,0,0,0,0,0,0,0,0,0,975,0,3,9030,0,0,0,9017,0,0,0,27,2635,0,0,0,0,0,13,0,0,0,0,2638,_history_tree_13_removes,3097,0,0,0,0,0,0,2641,2638,0,0,0,5279,0,0,0,0,0,3,0,0,0,0,0,0,0
101,10018649925317144938,0,0,0,0,0,0,0,0,0,0,0,0,0,0,0,0,0,0,0,0,0,0,358,0,2383,68012,0,0,0,67801,0,0,0,26,358,817,0,0,0,0,210,0,0,0,0,2723,_history_tree_13_updates,2067,0,0,0,0,0,0,5133,2723,0,0,0,7856,0,0,0,0,0,2392,0,0,0,0,0,0,0
101,10018649925317144938,0,0,0,0,0,0,0,0,0,0,0,0,0,0,0,0,0,0,0,0,0,0,1024,0,5,9398,0,0,0,9385,0,0,0,25,2629,2,0,0,0,0,13,0,0,0,0,2635,_history_tree_12_removes,3079,0,0,0,0,0,0,2640,2635,0,0,0,5275,0,0,0,0,0,6,0,0,0,0,0,0,0
101,10018649925317144938,0,0,0,0,0,0,0,0,0,0,0,0,0,0,0,0,0,0,0,0,0,0,358,0,2406,69031,0,0,0,68822,0,0,0,24,358,869,0,0,0,0,207,0,0,0,0,2759,_history_tree_12_updates,2032,0,0,0,0,0,0,5184,2759,0,0,0,7943,0,0,0,0,0,2420,0,0,0,0,0,0,0
101,10018649925317144938,0,0,0,0,0,0,0,0,0,0,0,0,0,0,0,0,0,0,0,0,0,0,1062,0,5,9622,0,0,0,9615,0,0,0,23,2646,2,0,0,0,0,7,0,0,0,0,2653,_history_tree_11_removes,3109,0,0,0,0,0,0,2658,2653,0,0,0,5311,0,0,0,0,0,7,0,0,0,0,0,0,0
101,10018649925317144938,0,0,0,0,0,0,0,0,0,0,0,0,0,0,0,0,0,0,0,0,0,0,339,0,2413,69331,0,0,0,69110,0,0,0,22,339,847,0,0,0,0,220,0,0,0,0,2768,_history_tree_11_updates,2059,0,0,0,0,0,0,5191,2768,0,0,0,7959,0,0,0,0,0,2439,0,0,0,0,0,0,0
101,10018649925317144938,0,0,0,0,0,0,0,0,0,0,0,0,0,0,0,0,0,0,0,0,0,0,1021,0,6,9496,0,0,0,9487,0,0,0,21,2672,3,0,0,0,0,9,0,0,0,0,2679,_history_tree_10_removes,3149,0,0,0,0,0,0,2685,2679,0,0,0,5364,0,0,0,0,0,7,0,0,0,0,0,0,0
101,10018649925317144938,0,0,0,0,0,0,0,0,0,0,0,0,0,0,0,0,0,0,0,0,0,0,339,0,2409,69121,0,0,0,68910,0,0,0,20,339,834,0,0,0,0,211,0,0,0,0,2752,_history_tree_10_updates,2079,0,0,0,0,0,0,5183,2752,0,0,0,7935,0,0,0,0,0,2435,0,0,0,0,0,0,0
101,10018649925317144938,0,0,0,0,0,0,0,0,0,0,0,0,0,0,0,0,0,0,0,0,0,0,1010,0,8,9587,0,0,0,9562,0,0,0,19,2613,4,0,0,0,0,24,0,0,0,0,2621,_history_tree_9_removes,3047,0,0,0,0,0,0,2629,2621,0,0,0,5250,0,0,0,0,0,8,0,0,0,0,0,0,0
101,10018649925317144938,0,0,0,0,0,0,0,0,0,0,0,0,0,0,0,0,0,0,0,0,0,0,363,0,2432,69681,0,0,0,69487,0,0,0,18,363,910,0,0,0,0,193,0,0,0,0,2764,_history_tree_9_updates,2021,0,0,0,0,0,0,5250,2764,0,0,0,8014,0,0,0,0,0,2455,0,0,0,0,0,0,0
101,10018649925317144938,0,0,0,0,0,0,0,0,0,0,0,0,0,0,0,0,0,0,0,0,0,0,1007,0,3,9189,0,0,0,9173,0,0,0,17,2656,1,0,0,0,0,16,0,0,0,0,2660,_history_tree_8_removes,3121,0,0,0,0,0,0,2663,2660,0,0,0,5323,0,0,0,0,0,4,0,0,0,0,0,0,0
101,10018649925317144938,0,0,0,0,0,0,0,0,0,0,0,0,0,0,0,0,0,0,0,0,0,0,339,0,2395,68475,0,0,0,68253,0,0,0,16,339,793,0,0,0,0,222,0,0,0,0,2731,_history_tree_8_updates,2072,0,0,0,0,0,0,5131,2731,0,0,0,7862,0,0,0,0,0,2397,0,0,0,0,0,0,0
101,10018649925317144938,0,0,0,0,0,0,0,0,0,0,0,0,0,0,0,0,0,0,0,0,0,0,1008,0,5,9138,0,0,0,9127,0,0,0,15,2632,1,0,0,0,0,11,0,0,0,0,2638,_history_tree_7_removes,3066,0,0,0,0,0,0,2643,2638,0,0,0,5281,0,0,0,0,0,6,0,0,0,0,0,0,0
101,10018649925317144938,0,0,0,0,0,0,0,0,0,0,0,0,0,0,0,0,0,0,0,0,0,0,365,0,2389,68237,0,0,0,68029,0,0,0,14,365,805,0,0,0,0,208,0,0,0,0,2720,_history_tree_7_updates,2039,0,0,0,0,0,0,5119,2720,0,0,0,7839,0,0,0,0,0,2365,0,0,0,0,0,0,0
101,10018649925317144938,0,0,0,0,0,0,0,0,0,0,0,0,0,0,0,0,0,0,0,0,0,0,966,0,9,9197,0,0,0,9180,0,0,0,13,2599,8,0,0,0,0,17,0,0,0,0,2610,_history_tree_6_removes,3020,0,0,0,0,0,0,2619,2610,0,0,0,5229,0,0,0,0,0,11,0,0,0,0,0,0,0
101,10018649925317144938,0,0,0,0,0,0,0,0,0,0,0,0,0,22626118,23217686,0,0,0,0,0,0,0,330,0,2420,69793,0,0,0,69575,0,0,0,0,330,861,0,0,0,0,218,0,0,0,0,2765,_history_tree_0_updates,2071,0,1518482,0,0,0,0,5228,2765,0,0,0,7993,0,0,0,0,0,2478,0,0,0,0,719638,0,0
101,10018649925317144938,0,0,0,0,0,0,0,0,0,0,0,0,0,0,0,0,0,0,0,0,0,0,1056,0,5,9838,0,0,0,9820,0,0,0,1,2647,4,0,0,0,0,18,0,0,0,0,2654,_history_tree_0_removes,3110,0,0,0,0,0,0,2659,2654,0,0,0,5313,0,0,0,0,0,7,0,0,0,0,0,0,0
101,10018649925317144938,0,0,0,0,0,0,0,0,0,0,0,0,0,0,0,0,0,0,0,0,0,0,379,0,2415,69665,0,0,0,69449,0,0,0,2,379,860,0,0,0,0,215,0,0,0,0,2783,_history_tree_1_updates,2046,0,0,0,0,0,0,5213,2783,0,0,0,7996,0,0,0,0,0,2419,0,0,0,0,0,0,0
101,10018649925317144938,0,0,0,0,0,0,0,0,0,0,0,0,0,0,0,0,0,0,0,0,0,0,1031,0,9,9645,0,0,0,9623,0,0,0,3,2588,2,0,0,0,0,21,0,0,0,0,2596,_history_tree_1_removes,3031,0,0,0,0,0,0,2605,2596,0,0,0,5201,0,0,0,0,0,8,0,0,0,0,0,0,0
101,10018649925317144938,0,0,0,0,0,0,0,0,0,0,0,0,0,0,0,0,0,0,0,0,0,0,355,0,2406,68962,0,0,0,68747,0,0,0,4,355,891,0,0,0,0,214,0,0,0,0,2719,_history_tree_2_updates,2012,0,0,0,0,0,0,5185,2719,0,0,0,7904,0,0,0,0,0,2424,0,0,0,0,0,0,0
101,10018649925317144938,0,0,0,0,0,0,0,0,0,0,0,0,0,0,0,0,0,0,0,0,0,0,994,0,9,9451,0,0,0,9441,0,0,0,5,2579,5,0,0,0,0,10,0,0,0,0,2589,_history_tree_2_removes,3028,0,0,0,0,0,0,2598,2589,0,0,0,5187,0,0,0,0,0,10,0,0,0,0,0,0,0
101,10018649925317144938,0,0,0,0,0,0,0,0,0,0,0,0,0,0,0,0,0,0,0,0,0,0,316,0,2394,68558,0,0,0,68356,0,0,0,6,316,846,0,0,0,0,199,0,0,0,0,2674,_history_tree_3_updates,2019,0,0,0,0,0,0,5130,2674,0,0,0,7804,0,0,0,0,0,2420,0,0,0,0,0,0,0
101,10018649925317144938,0,0,0,0,0,0,0,0,0,0,0,0,0,0,0,0,0,0,0,0,0,0,1044,0,7,9316,0,0,0,9302,0,0,0,7,2620,4,0,0,0,0,14,0,0,0,0,2627,_history_tree_3_removes,3087,0,0,0,0,0,0,2634,2627,0,0,0,5261,0,0,0,0,0,7,0,0,0,0,0,0,0
101,10018649925317144938,0,0,0,0,0,0,0,0,0,0,0,0,0,0,0,0,0,0,0,0,0,0,351,0,2392,68391,0,0,0,68158,0,0,0,8,351,821,0,0,0,0,233,0,0,0,0,2735,_history_tree_4_updates,2063,0,0,0,0,0,0,5136,2735,0,0,0,7871,0,0,0,0,0,2393,0,0,0,0,0,0,0
101,10018649925317144938,0,0,0,0,0,0,0,0,0,0,0,0,0,0,0,0,0,0,0,0,0,0,983,0,5,9127,0,0,0,9108,0,0,0,9,2624,1,0,0,0,0,19,0,0,0,0,2629,_history_tree_4_removes,3090,0,0,0,0,0,0,2634,2629,0,0,0,5263,0,0,0,0,0,5,0,0,0,0,0,0,0
101,10018649925317144938,0,0,0,0,0,0,0,0,0,0,0,0,0,0,0,0,0,0,0,0,0,0,334,0,2402,68902,0,0,0,68691,0,0,0,10,334,799,0,0,0,0,211,0,0,0,0,2727,_history_tree_5_updates,2071,0,0,0,0,0,0,5130,2727,0,0,0,7857,0,0,0,0,0,2394,0,0,0,0,0,0,0
101,10018649925317144938,0,0,0,0,0,0,0,0,0,0,0,0,0,0,0,0,0,0,0,0,0,0,1026,0,7,9358,0,0,0,9347,0,0,0,11,2662,2,0,0,0,0,11,0,0,0,0,2668,_history_tree_5_removes,3140,0,0,0,0,0,0,2675,2668,0,0,0,5343,0,0,0,0,0,6,0,0,0,0,0,0,0
101,10018649925317144938,0,0,0,0,0,0,0,0,0,0,0,0,0,0,0,0,0,0,0,0,0,0,387,0,2385,68162,0,0,0,67947,0,0,0,12,387,886,0,0,0,0,214,0,0,0,0,2696,_history_tree_6_updates,2037,0,0,0,0,0,0,5194,2696,0,0,0,7890,0,0,0,0,0,2423,0,0,0,0,0,0,0
101,10018649925317144938,0,0,0,0,0,0,0,0,0,0,0,0,0,0,0,0,0,0,0,0,0,0,1014,0,7,9448,0,0,0,9431,0,0,0,29,2656,2,0,0,0,0,17,0,0,0,0,2663,_history_tree_14_removes,3104,0,0,0,0,0,0,2670,2663,0,0,0,5333,0,0,0,0,0,7,0,0,0,0,0,0,0
101,10018649925317144938,0,0,0,0,0,0,0,0,0,0,0,0,0,0,0,0,0,0,0,0,0,0,326,0,2417,69404,0,0,0,69181,0,0,0,30,326,830,0,0,0,0,224,0,0,0,0,2741,_history_tree_15_updates,2046,0,0,0,0,0,0,5158,2741,0,0,0,7899,0,0,0,0,0,2415,0,0,0,0,0,0,0
101,10018649925317144938,0,0,0,0,0,0,0,0,0,0,0,0,0,0,0,0,0,0,0,0,0,0,1053,0,5,9482,0,0,0,9471,0,0,0,31,2626,2,0,0,0,0,11,0,0,0,0,2631,_history_tree_15_removes,3094,0,0,0,0,0,0,2636,2631,0,0,0,5267,0,0,0,0,0,5,0,0,0,0,0,0,0
101,10018649925317144938,0,0,0,0,0,0,0,0,0,0,0,0,0,0,0,0,0,0,0,0,0,0,361,0,2409,69165,0,0,0,68948,0,0,0,32,361,853,0,0,0,0,214,0,0,0,0,2761,_history_tree_16_updates,2050,0,0,0,0,0,0,5170,2761,0,0,0,7931,0,0,0,0,0,2400,0,0,0,0,0,0,0
101,10018649925317144938,0,0,0,0,0,0,0,0,0,0,0,0,0,0,0,0,0,0,0,0,0,0,1020,0,7,9485,0,0,0,9470,0,0,0,33,2621,2,0,0,0,0,15,0,0,0,0,2628,_history_tree_16_removes,3092,0,0,0,0,0,0,2635,2628,0,0,0,5263,0,0,0,0,0,7,0,0,0,0,0,0,0
101,10018649925317144938,0,0,0,0,0,0,0,0,0,0,0,0,0,0,0,0,0,0,0,0,0,0,422,0,2339,142146,0,0,0,70864,0,0,0,34,10590,2779,0,0,0,0,209,0,0,0,0,6334,_history_tree_17_updates,3976,0,0,0,0,0,0,15289,12667,1,0,0,21623,0,0,0,0,0,2359,0,0,0,0,0,0,0
101,10018649925317144938,0,0,0,0,0,0,0,0,0,0,0,0,0,0,0,0,0,0,0,0,0,0,747,0,19,8687,0,0,0,8671,0,0,0,35,2439,13,0,0,0,0,16,0,0,0,0,2458,_history_tree_17_removes,2869,0,0,0,0,0,0,2477,2458,0,0,0,4935,0,0,0,0,0,19,0,0,0,0,0,0,0
101,10018649925317144938,0,0,0,0,0,0,0,0,0,0,0,0,0,0,0,0,0,0,0,0,0,0,332,0,2392,68418,0,0,0,68186,0,0,0,36,332,817,0,0,0,0,232,0,0,0,0,2714,_history_tree_18_updates,2019,0,0,0,0,0,0,5119,2714,0,0,0,7833,0,0,0,0,0,2395,0,0,0,0,0,0,0
101,10018649925317144938,0,0,0,0,0,0,0,0,0,0,0,0,0,0,0,0,0,0,0,0,0,0,980,0,7,9251,0,0,0,9238,0,0,0,37,2683,3,0,0,0,0,13,0,0,0,0,2691,_history_tree_18_removes,3132,0,0,0,0,0,0,2698,2691,0,0,0,5389,0,0,0,0,0,8,0,0,0,0,0,0,0
101,10018649925317144938,0,0,0,0,0,0,0,0,0,0,0,0,0,0,0,0,0,0,0,0,0,0,337,0,2427,69448,0,0,0,69241,0,0,0,38,337,810,0,0,0,0,205,0,0,0,0,2644,_history_tree_19_updates,2026,0,0,0,0,0,0,5143,2644,0,0,0,7787,0,0,0,0,0,2379,0,0,0,0,0,0,0
101,10018649925317144938,0,0,0,0,0,0,0,0,0,0,0,0,0,0,0,0,0,0,0,0,0,0,1018,0,10,9310,0,0,0,9290,0,0,0,39,2622,5,0,0,0,0,20,0,0,0,0,2630,_history_tree_19_removes,3096,0,0,0,0,0,0,2640,2630,0,0,0,5270,0,0,0,0,0,8,0,0,0,0,0,0,0
101,10018649925317144938,50112,0,0,0,0,0,46571,0,0,0,0,0,0,0,0,0,0,0,0,0,0,0,0,0,0,300816,0,0,0,98749,0,0,0,40,0,0,0,0,0,0,2149,0,0,96687,0,0,warehouse,0,0,0,0,0,0,0,0,0,0,0,0,0,199642,0,0,199643,0,0,0,0,0,96690,0,0,0
101,10018649925317144938,0,0,0,0,0,0,0,0,0,0,0,0,0,0,0,0,0,0,0,0,0,0,0,0,0,0,0,0,0,0,0,0,0,41,0,0,0,0,0,0,0,0,0,0,0,0,_warehouse_graveyard,0,0,0,0,0,0,0,0,0,0,0,0,0,0,0,0,0,0,0,0,0,0,0,0,0,0
101,10018649925317144938,99113,0,0,0,0,0,97372,0,0,0,0,0,0,0,0,0,0,0,0,0,0,0,0,0,0,305682,0,0,0,198704,0,0,0,42,0,0,0,0,0,0,1029,0,0,196504,0,0,district,0,0,0,0,0,0,0,0,0,0,0,0,0,105889,0,0,105889,0,0,0,0,0,196508,0,0,0
101,10018649925317144938,0,0,0,0,0,0,0,0,0,0,0,0,0,0,0,0,0,0,0,0,0,0,0,0,0,0,0,0,0,0,0,0,0,43,0,0,0,0,0,0,0,0,0,0,0,0,_district_graveyard,0,0,0,0,0,0,0,0,0,0,0,0,0,0,0,0,0,0,0,0,0,0,0,0,0,0
101,10018649925317144938,64401,0,0,0,0,0,60676,0,0,0,0,0,0,0,0,0,0,0,0,0,0,0,0,0,0,807321,0,0,0,125109,0,0,0,44,0,0,0,0,0,0,5,0,0,125085,0,0,customer,0,0,0,0,0,0,0,0,0,0,0,0,0,143996,0,0,143995,0,0,0,0,0,125090,0,0,0
101,10018649925317144938,0,0,0,0,0,0,0,0,0,0,0,0,0,0,0,0,0,0,0,0,0,0,0,0,0,0,0,0,0,0,0,0,0,45,0,0,0,0,0,0,0,0,0,0,0,0,_customer_graveyard,0,0,0,0,0,0,0,0,0,0,0,0,0,0,0,0,0,0,0,0,0,0,0,0,0,0
101,10018649925317144938,0,0,0,0,0,0,0,0,0,0,0,0,0,0,0,0,0,0,0,0,0,0,0,0,0,188394,0,0,0,0,0,0,0,46,0,0,0,0,0,0,62797,0,0,0,0,0,customerwdl,0,0,0,0,0,0,0,0,0,0,0,62798,0,62797,0,0,62797,0,0,0,0,0,0,0,0,0
101,10018649925317144938,0,0,0,0,0,0,0,0,0,0,0,0,0,0,0,0,0,0,0,0,0,0,0,0,0,0,0,0,0,0,0,0,0,47,0,0,0,0,0,0,0,0,0,0,0,0,_customerwdl_graveyard,0,0,0,0,0,0,0,0,0,0,0,0,0,0,0,0,0,0,0,0,0,0,0,0,0,0
101,10018649925317144938,0,0,0,0,0,0,0,0,0,0,0,0,0,0,0,0,0,0,0,0,0,0,0,0,2290,122115,0,0,0,40705,0,0,0,48,0,0,0,0,0,0,0,0,0,0,0,0,history,0,0,0,0,0,0,0,2321,0,0,0,0,2321,0,0,0,0,0,0,0,0,0,0,0,0,0
101,10018649925317144938,0,0,0,0,0,0,0,0,0,0,0,0,0,0,0,0,0,0,0,0,0,0,0,0,0,0,0,0,0,0,0,0,0,49,0,0,0,0,0,0,0,0,0,0,0,0,_history_graveyard,0,0,0,0,0,0,0,0,0,0,0,0,0,0,0,0,0,0,0,0,0,0,0,0,0,0
101,10018649925317144938,43395,86920,0,86920,0,0,43293,0,0,0,0,0,0,0,0,0,0,0,0,0,0,0,50967,0,2110,1187116,0,0,0,276976,0,11297,0,50,51,0,0,0,0,0,118719,0,0,0,0,0,neworder,93992,11299,0,0,0,0,0,3976,31,1,0,86988,3976,98287,0,0,98287,0,1813,0,0,0,0,0,0,0
101,10018649925317144938,0,0,0,0,0,0,0,0,0,0,0,0,0,0,0,0,0,0,0,0,0,0,0,0,0,0,0,0,0,0,0,0,0,51,0,0,0,0,0,0,0,0,0,0,0,0,_neworder_graveyard,0,0,0,0,0,0,0,0,0,0,0,0,0,0,0,0,0,0,0,0,0,0,0,0,0,0
101,10018649925317144938,43759,0,0,0,0,0,42934,0,0,0,0,0,0,0,0,0,0,0,0,0,0,0,0,0,4434,847569,0,0,0,192105,0,0,0,52,0,0,0,0,0,0,0,0,0,86695,0,0,order,0,0,0,0,0,0,0,4482,0,0,0,0,4482,90419,0,0,90419,0,0,0,0,0,86696,0,0,0
101,10018649925317144938,0,0,0,0,0,0,0,0,0,0,0,0,0,0,0,0,0,0,0,0,0,0,0,0,0,0,0,0,0,0,0,0,0,53,0,0,0,0,0,0,0,0,0,0,0,0,_order_graveyard,0,0,0,0,0,0,0,0,0,0,0,0,0,0,0,0,0,0,0,0,0,0,0,0,0,0
101,10018649925317144938,0,0,0,0,0,0,0,0,0,0,0,0,0,0,0,0,3725,0,0,0,0,0,0,0,1481,318501,0,0,0,102443,0,0,0,54,0,0,0,0,0,0,3725,0,0,0,0,0,order_wdc,0,0,0,0,0,0,0,1529,0,0,0,0,1529,3725,0,0,3725,0,0,0,0,0,0,0,0,0
101,10018649925317144938,0,0,0,0,0,0,0,0,0,0,0,0,0,0,0,0,0,0,0,0,0,0,0,0,0,0,0,0,0,0,0,0,0,55,0,0,0,0,0,0,0,0,0,0,0,0,_order_wdc_graveyard,0,0,0,0,0,0,0,0,0,0,0,0,0,0,0,0,0,0,0,0,0,0,0,0,0,0
101,10018649925317144938,438781,0,0,0,0,0,428817,0,0,0,0,0,0,0,0,0,0,0,0,0,0,0,103174,0,60008,7789966,0,0,0,1934513,0,903,0,56,0,0,0,0,0,0,12984,0,0,867622,0,0,orderline,1875673,903,0,0,0,0,0,60804,0,0,0,12910,60804,1888670,0,0,1888692,0,0,0,0,0,867632,0,0,0
101,10018649925317144938,0,0,0,0,0,0,0,0,0,0,0,0,0,0,0,0,0,0,0,0,0,0,0,0,0,0,0,0,0,0,0,0,0,57,0,0,0,0,0,0,0,0,0,0,0,0,_orderline_graveyard,0,0,0,0,0,0,0,0,0,0,0,0,0,0,0,0,0,0,0,0,0,0,0,0,0,0
101,10018649925317144938,0,0,0,0,0,0,0,0,0,0,0,0,0,0,0,0,0,0,0,0,0,0,0,0,0,2013408,0,0,0,0,0,0,0,58,0,0,0,0,0,0,0,0,0,0,0,0,item,0,0,0,0,0,0,0,0,0,0,0,0,0,1006713,0,0,1006711,0,0,0,0,0,0,0,0,0
102,10018649925317144938,0,0,0,0,0,0,0,0,0,0,0,0,0,0,0,0,0,0,0,0,0,0,0,0,0,0,0,0,0,0,0,0,0,61,0,0,0,0,0,0,0,0,0,0,0,0,_stock_graveyard,0,0,0,0,0,0,0,0,0,0,0,0,0,0,0,0,0,0,0,0,0,0,0,0,0,0
102,10018649925317144938,492844,0,0,0,0,0,480952,0,0,0,0,0,0,0,0,0,0,0,0,0,0,0,0,0,0,14830702,0,0,0,974753,0,0,0,60,0,0,0,0,0,0,1087,0,0,973855,0,0,stock,0,0,0,0,0,0,0,0,0,0,0,0,0,2731826,0,0,2731820,0,0,0,0,0,973908,0,0,0
102,10018649925317144938,0,0,0,0,0,0,0,0,0,0,0,0,0,0,0,0,0,0,0,0,0,0,0,0,0,0,0,0,0,0,0,0,0,59,0,0,0,0,0,0,0,0,0,0,0,0,_item_graveyard,0,0,0,0,0,0,0,0,0,0,0,0,0,0,0,0,0,0,0,0,0,0,0,0,0,0
102,10018649925317144938,0,0,0,0,0,0,0,0,0,0,0,0,0,0,0,0,0,0,0,0,0,0,324,0,2389,68904,0,0,0,68692,0,0,0,28,324,905,0,0,0,0,214,0,0,0,0,2709,_history_tree_14_updates,1952,0,0,0,0,0,0,5133,2710,0,0,0,7843,0,0,0,0,0,2420,0,0,0,0,0,0,0
102,10018649925317144938,0,0,0,0,0,0,0,0,0,0,0,0,0,0,0,0,0,0,0,0,0,0,1045,0,4,9169,0,0,0,9150,0,0,0,27,2516,0,0,0,0,0,19,0,0,0,0,2521,_history_tree_13_removes,2966,0,0,0,0,0,0,2525,2521,0,0,0,5046,0,0,0,0,0,5,0,0,0,0,0,0,0
102,10018649925317144938,0,0,0,0,0,0,0,0,0,0,0,0,0,0,0,0,0,0,0,0,0,0,360,0,2319,66571,0,0,0,66360,0,0,0,26,360,840,0,0,0,0,211,0,0,0,0,2704,_history_tree_13_updates,1974,0,0,0,0,0,0,5023,2704,0,0,0,7729,0,0,0,0,0,2345,0,0,0,0,0,0,0
102,10018649925317144938,0,0,0,0,0,0,0,0,0,0,0,0,0,0,0,0,0,0,0,0,0,0,1037,0,9,9422,0,0,0,9406,0,0,0,25,2535,2,0,0,0,0,16,0,0,0,0,2544,_history_tree_12_removes,3018,0,0,0,0,0,0,2553,2544,0,0,0,5097,0,0,0,0,0,9,0,0,0,0,0,0,0
102,10018649925317144938,0,0,0,0,0,0,0,0,0,0,0,0,0,0,0,0,0,0,0,0,0,0,321,0,2320,66883,0,0,0,66684,0,0,0,24,321,841,0,0,0,0,199,0,0,0,0,2657,_history_tree_12_updates,1961,0,0,0,0,0,0,4986,2657,0,0,0,7643,0,0,0,0,0,2345,0,0,0,0,0,0,0
102,10018649925317144938,0,0,0,0,0,0,0,0,0,0,0,0,0,0,0,0,0,0,0,0,0,0,1046,0,3,9329,0,0,0,9322,0,0,0,23,2602,1,0,0,0,0,7,0,0,0,0,2605,_history_tree_11_removes,3082,0,0,0,0,0,0,2608,2605,0,0,0,5213,0,0,0,0,0,3,0,0,0,0,0,0,0
102,10018649925317144938,0,0,0,0,0,0,0,0,0,0,0,0,0,0,0,0,0,0,0,0,0,0,317,0,2320,66951,0,0,0,66701,0,0,0,22,317,782,0,0,0,0,250,0,0,0,0,2653,_history_tree_11_updates,2007,0,0,0,0,0,0,4977,2653,0,0,0,7630,0,0,0,0,0,2340,0,0,0,0,0,0,0
102,10018649925317144938,0,0,0,0,0,0,0,0,0,0,0,0,0,0,0,0,0,0,0,0,0,0,1021,0,3,9168,0,0,0,9148,0,0,0,21,2652,0,0,0,0,0,20,0,0,0,0,2655,_history_tree_10_removes,3111,0,0,0,0,0,0,2658,2655,0,0,0,5313,0,0,0,0,0,3,0,0,0,0,0,0,0
102,10018649925317144938,0,0,0,0,0,0,0,0,0,0,0,0,0,0,0,0,0,0,0,0,0,0,324,0,2326,66822,0,0,0,66611,0,0,0,20,324,760,0,0,0,0,212,0,0,0,0,2647,_history_tree_10_updates,2023,0,0,0,0,0,0,4990,2647,0,0,0,7637,0,0,0,0,0,2340,0,0,0,0,0,0,0
102,10018649925317144938,0,0,0,0,0,0,0,0,0,0,0,0,0,0,0,0,0,0,0,0,0,0,933,0,2,8795,0,0,0,8784,0,0,0,19,2601,0,0,0,0,0,12,0,0,0,0,2604,_history_tree_9_removes,3021,0,0,0,0,0,0,2606,2604,0,0,0,5210,0,0,0,0,0,3,0,0,0,0,0,0,0
102,10018649925317144938,0,0,0,0,0,0,0,0,0,0,0,0,0,0,0,0,0,0,0,0,0,0,366,0,2299,65635,0,0,0,65443,0,0,0,18,366,806,0,0,0,0,192,0,0,0,0,2666,_history_tree_9_updates,2005,0,0,0,0,0,0,4994,2666,0,0,0,7660,0,0,0,0,0,2328,0,0,0,0,0,0,0
102,10018649925317144938,0,0,0,0,0,0,0,0,0,0,0,0,0,0,0,0,0,0,0,0,0,0,1034,0,5,9368,0,0,0,9360,0,0,0,17,2564,1,0,0,0,0,15,0,0,0,0,2569,_history_tree_8_removes,3025,0,0,0,0,0,0,2574,2569,0,0,0,5143,0,0,0,0,0,5,0,0,0,0,0,0,0
102,10018649925317144938,0,0,0,0,0,0,0,0,0,0,0,0,0,0,0,0,0,0,0,0,0,0,343,0,2354,67771,0,0,0,67590,0,0,0,16,343,829,0,0,0,0,181,0,0,0,0,2724,_history_tree_8_updates,2022,0,0,0,0,0,0,5080,2724,0,0,0,7804,0,0,0,0,0,2383,0,0,0,0,0,0,0
102,10018649925317144938,0,0,0,0,0,0,0,0,0,0,0,0,0,0,0,0,0,0,0,0,0,0,973,0,9,9315,0,0,0,9300,0,0,0,15,2556,4,0,0,0,0,15,0,0,0,0,2565,_history_tree_7_removes,3007,0,0,0,0,0,0,2574,2565,0,0,0,5139,0,0,0,0,0,9,0,0,0,0,0,0,0
102,10018649925317144938,0,0,0,0,0,0,0,0,0,0,0,0,0,0,0,0,0,0,0,0,0,0,310,0,2384,68285,0,0,0,68047,0,0,0,14,310,886,0,0,0,0,239,0,0,0,0,2642,_history_tree_7_updates,1964,0,0,0,0,0,0,5114,2642,0,0,0,7756,0,0,0,0,0,2420,0,0,0,0,0,0,0
102,10018649925317144938,0,0,0,0,0,0,0,0,0,0,0,0,0,0,0,0,0,0,0,0,0,0,970,0,10,9172,0,0,0,9159,0,0,0,13,2577,6,0,0,0,0,13,0,0,0,0,2587,_history_tree_6_removes,3031,0,0,0,0,0,0,2597,2587,0,0,0,5184,0,0,0,0,0,10,0,0,0,0,0,0,0
102,10018649925317144938,0,0,0,0,0,0,0,0,0,0,0,0,0,21947839,22528507,0,0,0,0,0,0,0,337,0,2361,68050,0,0,0,67842,0,0,0,0,337,805,0,0,0,0,208,0,0,0,0,2666,_history_tree_0_updates,2026,0,1483441,0,0,0,0,5059,2666,0,0,0,7725,0,0,0,0,0,2361,0,0,0,0,707777,0,0
102,10018649925317144938,0,0,0,0,0,0,0,0,0,0,0,0,0,0,0,0,0,0,0,0,0,0,1010,0,8,9451,0,0,0,9437,0,0,0,1,2591,3,0,0,0,0,14,0,0,0,0,2599,_history_tree_0_removes,3053,0,0,0,0,0,0,2607,2599,0,0,0,5206,0,0,0,0,0,8,0,0,0,0,0,0,0
102,10018649925317144938,0,0,0,0,0,0,0,0,0,0,0,0,0,0,0,0,0,0,0,0,0,0,370,0,2345,67292,0,0,0,67074,0,0,0,2,370,885,0,0,0,0,218,0,0,0,0,2719,_history_tree_1_updates,1970,0,0,0,0,0,0,5097,2719,0,0,0,7816,0,0,0,0,0,2382,0,0,0,0,0,0,0
102,10018649925317144938,0,0,0,0,0,0,0,0,0,0,0,0,0,0,0,0,0,0,0,0,0,0,971,0,7,9189,0,0,0,9176,0,0,0,3,2512,2,0,0,0,0,13,0,0,0,0,2521,_history_tree_1_removes,2956,0,0,0,0,0,0,2528,2521,0,0,0,5049,0,0,0,0,0,9,0,0,0,0,0,0,0
102,10018649925317144938,0,0,0,0,0,0,0,0,0,0,0,0,0,0,0,0,0,0,0,0,0,0,312,0,2325,66538,0,0,0,66315,0,0,0,4,312,811,0,0,0,0,219,0,0,0,0,2640,_history_tree_2_updates,1989,0,0,0,0,0,0,4996,2640,0,0,0,7637,0,0,0,0,0,2363,0,0,0,0,0,0,0
102,10018649925317144938,0,0,0,0,0,0,0,0,0,0,0,0,0,0,0,0,0,0,0,0,0,0,952,0,5,9120,0,0,0,9107,0,0,0,5,2644,1,0,0,0,0,13,0,0,0,0,2650,_history_tree_2_removes,3090,0,0,0,0,0,0,2655,2650,0,0,0,5305,0,0,0,0,0,6,0,0,0,0,0,0,0
102,10018649925317144938,0,0,0,0,0,0,0,0,0,0,0,0,0,0,0,0,0,0,0,0,0,0,292,0,2349,67794,0,0,0,67609,0,0,0,6,292,818,0,0,0,0,183,0,0,0,0,2659,_history_tree_3_updates,1958,0,0,0,0,0,0,5019,2659,0,0,0,7678,0,0,0,0,0,2378,0,0,0,0,0,0,0
102,10018649925317144938,0,0,0,0,0,0,0,0,0,0,0,0,0,0,0,0,0,0,0,0,0,0,1053,0,5,9595,0,0,0,9577,0,0,0,7,2641,0,0,0,0,0,18,0,0,0,0,2647,_history_tree_3_removes,3075,0,0,0,0,0,0,2652,2647,0,0,0,5299,0,0,0,0,0,6,0,0,0,0,0,0,0
102,10018649925317144938,0,0,0,0,0,0,0,0,0,0,0,0,0,0,0,0,0,0,0,0,0,0,337,0,2331,66859,0,0,0,66642,0,0,0,8,337,867,0,0,0,0,216,0,0,0,0,2687,_history_tree_4_updates,1956,0,0,0,0,0,0,5037,2688,0,0,0,7725,0,0,0,0,0,2369,0,0,0,0,0,0,0
102,10018649925317144938,0,0,0,0,0,0,0,0,0,0,0,0,0,0,0,0,0,0,0,0,0,0,983,0,8,9187,0,0,0,9176,0,0,0,9,2524,3,0,0,0,0,11,0,0,0,0,2533,_history_tree_4_removes,2991,0,0,0,0,0,0,2542,2534,0,0,0,5076,0,0,0,0,0,9,0,0,0,0,0,0,0
102,10018649925317144938,0,0,0,0,0,0,0,0,0,0,0,0,0,0,0,0,0,0,0,0,0,0,337,0,2334,67170,0,0,0,66995,0,0,0,10,337,846,0,0,0,0,176,0,0,0,0,2681,_history_tree_5_updates,1976,0,0,0,0,0,0,5041,2681,0,0,0,7722,0,0,0,0,0,2370,0,0,0,0,0,0,0
102,10018649925317144938,0,0,0,0,0,0,0,0,0,0,0,0,0,0,0,0,0,0,0,0,0,0,1006,0,9,9348,0,0,0,9330,0,0,0,11,2562,2,0,0,0,0,18,0,0,0,0,2572,_history_tree_5_removes,3023,0,0,0,0,0,0,2581,2572,0,0,0,5153,0,0,0,0,0,10,0,0,0,0,0,0,0
102,10018649925317144938,0,0,0,0,0,0,0,0,0,0,0,0,0,0,0,0,0,0,0,0,0,0,349,0,2327,66711,0,0,0,66506,0,0,0,12,349,835,0,0,0,0,204,0,0,0,0,2608,_history_tree_6_updates,1988,0,0,0,0,0,0,5027,2608,0,0,0,7635,0,0,0,0,0,2351,0,0,0,0,0,0,0
102,10018649925317144938,0,0,0,0,0,0,0,0,0,0,0,0,0,0,0,0,0,0,0,0,0,0,1068,0,5,9754,0,0,0,9734,0,0,0,29,2570,1,0,0,0,0,20,0,0,0,0,2576,_history_tree_14_removes,3010,0,0,0,0,0,0,2581,2576,0,0,0,5157,0,0,0,0,0,6,0,0,0,0,0,0,0
102,10018649925317144938,0,0,0,0,0,0,0,0,0,0,0,0,0,0,0,0,0,0,0,0,0,0,345,0,2311,66392,0,0,0,66183,0,0,0,30,345,844,0,0,0,0,208,0,0,0,0,2665,_history_tree_15_updates,1967,0,0,0,0,0,0,5010,2665,0,0,0,7675,0,0,0,0,0,2354,0,0,0,0,0,0,0
102,10018649925317144938,0,0,0,0,0,0,0,0,0,0,0,0,0,0,0,0,0,0,0,0,0,0,1009,0,4,9270,0,0,0,9252,0,0,0,31,2562,2,0,0,0,0,18,0,0,0,0,2568,_history_tree_15_removes,3012,0,0,0,0,0,0,2572,2568,0,0,0,5140,0,0,0,0,0,6,0,0,0,0,0,0,0
102,10018649925317144938,0,0,0,0,0,0,0,0,0,0,0,0,0,0,0,0,0,0,0,0,0,0,357,0,2336,66434,0,0,0,66236,0,0,0,32,357,859,0,0,0,0,199,0,0,0,0,2675,_history_tree_16_updates,1978,0,0,0,0,0,0,5066,2675,0,0,0,7741,0,0,0,0,0,2373,0,0,0,0,0,0,0
102,10018649925317144938,0,0,0,0,0,0,0,0,0,0,0,0,0,0,0,0,0,0,0,0,0,0,957,0,6,8838,0,0,0,8830,0,0,0,33,2593,2,0,0,0,0,9,0,0,0,0,2600,_history_tree_16_removes,3032,0,0,0,0,0,0,2606,2600,0,0,0,5206,0,0,0,0,0,7,0,0,0,0,0,0,0
102,10018649925317144938,0,0,0,0,0,0,0,0,0,0,0,0,0,0,0,0,0,0,0,0,0,0,376,0,2343,141458,0,0,0,70529,0,0,0,34,10274,2747,0,0,0,0,199,0,0,0,0,6161,_history_tree_17_updates,3877,0,0,0,0,0,0,14995,12319,3,0,0,21156,0,0,0,0,0,2375,0,0,0,0,0,0,0
102,10018649925317144938,0,0,0,0,0,0,0,0,0,0,0,0,0,0,0,0,0,0,0,0,0,0,748,0,19,8640,0,0,0,8624,0,0,0,35,2398,14,0,0,0,0,16,0,0,0,0,2418,_history_tree_17_removes,2817,0,0,0,0,0,0,2437,2418,0,0,0,4855,0,0,0,0,0,20,0,0,0,0,0,0,0
102,10018649925317144938,0,0,0,0,0,0,0,0,0,0,0,0,0,0,0,0,0,0,0,0,0,0,357,0,2366,68026,0,0,0,67802,0,0,0,36,357,856,0,0,0,0,224,0,0,0,0,2736,_history_tree_18_updates,2023,0,0,0,0,0,0,5129,2736,0,0,0,7865,0,0,0,0,0,2405,0,0,0,0,0,0,0
102,10018649925317144938,0,0,0,0,0,0,0,0,0,0,0,0,0,0,0,0,0,0,0,0,0,0,1037,0,5,9373,0,0,0,9355,0,0,0,37,2570,1,0,0,0,0,18,0,0,0,0,2576,_history_tree_18_removes,3013,0,0,0,0,0,0,2581,2576,0,0,0,5157,0,0,0,0,0,6,0,0,0,0,0,0,0
102,10018649925317144938,0,0,0,0,0,0,0,0,0,0,0,0,0,0,0,0,0,0,0,0,0,0,334,0,2358,67737,0,0,0,67529,0,0,0,38,334,888,0,0,0,0,204,0,0,0,0,2654,_history_tree_19_updates,1980,0,0,0,0,0,0,5102,2654,0,0,0,7756,0,0,0,0,0,2409,0,0,0,0,0,0,0
102,10018649925317144938,0,0,0,0,0,0,0,0,0,0,0,0,0,0,0,0,0,0,0,0,0,0,1015,0,8,9392,0,0,0,9382,0,0,0,39,2568,6,0,0,0,0,10,0,0,0,0,2578,_history_tree_19_removes,3014,0,0,0,0,0,0,2586,2578,0,0,0,5164,0,0,0,0,0,10,0,0,0,0,0,0,0
102,10018649925317144938,48245,0,0,0,0,0,44850,0,0,0,0,0,0,0,0,0,0,0,0,0,0,0,0,0,0,290256,0,0,0,95114,0,0,0,40,0,0,0,0,0,0,1994,0,0,93098,0,0,warehouse,0,0,0,0,0,0,0,0,0,0,0,0,0,192866,0,0,192867,0,0,0,0,0,93097,0,0,0
102,10018649925317144938,0,0,0,0,0,0,0,0,0,0,0,0,0,0,0,0,0,0,0,0,0,0,0,0,0,0,0,0,0,0,0,0,0,41,0,0,0,0,0,0,0,0,0,0,0,0,_warehouse_graveyard,0,0,0,0,0,0,0,0,0,0,0,0,0,0,0,0,0,0,0,0,0,0,0,0,0,0
102,10018649925317144938,96081,0,0,0,0,0,93730,0,0,0,0,0,0,0,0,0,0,0,0,0,0,0,0,0,0,295012,0,0,0,191976,0,0,0,42,0,0,0,0,0,0,1072,0,0,189822,0,0,district,0,0,0,0,0,0,0,0,0,0,0,0,0,101913,0,0,101916,0,0,0,0,0,189833,0,0,0
102,10018649925317144938,0,0,0,0,0,0,0,0,0,0,0,0,0,0,0,0,0,0,0,0,0,0,0,0,0,0,0,0,0,0,0,0,0,43,0,0,0,0,0,0,0,0,0,0,0,0,_district_graveyard,0,0,0,0,0,0,0,0,0,0,0,0,0,0,0,0,0,0,0,0,0,0,0,0,0,0
102,10018649925317144938,62628,0,0,0,0,0,59905,0,0,0,0,0,0,0,0,0,0,0,0,0,0,0,0,0,0,785049,0,0,0,122544,0,0,0,44,0,0,0,0,0,0,8,0,0,122528,0,0,customer,0,0,0,0,0,0,0,0,0,0,0,0,0,139139,0,0,139140,0,0,0,0,0,122533,0,0,0
102,10018649925317144938,0,0,0,0,0,0,0,0,0,0,0,0,0,0,0,0,0,0,0,0,0,0,0,0,0,0,0,0,0,0,0,0,0,45,0,0,0,0,0,0,0,0,0,0,0,0,_customer_graveyard,0,0,0,0,0,0,0,0,0,0,0,0,0,0,0,0,0,0,0,0,0,0,0,0,0,0
102,10018649925317144938,0,0,0,0,0,0,0,0,0,0,0,0,0,0,0,0,0,0,0,0,0,0,0,0,0,182205,0,0,0,0,0,0,0,46,0,0,0,0,0,0,60736,0,0,0,0,0,customerwdl,0,0,0,0,0,0,0,0,0,0,0,60734,0,60734,0,0,60734,0,0,0,0,0,0,0,0,0
102,10018649925317144938,0,0,0,0,0,0,0,0,0,0,0,0,0,0,0,0,0,0,0,0,0,0,0,0,0,0,0,0,0,0,0,0,0,47,0,0,0,0,0,0,0,0,0,0,0,0,_customerwdl_graveyard,0,0,0,0,0,0,0,0,0,0,0,0,0,0,0,0,0,0,0,0,0,0,0,0,0,0
102,10018649925317144938,0,0,0,0,0,0,0,0,0,0,0,0,0,0,0,0,0,0,0,0,0,0,0,0,2192,117240,0,0,0,39080,0,0,0,48,0,0,0,0,0,0,0,0,0,0,0,0,history,0,0,0,0,0,0,0,2217,0,0,0,0,2217,0,0,0,0,0,0,0,0,0,0,0,0,0
102,10018649925317144938,0,0,0,0,0,0,0,0,0,0,0,0,0,0,0,0,0,0,0,0,0,0,0,0,0,0,0,0,0,0,0,0,0,49,0,0,0,0,0,0,0,0,0,0,0,0,_history_graveyard,0,0,0,0,0,0,0,0,0,0,0,0,0,0,0,0,0,0,0,0,0,0,0,0,0,0
102,10018649925317144938,42924,86940,0,86940,0,0,42831,0,0,0,0,0,0,0,0,0,0,0,0,0,0,0,50367,0,2079,1171614,0,0,0,272963,0,10940,0,50,71,0,0,0,0,0,117568,0,0,0,0,0,neworder,92804,10938,0,0,0,0,0,3994,49,2,0,86064,3995,97002,0,0,97002,0,1838,0,0,0,0,0,0,0
102,10018649925317144938,0,0,0,0,0,0,0,0,0,0,0,0,0,0,0,0,0,0,0,0,0,0,0,0,0,0,0,0,0,0,0,0,0,51,0,0,0,0,0,0,0,0,0,0,0,0,_neworder_graveyard,0,0,0,0,0,0,0,0,0,0,0,0,0,0,0,0,0,0,0,0,0,0,0,0,0,0
102,10018649925317144938,43488,0,0,0,0,0,42294,0,0,0,0,0,0,0,0,0,0,0,0,0,0,0,0,0,4490,832415,0,0,0,188177,0,0,0,52,0,0,0,0,0,0,0,0,0,85788,0,0,order,0,0,0,0,0,0,0,4717,0,0,0,0,4718,89298,0,0,89298,0,0,0,0,0,85790,0,0,0
102,10018649925317144938,0,0,0,0,0,0,0,0,0,0,0,0,0,0,0,0,0,0,0,0,0,0,0,0,0,0,0,0,0,0,0,0,0,53,0,0,0,0,0,0,0,0,0,0,0,0,_order_graveyard,0,0,0,0,0,0,0,0,0,0,0,0,0,0,0,0,0,0,0,0,0,0,0,0,0,0
102,10018649925317144938,0,0,0,0,0,0,0,0,0,0,0,0,0,0,0,0,3507,0,0,0,0,0,0,0,1414,308469,0,0,0,99317,0,0,0,54,0,0,0,0,0,0,3507,0,0,0,0,0,order_wdc,0,0,0,0,0,0,0,1460,0,0,0,0,1460,3508,0,0,3508,0,0,0,0,0,0,0,0,0
102,10018649925317144938,0,0,0,0,0,0,0,0,0,0,0,0,0,0,0,0,0,0,0,0,0,0,0,0,0,0,0,0,0,0,0,0,0,55,0,0,0,0,0,0,0,0,0,0,0,0,_order_wdc_graveyard,0,0,0,0,0,0,0,0,0,0,0,0,0,0,0,0,0,0,0,0,0,0,0,0,0,0
102,10018649925317144938,433809,0,0,0,0,0,423879,0,0,0,0,0,0,0,0,0,0,0,0,0,0,0,99104,0,58256,7621331,0,0,0,1892930,0,1166,0,56,0,0,0,0,0,0,12405,0,0,857678,0,0,orderline,1800992,1166,0,0,0,0,0,59043,0,0,0,12328,59043,1813262,0,0,1813253,0,0,0,0,0,857683,0,0,0
102,10018649925317144938,0,0,0,0,0,0,0,0,0,0,0,0,0,0,0,0,0,0,0,0,0,0,0,0,0,0,0,0,0,0,0,0,0,57,0,0,0,0,0,0,0,0,0,0,0,0,_orderline_graveyard,0,0,0,0,0,0,0,0,0,0,0,0,0,0,0,0,0,0,0,0,0,0,0,0,0,0
102,10018649925317144938,0,0,0,0,0,0,0,0,0,0,0,0,0,0,0,0,0,0,0,0,0,0,0,0,0,1954202,0,0,0,0,0,0,0,58,0,0,0,0,0,0,0,0,0,0,0,0,item,0,0,0,0,0,0,0,0,0,0,0,0,0,977206,0,0,977220,0,0,0,0,0,0,0,0,0
103,10018649925317144938,0,0,0,0,0,0,0,0,0,0,0,0,0,0,0,0,0,0,0,0,0,0,0,0,0,0,0,0,0,0,0,0,0,61,0,0,0,0,0,0,0,0,0,0,0,0,_stock_graveyard,0,0,0,0,0,0,0,0,0,0,0,0,0,0,0,0,0,0,0,0,0,0,0,0,0,0
103,10018649925317144938,509509,0,0,0,0,0,497066,0,0,0,0,0,0,0,0,0,0,0,0,0,0,0,0,0,0,15105034,0,0,0,1007723,0,0,0,60,0,0,0,0,0,0,1086,0,0,1006542,0,0,stock,0,0,0,0,0,0,0,0,0,0,0,0,0,2767516,0,0,2767520,0,0,0,0,0,1006507,0,0,0
103,10018649925317144938,0,0,0,0,0,0,0,0,0,0,0,0,0,0,0,0,0,0,0,0,0,0,0,0,0,0,0,0,0,0,0,0,0,59,0,0,0,0,0,0,0,0,0,0,0,0,_item_graveyard,0,0,0,0,0,0,0,0,0,0,0,0,0,0,0,0,0,0,0,0,0,0,0,0,0,0
103,10018649925317144938,0,0,0,0,0,0,0,0,0,0,0,0,0,0,0,0,0,0,0,0,0,0,362,0,2376,68229,0,0,0,68009,0,0,0,28,362,813,0,0,0,0,216,0,0,0,0,2710,_history_tree_14_updates,2048,0,0,0,0,0,0,5113,2709,0,0,0,7822,0,0,0,0,0,2375,0,0,0,0,0,0,0
103,10018649925317144938,0,0,0,0,0,0,0,0,0,0,0,0,0,0,0,0,0,0,0,0,0,0,1027,0,8,9515,0,0,0,9503,0,0,0,27,2597,2,0,0,0,0,12,0,0,0,0,2605,_history_tree_13_removes,3039,0,0,0,0,0,0,2613,2605,0,0,0,5218,0,0,0,0,0,8,0,0,0,0,0,0,0
103,10018649925317144938,0,0,0,0,0,0,0,0,0,0,0,0,0,0,0,0,0,0,0,0,0,0,290,0,2419,69384,0,0,0,69155,0,0,0,26,290,879,0,0,0,0,231,0,0,0,0,2676,_history_tree_13_updates,1944,0,0,0,0,0,0,5130,2676,0,0,0,7804,0,0,0,0,0,2419,0,0,0,0,0,0,0
103,10018649925317144938,0,0,0,0,0,0,0,0,0,0,0,0,0,0,0,0,0,0,0,0,0,0,958,0,7,9216,0,0,0,9203,0,0,0,25,2639,2,0,0,0,0,13,0,0,0,0,2646,_history_tree_12_removes,3106,0,0,0,0,0,0,2653,2646,0,0,0,5299,0,0,0,0,0,7,0,0,0,0,0,0,0
103,10018649925317144938,0,0,0,0,0,0,0,0,0,0,0,0,0,0,0,0,0,0,0,0,0,0,327,0,2404,68774,0,0,0,68561,0,0,0,24,327,819,0,0,0,0,214,0,0,0,0,2715,_history_tree_12_updates,2034,0,0,0,0,0,0,5135,2715,0,0,0,7850,0,0,0,0,0,2404,0,0,0,0,0,0,0
103,10018649925317144938,0,0,0,0,0,0,0,0,0,0,0,0,0,0,0,0,0,0,0,0,0,0,997,0,7,9479,0,0,0,9464,0,0,0,23,2613,3,0,0,0,0,15,0,0,0,0,2620,_history_tree_11_removes,3057,0,0,0,0,0,0,2627,2620,0,0,0,5247,0,0,0,0,0,7,0,0,0,0,0,0,0
103,10018649925317144938,0,0,0,0,0,0,0,0,0,0,0,0,0,0,0,0,0,0,0,0,0,0,341,0,2419,69366,0,0,0,69127,0,0,0,22,341,871,0,0,0,0,239,0,0,0,0,2723,_history_tree_11_updates,2012,0,0,0,0,0,0,5180,2725,0,0,0,7905,0,0,0,0,0,2420,0,0,0,0,0,0,0
103,10018649925317144938,0,0,0,0,0,0,0,0,0,0,0,0,0,0,0,0,0,0,0,0,0,0,1023,0,5,9311,0,0,0,9297,0,0,0,21,2673,2,0,0,0,0,14,0,0,0,0,2678,_history_tree_10_removes,3135,0,0,0,0,0,0,2683,2678,0,0,0,5361,0,0,0,0,0,5,0,0,0,0,0,0,0
103,10018649925317144938,0,0,0,0,0,0,0,0,0,0,0,0,0,0,0,0,0,0,0,0,0,0,307,0,2396,68405,0,0,0,68214,0,0,0,20,307,820,0,0,0,0,188,0,0,0,0,2679,_history_tree_10_updates,2022,0,0,0,0,0,0,5100,2679,0,0,0,7779,0,0,0,0,0,2397,0,0,0,0,0,0,0
103,10018649925317144938,0,0,0,0,0,0,0,0,0,0,0,0,0,0,0,0,0,0,0,0,0,0,1033,0,8,9665,0,0,0,9646,0,0,0,19,2630,3,0,0,0,0,18,0,0,0,0,2638,_history_tree_9_removes,3107,0,0,0,0,0,0,2646,2638,0,0,0,5284,0,0,0,0,0,8,0,0,0,0,0,0,0
103,10018649925317144938,0,0,0,0,0,0,0,0,0,0,0,0,0,0,0,0,0,0,0,0,0,0,331,0,2420,69589,0,0,0,69386,0,0,0,18,331,867,0,0,0,0,201,0,0,0,0,2732,_history_tree_9_updates,2030,0,0,0,0,0,0,5170,2732,0,0,0,7902,0,0,0,0,0,2420,0,0,0,0,0,0,0
103,10018649925317144938,0,0,0,0,0,0,0,0,0,0,0,0,0,0,0,0,0,0,0,0,0,0,1002,0,6,9014,0,0,0,8988,0,0,0,17,2664,0,0,0,0,0,19,0,0,0,0,2670,_history_tree_8_removes,3128,0,0,0,0,0,0,2676,2670,0,0,0,5346,0,0,0,0,0,6,0,0,0,0,0,0,0
103,10018649925317144938,0,0,0,0,0,0,0,0,0,0,0,0,0,0,0,0,0,0,0,0,0,0,376,0,2363,67406,0,0,0,67176,0,0,0,16,376,798,0,0,0,0,227,0,0,0,0,2734,_history_tree_8_updates,2063,0,0,0,0,0,0,5102,2734,0,0,0,7836,0,0,0,0,0,2362,0,0,0,0,0,0,0
103,10018649925317144938,0,0,0,0,0,0,0,0,0,0,0,0,0,0,0,0,0,0,0,0,0,0,954,0,4,8858,0,0,0,8844,0,0,0,15,2694,0,0,0,0,0,14,0,0,0,0,2698,_history_tree_7_removes,3142,0,0,0,0,0,0,2702,2698,0,0,0,5400,0,0,0,0,0,4,0,0,0,0,0,0,0
103,10018649925317144938,0,0,0,0,0,0,0,0,0,0,0,0,0,0,0,0,0,0,0,0,0,0,319,0,2339,66600,0,0,0,66390,0,0,0,14,320,769,0,0,0,0,208,0,0,0,0,2631,_history_tree_7_updates,2019,0,0,0,0,0,0,4997,2631,0,0,0,7628,0,0,0,0,0,2338,0,0,0,0,0,0,0
103,10018649925317144938,0,0,0,0,0,0,0,0,0,0,0,0,0,0,0,0,0,0,0,0,0,0,968,0,9,9129,0,0,0,9112,0,0,0,13,2629,5,0,0,0,0,17,0,0,0,0,2638,_history_tree_6_removes,3087,0,0,0,0,0,0,2647,2638,0,0,0,5285,0,0,0,0,0,9,0,0,0,0,0,0,0
103,10018649925317144938,0,0,0,0,0,0,0,0,0,0,0,0,0,22400812,22983025,0,0,0,0,0,0,0,314,0,2392,68481,0,0,0,68252,0,0,0,0,314,829,0,0,0,0,228,0,0,0,0,2683,_history_tree_0_updates,2015,0,1512724,0,0,0,0,5098,2683,0,0,0,7781,0,0,0,0,0,2391,0,0,0,0,715693,0,0
103,10018649925317144938,0,0,0,0,0,0,0,0,0,0,0,0,0,0,0,0,0,0,0,0,0,0,1017,0,6,9295,0,0,0,9276,0,0,0,1,2622,1,0,0,0,0,19,0,0,0,0,2628,_history_tree_0_removes,3094,0,0,0,0,0,0,2634,2628,0,0,0,5262,0,0,0,0,0,6,0,0,0,0,0,0,0
103,10018649925317144938,0,0,0,0,0,0,0,0,0,0,0,0,0,0,0,0,0,0,0,0,0,0,282,0,2410,69311,0,0,0,69103,0,0,0,2,282,815,0,0,0,0,209,0,0,0,0,2691,_history_tree_1_updates,2017,0,0,0,0,0,0,5102,2691,0,0,0,7793,0,0,0,0,0,2410,0,0,0,0,0,0,0
103,10018649925317144938,0,0,0,0,0,0,0,0,0,0,0,0,0,0,0,0,0,0,0,0,0,0,1008,0,7,9611,0,0,0,9595,0,0,0,3,2650,1,0,0,0,0,16,0,0,0,0,2657,_history_tree_1_removes,3119,0,0,0,0,0,0,2664,2657,0,0,0,5321,0,0,0,0,0,7,0,0,0,0,0,0,0
103,10018649925317144938,0,0,0,0,0,0,0,0,0,0,0,0,0,0,0,0,0,0,0,0,0,0,368,0,2370,67249,0,0,0,67057,0,0,0,4,368,831,0,0,0,0,194,0,0,0,0,2690,_history_tree_2_updates,2029,0,0,0,0,0,0,5110,2690,0,0,0,7799,0,0,0,0,0,2368,0,0,0,0,0,0,0
103,10018649925317144938,0,0,0,0,0,0,0,0,0,0,0,0,0,0,0,0,0,0,0,0,0,0,921,0,4,8823,0,0,0,8809,0,0,0,5,2683,1,0,0,0,0,14,0,0,0,0,2687,_history_tree_2_removes,3106,0,0,0,0,0,0,2691,2687,0,0,0,5378,0,0,0,0,0,4,0,0,0,0,0,0,0
103,10018649925317144938,0,0,0,0,0,0,0,0,0,0,0,0,0,0,0,0,0,0,0,0,0,0,353,0,2405,68839,0,0,0,68621,0,0,0,6,353,854,0,0,0,0,219,0,0,0,0,2708,_history_tree_3_updates,2030,0,0,0,0,0,0,5162,2708,0,0,0,7870,0,0,0,0,0,2404,0,0,0,0,0,0,0
103,10018649925317144938,0,0,0,0,0,0,0,0,0,0,0,0,0,0,0,0,0,0,0,0,0,0,972,0,9,9303,0,0,0,9293,0,0,0,7,2599,4,0,0,0,0,10,0,0,0,0,2608,_history_tree_3_removes,3050,0,0,0,0,0,0,2617,2608,0,0,0,5225,0,0,0,0,0,9,0,0,0,0,0,0,0
103,10018649925317144938,0,0,0,0,0,0,0,0,0,0,0,0,0,0,0,0,0,0,0,0,0,0,305,0,2410,69103,0,0,0,68885,0,0,0,8,305,823,0,0,0,0,218,0,0,0,0,2716,_history_tree_4_updates,2020,0,0,0,0,0,0,5125,2715,0,0,0,7840,0,0,0,0,0,2410,0,0,0,0,0,0,0
103,10018649925317144938,0,0,0,0,0,0,0,0,0,0,0,0,0,0,0,0,0,0,0,0,0,0,1072,0,5,9452,0,0,0,9439,0,0,0,9,2708,0,0,0,0,0,13,0,0,0,0,2713,_history_tree_4_removes,3182,0,0,0,0,0,0,2717,2712,0,0,0,5429,0,0,0,0,0,5,0,0,0,0,0,0,0
103,10018649925317144938,0,0,0,0,0,0,0,0,0,0,0,0,0,0,0,0,0,0,0,0,0,0,394,0,2372,67573,0,0,0,67357,0,0,0,10,394,829,0,0,0,0,214,0,0,0,0,2735,_history_tree_5_updates,2069,0,0,0,0,0,0,5139,2735,0,0,0,7874,0,0,0,0,0,2372,0,0,0,0,0,0,0
103,10018649925317144938,0,0,0,0,0,0,0,0,0,0,0,0,0,0,0,0,0,0,0,0,0,0,930,0,8,8906,0,0,0,8894,0,0,0,11,2611,3,0,0,0,0,12,0,0,0,0,2619,_history_tree_5_removes,3085,0,0,0,0,0,0,2627,2619,0,0,0,5246,0,0,0,0,0,8,0,0,0,0,0,0,0
103,10018649925317144938,0,0,0,0,0,0,0,0,0,0,0,0,0,0,0,0,0,0,0,0,0,0,319,0,2402,68512,0,0,0,68293,0,0,0,12,319,842,0,0,0,0,219,0,0,0,0,2621,_history_tree_6_updates,1999,0,0,0,0,0,0,5122,2621,0,0,0,7743,0,0,0,0,0,2401,0,0,0,0,0,0,0
103,10018649925317144938,0,0,0,0,0,0,0,0,0,0,0,0,0,0,0,0,0,0,0,0,0,0,1023,0,6,9355,0,0,0,9345,0,0,0,29,2668,1,0,0,0,0,10,0,0,0,0,2674,_history_tree_14_removes,3121,0,0,0,0,0,0,2680,2674,0,0,0,5354,0,0,0,0,0,6,0,0,0,0,0,0,0
103,10018649925317144938,0,0,0,0,0,0,0,0,0,0,0,0,0,0,0,0,0,0,0,0,0,0,335,0,2387,68118,0,0,0,67908,0,0,0,30,335,846,0,0,0,0,210,0,0,0,0,2692,_history_tree_15_updates,1998,0,0,0,0,0,0,5110,2692,0,0,0,7802,0,0,0,0,0,2387,0,0,0,0,0,0,0
103,10018649925317144938,0,0,0,0,0,0,0,0,0,0,0,0,0,0,0,0,0,0,0,0,0,0,954,0,10,9102,0,0,0,9091,0,0,0,31,2611,4,0,0,0,0,11,0,0,0,0,2621,_history_tree_15_removes,3057,0,0,0,0,0,0,2631,2621,0,0,0,5252,0,0,0,0,0,10,0,0,0,0,0,0,0
103,10018649925317144938,0,0,0,0,0,0,0,0,0,0,0,0,0,0,0,0,0,0,0,0,0,0,333,0,2389,68475,0,0,0,68245,0,0,0,32,333,793,0,0,0,0,229,0,0,0,0,2724,_history_tree_16_updates,2037,0,0,0,0,0,0,5113,2724,0,0,0,7837,0,0,0,0,0,2391,0,0,0,0,0,0,0
103,10018649925317144938,0,0,0,0,0,0,0,0,0,0,0,0,0,0,0,0,0,0,0,0,0,0,1038,0,5,9390,0,0,0,9378,0,0,0,33,2656,1,0,0,0,0,11,0,0,0,0,2662,_history_tree_16_removes,3112,0,0,0,0,0,0,2667,2662,0,0,0,5329,0,0,0,0,0,5,0,0,0,0,0,0,0
103,10018649925317144938,0,0,0,0,0,0,0,0,0,0,0,0,0,0,0,0,0,0,0,0,0,0,313,0,2437,149780,0,0,0,74688,0,0,0,34,10463,2746,0,0,0,0,202,0,0,0,0,6319,_history_tree_17_updates,3948,0,0,0,0,0,0,15337,12637,1,0,0,21656,0,0,0,0,0,2436,0,0,0,0,0,0,0
103,10018649925317144938,0,0,0,0,0,0,0,0,0,0,0,0,0,0,0,0,0,0,0,0,0,0,950,0,21,9940,0,0,0,9924,0,0,0,35,2423,13,0,0,0,0,16,0,0,0,0,2444,_history_tree_17_removes,2858,0,0,0,0,0,0,2465,2444,0,0,0,4909,0,0,0,0,0,21,0,0,0,0,0,0,0
103,10018649925317144938,0,0,0,0,0,0,0,0,0,0,0,0,0,0,0,0,0,0,0,0,0,0,332,0,2374,68037,0,0,0,67825,0,0,0,36,332,823,0,0,0,0,211,0,0,0,0,2683,_history_tree_18_updates,1983,0,0,0,0,0,0,5081,2683,0,0,0,7764,0,0,0,0,0,2375,0,0,0,0,0,0,0
103,10018649925317144938,0,0,0,0,0,0,0,0,0,0,0,0,0,0,0,0,0,0,0,0,0,0,996,0,6,9271,0,0,0,9258,0,0,0,37,2651,3,0,0,0,0,13,0,0,0,0,2657,_history_tree_18_removes,3087,0,0,0,0,0,0,2663,2657,0,0,0,5320,0,0,0,0,0,6,0,0,0,0,0,0,0
103,10018649925317144938,0,0,0,0,0,0,0,0,0,0,0,0,0,0,0,0,0,0,0,0,0,0,367,0,2361,67545,0,0,0,67329,0,0,0,38,367,811,0,0,0,0,216,0,0,0,0,2660,_history_tree_19_updates,2037,0,0,0,0,0,0,5087,2660,0,0,0,7747,0,0,0,0,0,2360,0,0,0,0,0,0,0
103,10018649925317144938,0,0,0,0,0,0,0,0,0,0,0,0,0,0,0,0,0,0,0,0,0,0,981,0,6,9118,0,0,0,9100,0,0,0,39,2625,3,0,0,0,0,18,0,0,0,0,2631,_history_tree_19_removes,3067,0,0,0,0,0,0,2637,2631,0,0,0,5268,0,0,0,0,0,6,0,0,0,0,0,0,0
103,10018649925317144938,49959,0,0,0,0,0,46193,0,0,0,0,0,0,0,0,0,0,0,0,0,0,0,0,0,0,299790,0,0,0,98251,0,0,0,40,0,0,0,0,0,0,2149,0,0,96151,0,0,warehouse,0,0,0,0,0,0,0,0,0,0,0,0,0,199092,0,0,199092,0,0,0,0,0,96154,0,0,0
103,10018649925317144938,0,0,0,0,0,0,0,0,0,0,0,0,0,0,0,0,0,0,0,0,0,0,0,0,0,0,0,0,0,0,0,0,0,41,0,0,0,0,0,0,0,0,0,0,0,0,_warehouse_graveyard,0,0,0,0,0,0,0,0,0,0,0,0,0,0,0,0,0,0,0,0,0,0,0,0,0,0
103,10018649925317144938,98737,0,0,0,0,0,97226,0,0,0,0,0,0,0,0,0,0,0,0,0,0,0,0,0,0,304235,0,0,0,198140,0,0,0,42,0,0,0,0,0,0,1048,0,0,195966,0,0,district,0,0,0,0,0,0,0,0,0,0,0,0,0,105009,0,0,105011,0,0,0,0,0,195972,0,0,0
103,10018649925317144938,0,0,0,0,0,0,0,0,0,0,0,0,0,0,0,0,0,0,0,0,0,0,0,0,0,0,0,0,0,0,0,0,0,43,0,0,0,0,0,0,0,0,0,0,0,0,_district_graveyard,0,0,0,0,0,0,0,0,0,0,0,0,0,0,0,0,0,0,0,0,0,0,0,0,0,0
103,10018649925317144938,63750,0,0,0,0,0,60396,0,0,0,0,0,0,0,0,0,0,0,0,0,0,0,0,0,0,803700,0,0,0,124169,0,0,0,44,0,0,0,0,0,0,8,0,0,124151,0,0,customer,0,0,0,0,0,0,0,0,0,0,0,0,0,143729,0,0,143729,0,0,0,0,0,124147,0,0,0
103,10018649925317144938,0,0,0,0,0,0,0,0,0,0,0,0,0,0,0,0,0,0,0,0,0,0,0,0,0,0,0,0,0,0,0,0,0,45,0,0,0,0,0,0,0,0,0,0,0,0,_customer_graveyard,0,0,0,0,0,0,0,0,0,0,0,0,0,0,0,0,0,0,0,0,0,0,0,0,0,0
103,10018649925317144938,0,0,0,0,0,0,0,0,0,0,0,0,0,0,0,0,0,0,0,0,0,0,0,0,0,186798,0,0,0,0,0,0,0,46,0,0,0,0,0,0,62268,0,0,0,0,0,customerwdl,0,0,0,0,0,0,0,0,0,0,0,62270,0,62270,0,0,62271,0,0,0,0,0,0,0,0,0
103,10018649925317144938,0,0,0,0,0,0,0,0,0,0,0,0,0,0,0,0,0,0,0,0,0,0,0,0,0,0,0,0,0,0,0,0,0,47,0,0,0,0,0,0,0,0,0,0,0,0,_customerwdl_graveyard,0,0,0,0,0,0,0,0,0,0,0,0,0,0,0,0,0,0,0,0,0,0,0,0,0,0
103,10018649925317144938,0,0,0,0,0,0,0,0,0,0,0,0,0,0,0,0,0,0,0,0,0,0,0,0,2277,121725,0,0,0,40576,0,0,0,48,0,0,0,0,0,0,0,0,0,0,0,0,history,0,0,0,0,0,0,0,2301,0,0,0,0,2301,0,0,0,0,0,0,0,0,0,0,0,0,0
103,10018649925317144938,0,0,0,0,0,0,0,0,0,0,0,0,0,0,0,0,0,0,0,0,0,0,0,0,0,0,0,0,0,0,0,0,0,49,0,0,0,0,0,0,0,0,0,0,0,0,_history_graveyard,0,0,0,0,0,0,0,0,0,0,0,0,0,0,0,0,0,0,0,0,0,0,0,0,0,0
103,10018649925317144938,42946,85810,0,85810,0,0,42841,0,0,0,0,0,0,0,0,0,0,0,0,0,0,0,49591,0,2156,1178066,0,0,0,275007,0,11966,0,50,77,0,0,0,0,0,117668,0,0,0,0,0,neworder,93126,11966,0,0,0,0,0,4062,52,1,0,86073,4063,98039,0,0,98040,0,1820,0,0,0,0,0,0,0
103,10018649925317144938,0,0,0,0,0,0,0,0,0,0,0,0,0,0,0,0,0,0,0,0,0,0,0,0,0,0,0,0,0,0,0,0,0,51,0,0,0,0,0,0,0,0,0,0,0,0,_neworder_graveyard,0,0,0,0,0,0,0,0,0,0,0,0,0,0,0,0,0,0,0,0,0,0,0,0,0,0
103,10018649925317144938,43455,0,0,0,0,0,42324,0,0,0,0,0,0,0,0,0,0,0,0,0,0,0,0,0,4730,842553,0,0,0,191470,0,0,0,52,0,0,0,0,0,0,0,0,0,85773,0,0,order,0,0,0,0,0,0,0,5073,0,0,0,0,5073,89377,0,0,89377,0,0,0,0,0,85771,0,0,0
103,10018649925317144938,0,0,0,0,0,0,0,0,0,0,0,0,0,0,0,0,0,0,0,0,0,0,0,0,0,0,0,0,0,0,0,0,0,53,0,0,0,0,0,0,0,0,0,0,0,0,_order_graveyard,0,0,0,0,0,0,0,0,0,0,0,0,0,0,0,0,0,0,0,0,0,0,0,0,0,0
103,10018649925317144938,0,0,0,0,0,0,0,0,0,0,0,0,0,0,0,0,3606,0,0,0,0,0,0,0,1466,318066,0,0,0,102415,0,0,0,54,0,0,0,0,0,0,3606,0,0,0,0,0,order_wdc,0,0,0,0,0,0,0,1511,0,0,0,0,1511,3605,0,0,3605,0,0,0,0,0,0,0,0,0
103,10018649925317144938,0,0,0,0,0,0,0,0,0,0,0,0,0,0,0,0,0,0,0,0,0,0,0,0,0,0,0,0,0,0,0,0,0,55,0,0,0,0,0,0,0,0,0,0,0,0,_order_wdc_graveyard,0,0,0,0,0,0,0,0,0,0,0,0,0,0,0,0,0,0,0,0,0,0,0,0,0,0
103,10018649925317144938,433145,0,0,0,0,0,423369,0,0,0,0,0,0,0,0,0,0,0,0,0,0,0,99095,0,59986,7739643,0,0,0,1922397,0,1017,0,56,0,0,0,0,0,0,12520,0,0,856546,0,0,orderline,1799941,1017,0,0,0,0,0,60814,0,0,0,12434,60815,1812374,0,0,1812373,0,0,0,0,0,856545,0,0,0
103,10018649925317144938,0,0,0,0,0,0,0,0,0,0,0,0,0,0,0,0,0,0,0,0,0,0,0,0,0,0,0,0,0,0,0,0,0,57,0,0,0,0,0,0,0,0,0,0,0,0,_orderline_graveyard,0,0,0,0,0,0,0,0,0,0,0,0,0,0,0,0,0,0,0,0,0,0,0,0,0,0
103,10018649925317144938,0,0,0,0,0,0,0,0,0,0,0,0,0,0,0,0,0,0,0,0,0,0,0,0,0,2011525,0,0,0,0,0,0,0,58,0,0,0,0,0,0,0,0,0,0,0,0,item,0,0,0,0,0,0,0,0,0,0,0,0,0,1005788,0,0,1005787,0,0,0,0,0,0,0,0,0
104,10018649925317144938,0,0,0,0,0,0,0,0,0,0,0,0,0,0,0,0,0,0,0,0,0,0,0,0,0,0,0,0,0,0,0,0,0,61,0,0,0,0,0,0,0,0,0,0,0,0,_stock_graveyard,0,0,0,0,0,0,0,0,0,0,0,0,0,0,0,0,0,0,0,0,0,0,0,0,0,0
104,10018649925317144938,492696,0,0,0,0,0,480299,0,0,0,0,0,0,0,0,0,0,0,0,0,0,0,0,0,0,14795124,0,0,0,974087,0,0,0,60,0,0,0,0,0,0,959,0,0,972988,0,0,stock,0,0,0,0,0,0,0,0,0,0,0,0,0,2723712,0,0,2723696,0,0,0,0,0,973003,0,0,0
104,10018649925317144938,0,0,0,0,0,0,0,0,0,0,0,0,0,0,0,0,0,0,0,0,0,0,0,0,0,0,0,0,0,0,0,0,0,59,0,0,0,0,0,0,0,0,0,0,0,0,_item_graveyard,0,0,0,0,0,0,0,0,0,0,0,0,0,0,0,0,0,0,0,0,0,0,0,0,0,0
104,10018649925317144938,0,0,0,0,0,0,0,0,0,0,0,0,0,0,0,0,0,0,0,0,0,0,367,0,2336,66965,0,0,0,66783,0,0,0,28,367,798,0,0,0,0,181,0,0,0,0,2683,_history_tree_14_updates,2012,0,0,0,0,0,0,5040,2683,0,0,0,7723,0,0,0,0,0,2336,0,0,0,0,0,0,0
104,10018649925317144938,0,0,0,0,0,0,0,0,0,0,0,0,0,0,0,0,0,0,0,0,0,0,1030,0,4,9142,0,0,0,9133,0,0,0,27,2594,2,0,0,0,0,9,0,0,0,0,2598,_history_tree_13_removes,3031,0,0,0,0,0,0,2602,2598,0,0,0,5200,0,0,0,0,0,4,0,0,0,0,0,0,0
104,10018649925317144938,0,0,0,0,0,0,0,0,0,0,0,0,0,0,0,0,0,0,0,0,0,0,347,0,2317,66466,0,0,0,66275,0,0,0,26,347,793,0,0,0,0,189,0,0,0,0,2630,_history_tree_13_updates,1995,0,0,0,0,0,0,4981,2631,0,0,0,7612,0,0,0,0,0,2318,0,0,0,0,0,0,0
104,10018649925317144938,0,0,0,0,0,0,0,0,0,0,0,0,0,0,0,0,0,0,0,0,0,0,921,0,5,8535,0,0,0,8524,0,0,0,25,2645,1,0,0,0,0,11,0,0,0,0,2650,_history_tree_12_removes,3109,0,0,0,0,0,0,2655,2650,0,0,0,5305,0,0,0,0,0,5,0,0,0,0,0,0,0
104,10018649925317144938,0,0,0,0,0,0,0,0,0,0,0,0,0,0,0,0,0,0,0,0,0,0,332,0,2291,65142,0,0,0,64932,0,0,0,24,332,723,0,0,0,0,209,0,0,0,0,2604,_history_tree_12_updates,2039,0,0,0,0,0,0,4910,2604,0,0,0,7514,0,0,0,0,0,2287,0,0,0,0,0,0,0
104,10018649925317144938,0,0,0,0,0,0,0,0,0,0,0,0,0,0,0,0,0,0,0,0,0,0,974,0,3,9043,0,0,0,9031,0,0,0,23,2548,2,0,0,0,0,12,0,0,0,0,2551,_history_tree_11_removes,2986,0,0,0,0,0,0,2554,2551,0,0,0,5105,0,0,0,0,0,3,0,0,0,0,0,0,0
104,10018649925317144938,0,0,0,0,0,0,0,0,0,0,0,0,0,0,0,0,0,0,0,0,0,0,321,0,2318,66476,0,0,0,66253,0,0,0,22,321,770,0,0,0,0,223,0,0,0,0,2610,_history_tree_11_updates,1995,0,0,0,0,0,0,4956,2608,0,0,0,7564,0,0,0,0,0,2317,0,0,0,0,0,0,0
104,10018649925317144938,0,0,0,0,0,0,0,0,0,0,0,0,0,0,0,0,0,0,0,0,0,0,1079,0,3,9316,0,0,0,9306,0,0,0,21,2599,2,0,0,0,0,10,0,0,0,0,2602,_history_tree_10_removes,3068,0,0,0,0,0,0,2605,2602,0,0,0,5207,0,0,0,0,0,3,0,0,0,0,0,0,0
104,10018649925317144938,0,0,0,0,0,0,0,0,0,0,0,0,0,0,0,0,0,0,0,0,0,0,306,0,2319,66872,0,0,0,66679,0,0,0,20,306,774,0,0,0,0,193,0,0,0,0,2615,_history_tree_10_updates,1992,0,0,0,0,0,0,4945,2615,0,0,0,7560,0,0,0,0,0,2319,0,0,0,0,0,0,0
104,10018649925317144938,0,0,0,0,0,0,0,0,0,0,0,0,0,0,0,0,0,0,0,0,0,0,926,0,6,8813,0,0,0,8800,0,0,0,19,2590,3,0,0,0,0,13,0,0,0,0,2596,_history_tree_9_removes,3037,0,0,0,0,0,0,2602,2596,0,0,0,5198,0,0,0,0,0,6,0,0,0,0,0,0,0
104,10018649925317144938,0,0,0,0,0,0,0,0,0,0,0,0,0,0,0,0,0,0,0,0,0,0,340,0,2304,65865,0,0,0,65680,0,0,0,18,340,771,0,0,0,0,185,0,0,0,0,2634,_history_tree_9_updates,2006,0,0,0,0,0,0,4950,2634,0,0,0,7584,0,0,0,0,0,2305,0,0,0,0,0,0,0
104,10018649925317144938,0,0,0,0,0,0,0,0,0,0,0,0,0,0,0,0,0,0,0,0,0,0,1029,0,3,9140,0,0,0,9122,0,0,0,17,2598,1,0,0,0,0,18,0,0,0,0,2601,_history_tree_8_removes,3052,0,0,0,0,0,0,2604,2601,0,0,0,5205,0,0,0,0,0,3,0,0,0,0,0,0,0
104,10018649925317144938,0,0,0,0,0,0,0,0,0,0,0,0,0,0,0,0,0,0,0,0,0,0,343,0,2323,66675,0,0,0,66483,0,0,0,16,343,780,0,0,0,0,193,0,0,0,0,2665,_history_tree_8_updates,2015,0,0,0,0,0,0,4990,2665,0,0,0,7655,0,0,0,0,0,2325,0,0,0,0,0,0,0
104,10018649925317144938,0,0,0,0,0,0,0,0,0,0,0,0,0,0,0,0,0,0,0,0,0,0,1028,0,8,9510,0,0,0,9497,0,0,0,15,2622,1,0,0,0,0,13,0,0,0,0,2630,_history_tree_7_removes,3070,0,0,0,0,0,0,2638,2630,0,0,0,5268,0,0,0,0,0,8,0,0,0,0,0,0,0
104,10018649925317144938,0,0,0,0,0,0,0,0,0,0,0,0,0,0,0,0,0,0,0,0,0,0,341,0,2351,67744,0,0,0,67537,0,0,0,14,341,798,0,0,0,0,208,0,0,0,0,2690,_history_tree_7_updates,2013,0,0,0,0,0,0,5045,2690,0,0,0,7735,0,0,0,0,0,2353,0,0,0,0,0,0,0
104,10018649925317144938,0,0,0,0,0,0,0,0,0,0,0,0,0,0,0,0,0,0,0,0,0,0,1004,0,6,9201,0,0,0,9183,0,0,0,13,2512,4,0,0,0,0,18,0,0,0,0,2519,_history_tree_6_removes,2925,0,0,0,0,0,0,2525,2519,0,0,0,5044,0,0,0,0,0,6,0,0,0,0,0,0,0
104,10018649925317144938,0,0,0,0,0,0,0,0,0,0,0,0,0,21863647,22422941,0,0,0,0,0,0,0,329,0,2300,65697,0,0,0,65469,0,0,0,0,329,759,0,0,0,0,228,0,0,0,0,2586,_history_tree_0_updates,1996,0,1475428,0,0,0,0,4929,2586,0,0,0,7516,0,0,0,0,0,2301,0,0,0,0,701625,0,0
104,10018649925317144938,0,0,0,0,0,0,0,0,0,0,0,0,0,0,0,0,0,0,0,0,0,0,976,0,6,8867,0,0,0,8855,0,0,0,1,2616,4,0,0,0,0,12,0,0,0,0,2622,_history_tree_0_removes,3057,0,0,0,0,0,0,2628,2622,0,0,0,5250,0,0,0,0,0,6,0,0,0,0,0,0,0
104,10018649925317144938,0,0,0,0,0,0,0,0,0,0,0,0,0,0,0,0,0,0,0,0,0,0,326,0,2287,65241,0,0,0,65031,0,0,0,2,326,768,0,0,0,0,207,0,0,0,0,2600,_history_tree_1_updates,1962,0,0,0,0,0,0,4900,2600,0,0,0,7500,0,0,0,0,0,2288,0,0,0,0,0,0,0
104,10018649925317144938,0,0,0,0,0,0,0,0,0,0,0,0,0,0,0,0,0,0,0,0,0,0,998,0,3,8716,0,0,0,8706,0,0,0,3,2615,0,0,0,0,0,10,0,0,0,0,2618,_history_tree_1_removes,3061,0,0,0,0,0,0,2621,2618,0,0,0,5239,0,0,0,0,0,3,0,0,0,0,0,0,0
104,10018649925317144938,0,0,0,0,0,0,0,0,0,0,0,0,0,0,0,0,0,0,0,0,0,0,309,0,2315,66428,0,0,0,66205,0,0,0,4,309,770,0,0,0,0,221,0,0,0,0,2605,_history_tree_2_updates,1957,0,0,0,0,0,0,4938,2605,0,0,0,7543,0,0,0,0,0,2314,0,0,0,0,0,0,0
104,10018649925317144938,0,0,0,0,0,0,0,0,0,0,0,0,0,0,0,0,0,0,0,0,0,0,1050,0,3,9086,0,0,0,9070,0,0,0,5,2591,1,0,0,0,0,16,0,0,0,0,2594,_history_tree_2_removes,3032,0,0,0,0,0,0,2598,2595,0,0,0,5193,0,0,0,0,0,3,0,0,0,0,0,0,0
104,10018649925317144938,0,0,0,0,0,0,0,0,0,0,0,0,0,0,0,0,0,0,0,0,0,0,331,0,2343,67745,0,0,0,67559,0,0,0,6,331,826,0,0,0,0,186,0,0,0,0,2633,_history_tree_3_updates,1964,0,0,0,0,0,0,5017,2633,0,0,0,7650,0,0,0,0,0,2343,0,0,0,0,0,0,0
104,10018649925317144938,0,0,0,0,0,0,0,0,0,0,0,0,0,0,0,0,0,0,0,0,0,0,1085,0,6,9585,0,0,0,9566,0,0,0,7,2523,3,0,0,0,0,19,0,0,0,0,2529,_history_tree_3_removes,2989,0,0,0,0,0,0,2535,2529,0,0,0,5064,0,0,0,0,0,6,0,0,0,0,0,0,0
104,10018649925317144938,0,0,0,0,0,0,0,0,0,0,0,0,0,0,0,0,0,0,0,0,0,0,337,0,2356,68278,0,0,0,68079,0,0,0,8,337,836,0,0,0,0,199,0,0,0,0,2673,_history_tree_4_updates,1975,0,0,0,0,0,0,5050,2673,0,0,0,7723,0,0,0,0,0,2356,0,0,0,0,0,0,0
104,10018649925317144938,0,0,0,0,0,0,0,0,0,0,0,0,0,0,0,0,0,0,0,0,0,0,1075,0,6,9662,0,0,0,9642,0,0,0,9,2493,1,0,0,0,0,20,0,0,0,0,2499,_history_tree_4_removes,2951,0,0,0,0,0,0,2505,2499,0,0,0,5004,0,0,0,0,0,6,0,0,0,0,0,0,0
104,10018649925317144938,0,0,0,0,0,0,0,0,0,0,0,0,0,0,0,0,0,0,0,0,0,0,325,0,2333,66495,0,0,0,66263,0,0,0,10,325,783,0,0,0,0,231,0,0,0,0,2654,_history_tree_5_updates,2001,0,0,0,0,0,0,4989,2655,0,0,0,7644,0,0,0,0,0,2332,0,0,0,0,0,0,0
104,10018649925317144938,0,0,0,0,0,0,0,0,0,0,0,0,0,0,0,0,0,0,0,0,0,0,940,0,6,8836,0,0,0,8827,0,0,0,11,2637,2,0,0,0,0,9,0,0,0,0,2643,_history_tree_5_removes,3076,0,0,0,0,0,0,2649,2643,0,0,0,5292,0,0,0,0,0,6,0,0,0,0,0,0,0
104,10018649925317144938,0,0,0,0,0,0,0,0,0,0,0,0,0,0,0,0,0,0,0,0,0,0,354,0,2319,66703,0,0,0,66506,0,0,0,12,354,802,0,0,0,0,198,0,0,0,0,2620,_history_tree_6_updates,1969,0,0,0,0,0,0,4996,2620,0,0,0,7616,0,0,0,0,0,2322,0,0,0,0,0,0,0
104,10018649925317144938,0,0,0,0,0,0,0,0,0,0,0,0,0,0,0,0,0,0,0,0,0,0,946,0,7,9084,0,0,0,9064,0,0,0,29,2583,3,0,0,0,0,20,0,0,0,0,2590,_history_tree_14_removes,3007,0,0,0,0,0,0,2597,2590,0,0,0,5187,0,0,0,0,0,7,0,0,0,0,0,0,0
104,10018649925317144938,0,0,0,0,0,0,0,0,0,0,0,0,0,0,0,0,0,0,0,0,0,0,358,0,2326,66376,0,0,0,66165,0,0,0,30,358,791,0,0,0,0,209,0,0,0,0,2660,_history_tree_15_updates,2014,0,0,0,0,0,0,5008,2660,0,0,0,7668,0,0,0,0,0,2325,0,0,0,0,0,0,0
104,10018649925317144938,0,0,0,0,0,0,0,0,0,0,0,0,0,0,0,0,0,0,0,0,0,0,957,0,7,8858,0,0,0,8843,0,0,0,31,2559,1,0,0,0,0,15,0,0,0,0,2566,_history_tree_15_removes,3001,0,0,0,0,0,0,2573,2566,0,0,0,5139,0,0,0,0,0,7,0,0,0,0,0,0,0
104,10018649925317144938,0,0,0,0,0,0,0,0,0,0,0,0,0,0,0,0,0,0,0,0,0,0,322,0,2323,66501,0,0,0,66305,0,0,0,32,322,766,0,0,0,0,196,0,0,0,0,2644,_history_tree_16_updates,1999,0,0,0,0,0,0,4967,2644,0,0,0,7611,0,0,0,0,0,2322,0,0,0,0,0,0,0
104,10018649925317144938,0,0,0,0,0,0,0,0,0,0,0,0,0,0,0,0,0,0,0,0,0,0,949,0,5,8990,0,0,0,8982,0,0,0,33,2574,0,0,0,0,0,8,0,0,0,0,2578,_history_tree_16_removes,3016,0,0,0,0,0,0,2583,2578,0,0,0,5161,0,0,0,0,0,5,0,0,0,0,0,0,0
104,10018649925317144938,0,0,0,0,0,0,0,0,0,0,0,0,0,0,0,0,0,0,0,0,0,0,404,0,2365,144574,0,0,0,72065,0,0,0,34,10551,2765,0,0,0,0,220,0,0,0,0,6310,_history_tree_17_updates,3951,0,0,0,0,0,0,15285,12618,2,0,0,21595,0,0,0,0,0,2367,0,0,0,0,0,0,0
104,10018649925317144938,0,0,0,0,0,0,0,0,0,0,0,0,0,0,0,0,0,0,0,0,0,0,844,0,22,9229,0,0,0,9218,0,0,0,35,2466,17,0,0,0,0,11,0,0,0,0,2488,_history_tree_17_removes,2869,0,0,0,0,0,0,2510,2488,0,0,0,4998,0,0,0,0,0,22,0,0,0,0,0,0,0
104,10018649925317144938,0,0,0,0,0,0,0,0,0,0,0,0,0,0,0,0,0,0,0,0,0,0,341,0,2371,68489,0,0,0,68314,0,0,0,36,341,847,0,0,0,0,174,0,0,0,0,2707,_history_tree_18_updates,1988,0,0,0,0,0,0,5082,2707,0,0,0,7789,0,0,0,0,0,2371,0,0,0,0,0,0,0
104,10018649925317144938,0,0,0,0,0,0,0,0,0,0,0,0,0,0,0,0,0,0,0,0,0,0,1086,0,4,9699,0,0,0,9681,0,0,0,37,2565,1,0,0,0,0,18,0,0,0,0,2569,_history_tree_18_removes,3027,0,0,0,0,0,0,2574,2570,0,0,0,5144,0,0,0,0,0,4,0,0,0,0,0,0,0
104,10018649925317144938,0,0,0,0,0,0,0,0,0,0,0,0,0,0,0,0,0,0,0,0,0,0,343,0,2368,67980,0,0,0,67766,0,0,0,38,343,839,0,0,0,0,212,0,0,0,0,2678,_history_tree_19_updates,1999,0,0,0,0,0,0,5081,2678,0,0,0,7759,0,0,0,0,0,2370,0,0,0,0,0,0,0
104,10018649925317144938,0,0,0,0,0,0,0,0,0,0,0,0,0,0,0,0,0,0,0,0,0,0,1023,0,5,9317,0,0,0,9304,0,0,0,39,2571,2,0,0,0,0,13,0,0,0,0,2576,_history_tree_19_removes,3031,0,0,0,0,0,0,2581,2576,0,0,0,5157,0,0,0,0,0,5,0,0,0,0,0,0,0
104,10018649925317144938,47461,0,0,0,0,0,44830,0,0,0,0,0,0,0,0,0,0,0,0,0,0,0,0,0,0,288482,0,0,0,94244,0,0,0,40,0,0,0,0,0,0,2127,0,0,92290,0,0,warehouse,0,0,0,0,0,0,0,0,0,0,0,0,0,191854,0,0,191852,0,0,0,0,0,92285,0,0,0
104,10018649925317144938,0,0,0,0,0,0,0,0,0,0,0,0,0,0,0,0,0,0,0,0,0,0,0,0,0,0,0,0,0,0,0,0,0,41,0,0,0,0,0,0,0,0,0,0,0,0,_warehouse_graveyard,0,0,0,0,0,0,0,0,0,0,0,0,0,0,0,0,0,0,0,0,0,0,0,0,0,0
104,10018649925317144938,95576,0,0,0,0,0,93280,0,0,0,0,0,0,0,0,0,0,0,0,0,0,0,0,0,0,292988,0,0,0,190933,0,0,0,42,0,0,0,0,0,0,948,0,0,188848,0,0,district,0,0,0,0,0,0,0,0,0,0,0,0,0,101045,0,0,101042,0,0,0,0,0,188840,0,0,0
104,10018649925317144938,0,0,0,0,0,0,0,0,0,0,0,0,0,0,0,0,0,0,0,0,0,0,0,0,0,0,0,0,0,0,0,0,0,43,0,0,0,0,0,0,0,0,0,0,0,0,_district_graveyard,0,0,0,0,0,0,0,0,0,0,0,0,0,0,0,0,0,0,0,0,0,0,0,0,0,0
104,10018649925317144938,61990,0,0,0,0,0,59276,0,0,0,0,0,0,0,0,0,0,0,0,0,0,0,0,0,0,779165,0,0,0,121271,0,0,0,44,0,0,0,0,0,0,6,0,0,121261,0,0,customer,0,0,0,0,0,0,0,0,0,0,0,0,0,138432,0,0,138431,0,0,0,0,0,121256,0,0,0
104,10018649925317144938,0,0,0,0,0,0,0,0,0,0,0,0,0,0,0,0,0,0,0,0,0,0,0,0,0,0,0,0,0,0,0,0,0,45,0,0,0,0,0,0,0,0,0,0,0,0,_customer_graveyard,0,0,0,0,0,0,0,0,0,0,0,0,0,0,0,0,0,0,0,0,0,0,0,0,0,0
104,10018649925317144938,0,0,0,0,0,0,0,0,0,0,0,0,0,0,0,0,0,0,0,0,0,0,0,0,0,180720,0,0,0,0,0,0,0,46,0,0,0,0,0,0,60237,0,0,0,0,0,customerwdl,0,0,0,0,0,0,0,0,0,0,0,60235,0,60235,0,0,60234,0,0,0,0,0,0,0,0,0
104,10018649925317144938,0,0,0,0,0,0,0,0,0,0,0,0,0,0,0,0,0,0,0,0,0,0,0,0,0,0,0,0,0,0,0,0,0,47,0,0,0,0,0,0,0,0,0,0,0,0,_customerwdl_graveyard,0,0,0,0,0,0,0,0,0,0,0,0,0,0,0,0,0,0,0,0,0,0,0,0,0,0
104,10018649925317144938,0,0,0,0,0,0,0,0,0,0,0,0,0,0,0,0,0,0,0,0,0,0,0,0,2173,115920,0,0,0,38639,0,0,0,48,0,0,0,0,0,0,0,0,0,0,0,0,history,0,0,0,0,0,0,0,2205,0,0,0,0,2205,0,0,0,0,0,0,0,0,0,0,0,0,0
104,10018649925317144938,0,0,0,0,0,0,0,0,0,0,0,0,0,0,0,0,0,0,0,0,0,0,0,0,0,0,0,0,0,0,0,0,0,49,0,0,0,0,0,0,0,0,0,0,0,0,_history_graveyard,0,0,0,0,0,0,0,0,0,0,0,0,0,0,0,0,0,0,0,0,0,0,0,0,0,0
104,10018649925317144938,42444,84790,0,84790,0,0,42362,0,0,0,0,0,0,0,0,0,0,0,0,0,0,0,48456,0,2035,1158027,0,0,0,269491,0,9916,0,50,93,0,0,0,0,0,116498,0,0,0,0,0,neworder,89784,9917,0,0,0,0,0,3937,76,1,0,85083,3938,95002,0,0,95004,0,1801,0,0,0,0,0,0,0
104,10018649925317144938,0,0,0,0,0,0,0,0,0,0,0,0,0,0,0,0,0,0,0,0,0,0,0,0,0,0,0,0,0,0,0,0,0,51,0,0,0,0,0,0,0,0,0,0,0,0,_neworder_graveyard,0,0,0,0,0,0,0,0,0,0,0,0,0,0,0,0,0,0,0,0,0,0,0,0,0,0
104,10018649925317144938,43023,0,0,0,0,0,41799,0,0,0,0,0,0,0,0,0,0,0,0,0,0,0,0,0,4461,825521,0,0,0,186868,0,0,0,52,0,0,0,0,0,0,0,0,0,84826,0,0,order,0,0,0,0,0,0,0,4679,0,0,0,0,4679,88314,0,0,88315,0,0,0,0,0,84828,0,0,0
104,10018649925317144938,0,0,0,0,0,0,0,0,0,0,0,0,0,0,0,0,0,0,0,0,0,0,0,0,0,0,0,0,0,0,0,0,0,53,0,0,0,0,0,0,0,0,0,0,0,0,_order_graveyard,0,0,0,0,0,0,0,0,0,0,0,0,0,0,0,0,0,0,0,0,0,0,0,0,0,0
104,10018649925317144938,0,0,0,0,0,0,0,0,0,0,0,0,0,0,0,0,3486,0,0,0,0,0,0,0,1401,307374,0,0,0,98972,0,0,0,54,0,0,0,0,0,0,3486,0,0,0,0,0,order_wdc,0,0,0,0,0,0,0,1440,0,0,0,0,1440,3486,0,0,3486,0,0,0,0,0,0,0,0,0
104,10018649925317144938,0,0,0,0,0,0,0,0,0,0,0,0,0,0,0,0,0,0,0,0,0,0,0,0,0,0,0,0,0,0,0,0,0,55,0,0,0,0,0,0,0,0,0,0,0,0,_order_wdc_graveyard,0,0,0,0,0,0,0,0,0,0,0,0,0,0,0,0,0,0,0,0,0,0,0,0,0,0
104,10018649925317144938,429035,0,0,0,0,0,419137,0,0,0,0,0,0,0,0,0,0,0,0,0,0,0,98383,0,57914,7558497,0,0,0,1877286,0,923,0,56,0,0,0,0,0,0,12333,0,0,848174,0,0,orderline,1788404,923,0,0,0,0,0,58688,0,0,0,12261,58688,1800657,0,0,1800659,0,0,0,0,0,848185,0,0,0
104,10018649925317144938,0,0,0,0,0,0,0,0,0,0,0,0,0,0,0,0,0,0,0,0,0,0,0,0,0,0,0,0,0,0,0,0,0,57,0,0,0,0,0,0,0,0,0,0,0,0,_orderline_graveyard,0,0,0,0,0,0,0,0,0,0,0,0,0,0,0,0,0,0,0,0,0,0,0,0,0,0
104,10018649925317144938,0,0,0,0,0,0,0,0,0,0,0,0,0,0,0,0,0,0,0,0,0,0,0,0,0,1942178,0,0,0,0,0,0,0,58,0,0,0,0,0,0,0,0,0,0,0,0,item,0,0,0,0,0,0,0,0,0,0,0,0,0,971031,0,0,971027,0,0,0,0,0,0,0,0,0
105,10018649925317144938,0,0,0,0,0,0,0,0,0,0,0,0,0,0,0,0,0,0,0,0,0,0,0,0,0,0,0,0,0,0,0,0,0,61,0,0,0,0,0,0,0,0,0,0,0,0,_stock_graveyard,0,0,0,0,0,0,0,0,0,0,0,0,0,0,0,0,0,0,0,0,0,0,0,0,0,0
105,10018649925317144938,505107,0,0,0,0,0,493118,0,0,0,0,0,0,0,0,0,0,0,0,0,0,0,0,0,0,15209160,0,0,0,999270,0,0,0,60,0,0,0,0,0,0,1081,0,0,998239,0,0,stock,0,0,0,0,0,0,0,0,0,0,0,0,0,2801958,0,0,2801955,0,0,0,0,0,998234,0,0,0
105,10018649925317144938,0,0,0,0,0,0,0,0,0,0,0,0,0,0,0,0,0,0,0,0,0,0,0,0,0,0,0,0,0,0,0,0,0,59,0,0,0,0,0,0,0,0,0,0,0,0,_item_graveyard,0,0,0,0,0,0,0,0,0,0,0,0,0,0,0,0,0,0,0,0,0,0,0,0,0,0
105,10018649925317144938,0,0,0,0,0,0,0,0,0,0,0,0,0,0,0,0,0,0,0,0,0,0,358,0,2382,68271,0,0,0,68090,0,0,0,28,358,826,0,0,0,0,182,0,0,0,0,2688,_history_tree_14_updates,2044,0,0,0,0,0,0,5121,2688,0,0,0,7809,0,0,0,0,0,2382,0,0,0,0,0,0,0
105,10018649925317144938,0,0,0,0,0,0,0,0,0,0,0,0,0,0,0,0,0,0,0,0,0,0,1071,0,6,9496,0,0,0,9478,0,0,0,27,2659,1,0,0,0,0,18,0,0,0,0,2665,_history_tree_13_removes,3126,0,0,0,0,0,0,2671,2665,0,0,0,5336,0,0,0,0,0,6,0,0,0,0,0,0,0
105,10018649925317144938,0,0,0,0,0,0,0,0,0,0,0,0,0,0,0,0,0,0,0,0,0,0,293,0,2421,69385,0,0,0,69177,0,0,0,26,293,800,0,0,0,0,208,0,0,0,0,2701,_history_tree_13_updates,2040,0,0,0,0,0,0,5136,2700,0,0,0,7836,0,0,0,0,0,2422,0,0,0,0,0,0,0
105,10018649925317144938,0,0,0,0,0,0,0,0,0,0,0,0,0,0,0,0,0,0,0,0,0,0,991,0,10,9645,0,0,0,9632,0,0,0,25,2554,3,0,0,0,0,13,0,0,0,0,2565,_history_tree_12_removes,3019,0,0,0,0,0,0,2575,2565,0,0,0,5140,0,0,0,0,0,10,0,0,0,0,0,0,0
105,10018649925317144938,0,0,0,0,0,0,0,0,0,0,0,0,0,0,0,0,0,0,0,0,0,0,359,0,2411,69348,0,0,0,69134,0,0,0,24,359,899,0,0,0,0,212,0,0,0,0,2746,_history_tree_12_updates,2013,0,0,0,0,0,0,5183,2746,0,0,0,7929,0,0,0,0,0,2413,0,0,0,0,0,0,0
105,10018649925317144938,0,0,0,0,0,0,0,0,0,0,0,0,0,0,0,0,0,0,0,0,0,0,1072,0,5,9433,0,0,0,9418,0,0,0,23,2652,1,0,0,0,0,15,0,0,0,0,2657,_history_tree_11_removes,3130,0,0,0,0,0,0,2662,2657,0,0,0,5319,0,0,0,0,0,5,0,0,0,0,0,0,0
105,10018649925317144938,0,0,0,0,0,0,0,0,0,0,0,0,0,0,0,0,0,0,0,0,0,0,324,0,2404,68934,0,0,0,68706,0,0,0,22,324,846,0,0,0,0,227,0,0,0,0,2730,_history_tree_11_updates,2018,0,0,0,0,0,0,5134,2730,0,0,0,7864,0,0,0,0,0,2406,0,0,0,0,0,0,0
105,10018649925317144938,0,0,0,0,0,0,0,0,0,0,0,0,0,0,0,0,0,0,0,0,0,0,1058,0,4,9439,0,0,0,9424,0,0,0,21,2720,1,0,0,0,0,15,0,0,0,0,2724,_history_tree_10_removes,3170,0,0,0,0,0,0,2728,2724,0,0,0,5452,0,0,0,0,0,4,0,0,0,0,0,0,0
105,10018649925317144938,0,0,0,0,0,0,0,0,0,0,0,0,0,0,0,0,0,0,0,0,0,0,312,0,2406,69019,0,0,0,68826,0,0,0,20,312,777,0,0,0,0,194,0,0,0,0,2703,_history_tree_10_updates,2058,0,0,0,0,0,0,5122,2703,0,0,0,7827,0,0,0,0,0,2406,0,0,0,0,0,0,0
105,10018649925317144938,0,0,0,0,0,0,0,0,0,0,0,0,0,0,0,0,0,0,0,0,0,0,1036,0,3,9380,0,0,0,9369,0,0,0,19,2659,0,0,0,0,0,11,0,0,0,0,2662,_history_tree_9_removes,3097,0,0,0,0,0,0,2665,2662,0,0,0,5327,0,0,0,0,0,3,0,0,0,0,0,0,0
105,10018649925317144938,0,0,0,0,0,0,0,0,0,0,0,0,0,0,0,0,0,0,0,0,0,0,286,0,2402,68796,0,0,0,68592,0,0,0,18,286,813,0,0,0,0,205,0,0,0,0,2676,_history_tree_9_updates,1985,0,0,0,0,0,0,5089,2676,0,0,0,7765,0,0,0,0,0,2402,0,0,0,0,0,0,0
105,10018649925317144938,0,0,0,0,0,0,0,0,0,0,0,0,0,0,0,0,0,0,0,0,0,0,1007,0,7,9377,0,0,0,9361,0,0,0,17,2635,3,0,0,0,0,16,0,0,0,0,2642,_history_tree_8_removes,3106,0,0,0,0,0,0,2649,2642,0,0,0,5291,0,0,0,0,0,7,0,0,0,0,0,0,0
105,10018649925317144938,0,0,0,0,0,0,0,0,0,0,0,0,0,0,0,0,0,0,0,0,0,0,360,0,2406,69029,0,0,0,68810,0,0,0,16,360,841,0,0,0,0,217,0,0,0,0,2744,_history_tree_8_updates,2072,0,0,0,0,0,0,5172,2744,0,0,0,7916,0,0,0,0,0,2406,0,0,0,0,0,0,0
105,10018649925317144938,0,0,0,0,0,0,0,0,0,0,0,0,0,0,0,0,0,0,0,0,0,0,1075,0,4,9459,0,0,0,9442,0,0,0,15,2650,0,0,0,0,0,17,0,0,0,0,2654,_history_tree_7_removes,3135,0,0,0,0,0,0,2658,2654,0,0,0,5312,0,0,0,0,0,4,0,0,0,0,0,0,0
105,10018649925317144938,0,0,0,0,0,0,0,0,0,0,0,0,0,0,0,0,0,0,0,0,0,0,323,0,2389,68750,0,0,0,68538,0,0,0,14,323,793,0,0,0,0,212,0,0,0,0,2685,_history_tree_7_updates,2042,0,0,0,0,0,0,5098,2685,0,0,0,7783,0,0,0,0,0,2386,0,0,0,0,0,0,0
105,10018649925317144938,0,0,0,0,0,0,0,0,0,0,0,0,0,0,0,0,0,0,0,0,0,0,1034,0,9,9518,0,0,0,9506,0,0,0,13,2624,5,0,0,0,0,12,0,0,0,0,2632,_history_tree_6_removes,3098,0,0,0,0,0,0,2641,2632,0,0,0,5273,0,0,0,0,0,9,0,0,0,0,0,0,0
105,10018649925317144938,0,0,0,0,0,0,0,0,0,0,0,0,0,22523573,23085028,0,0,0,0,0,0,0,348,0,2421,69648,0,0,0,69428,0,0,0,0,348,857,0,0,0,0,217,0,0,0,0,2749,_history_tree_0_updates,2041,0,1520541,0,0,0,0,5191,2750,0,0,0,7940,0,0,0,0,0,2422,0,0,0,0,723946,0,0
105,10018649925317144938,0,0,0,0,0,0,0,0,0,0,0,0,0,0,0,0,0,0,0,0,0,0,1017,0,8,9525,0,0,0,9517,0,0,0,1,2617,3,0,0,0,0,8,0,0,0,0,2625,_history_tree_0_removes,3072,0,0,0,0,0,0,2633,2625,0,0,0,5258,0,0,0,0,0,8,0,0,0,0,0,0,0
105,10018649925317144938,0,0,0,0,0,0,0,0,0,0,0,0,0,0,0,0,0,0,0,0,0,0,325,0,2444,70298,0,0,0,70094,0,0,0,2,325,901,0,0,0,0,200,0,0,0,0,2749,_history_tree_1_updates,1975,0,0,0,0,0,0,5212,2749,0,0,0,7961,0,0,0,0,0,2442,0,0,0,0,0,0,0
105,10018649925317144938,0,0,0,0,0,0,0,0,0,0,0,0,0,0,0,0,0,0,0,0,0,0,1049,0,7,9747,0,0,0,9727,0,0,0,3,2551,1,0,0,0,0,20,0,0,0,0,2558,_history_tree_1_removes,3004,0,0,0,0,0,0,2565,2558,0,0,0,5123,0,0,0,0,0,7,0,0,0,0,0,0,0
105,10018649925317144938,0,0,0,0,0,0,0,0,0,0,0,0,0,0,0,0,0,0,0,0,0,0,327,0,2411,68618,0,0,0,68397,0,0,0,4,327,818,0,0,0,0,220,0,0,0,0,2740,_history_tree_2_updates,2056,0,0,0,0,0,0,5151,2740,0,0,0,7891,0,0,0,0,0,2413,0,0,0,0,0,0,0
105,10018649925317144938,0,0,0,0,0,0,0,0,0,0,0,0,0,0,0,0,0,0,0,0,0,0,960,0,6,9199,0,0,0,9183,0,0,0,5,2707,1,0,0,0,0,16,0,0,0,0,2713,_history_tree_2_removes,3160,0,0,0,0,0,0,2718,2712,0,0,0,5430,0,0,0,0,0,6,0,0,0,0,0,0,0
105,10018649925317144938,0,0,0,0,0,0,0,0,0,0,0,0,0,0,0,0,0,0,0,0,0,0,329,0,2421,69505,0,0,0,69296,0,0,0,6,329,858,0,0,0,0,207,0,0,0,0,2714,_history_tree_3_updates,2030,0,0,0,0,0,0,5171,2714,0,0,0,7885,0,0,0,0,0,2421,0,0,0,0,0,0,0
105,10018649925317144938,0,0,0,0,0,0,0,0,0,0,0,0,0,0,0,0,0,0,0,0,0,0,1015,0,8,9482,0,0,0,9471,0,0,0,7,2583,4,0,0,0,0,11,0,0,0,0,2591,_history_tree_3_removes,3062,0,0,0,0,0,0,2599,2591,0,0,0,5190,0,0,0,0,0,8,0,0,0,0,0,0,0
105,10018649925317144938,0,0,0,0,0,0,0,0,0,0,0,0,0,0,0,0,0,0,0,0,0,0,338,0,2400,69262,0,0,0,69071,0,0,0,8,338,873,0,0,0,0,191,0,0,0,0,2722,_history_tree_4_updates,1989,0,0,0,0,0,0,5137,2722,0,0,0,7859,0,0,0,0,0,2400,0,0,0,0,0,0,0
105,10018649925317144938,0,0,0,0,0,0,0,0,0,0,0,0,0,0,0,0,0,0,0,0,0,0,1085,0,8,9764,0,0,0,9744,0,0,0,9,2584,4,0,0,0,0,20,0,0,0,0,2592,_history_tree_4_removes,3045,0,0,0,0,0,0,2600,2592,0,0,0,5192,0,0,0,0,0,8,0,0,0,0,0,0,0
105,10018649925317144938,0,0,0,0,0,0,0,0,0,0,0,0,0,0,0,0,0,0,0,0,0,0,349,0,2378,67808,0,0,0,67616,0,0,0,10,349,794,0,0,0,0,189,0,0,0,0,2725,_history_tree_5_updates,2057,0,0,0,0,0,0,5104,2724,0,0,0,7828,0,0,0,0,0,2377,0,0,0,0,0,0,0
105,10018649925317144938,0,0,0,0,0,0,0,0,0,0,0,0,0,0,0,0,0,0,0,0,0,0,994,0,5,9077,0,0,0,9069,0,0,0,11,2697,0,0,0,0,0,8,0,0,0,0,2702,_history_tree_5_removes,3138,0,0,0,0,0,0,2707,2702,0,0,0,5409,0,0,0,0,0,5,0,0,0,0,0,0,0
105,10018649925317144938,0,0,0,0,0,0,0,0,0,0,0,0,0,0,0,0,0,0,0,0,0,0,327,0,2422,69498,0,0,0,69288,0,0,0,12,327,861,0,0,0,0,209,0,0,0,0,2668,_history_tree_6_updates,2010,0,0,0,0,0,0,5169,2668,0,0,0,7837,0,0,0,0,0,2421,0,0,0,0,0,0,0
105,10018649925317144938,0,0,0,0,0,0,0,0,0,0,0,0,0,0,0,0,0,0,0,0,0,0,1020,0,6,9284,0,0,0,9268,0,0,0,29,2624,1,0,0,0,0,16,0,0,0,0,2630,_history_tree_14_removes,3092,0,0,0,0,0,0,2636,2630,0,0,0,5266,0,0,0,0,0,6,0,0,0,0,0,0,0
105,10018649925317144938,0,0,0,0,0,0,0,0,0,0,0,0,0,0,0,0,0,0,0,0,0,0,347,0,2380,67935,0,0,0,67711,0,0,0,30,347,836,0,0,0,0,224,0,0,0,0,2711,_history_tree_15_updates,2026,0,0,0,0,0,0,5108,2711,0,0,0,7819,0,0,0,0,0,2381,0,0,0,0,0,0,0
105,10018649925317144938,0,0,0,0,0,0,0,0,0,0,0,0,0,0,0,0,0,0,0,0,0,0,967,0,7,9139,0,0,0,9127,0,0,0,31,2582,1,0,0,0,0,12,0,0,0,0,2589,_history_tree_15_removes,3033,0,0,0,0,0,0,2596,2589,0,0,0,5185,0,0,0,0,0,7,0,0,0,0,0,0,0
105,10018649925317144938,0,0,0,0,0,0,0,0,0,0,0,0,0,0,0,0,0,0,0,0,0,0,338,0,2373,68042,0,0,0,67820,0,0,0,32,338,794,0,0,0,0,222,0,0,0,0,2668,_history_tree_16_updates,2034,0,0,0,0,0,0,5084,2668,0,0,0,7752,0,0,0,0,0,2373,0,0,0,0,0,0,0
105,10018649925317144938,0,0,0,0,0,0,0,0,0,0,0,0,0,0,0,0,0,0,0,0,0,0,1013,0,5,9228,0,0,0,9214,0,0,0,33,2649,1,0,0,0,0,14,0,0,0,0,2654,_history_tree_16_removes,3099,0,0,0,0,0,0,2659,2654,0,0,0,5313,0,0,0,0,0,5,0,0,0,0,0,0,0
105,10018649925317144938,0,0,0,0,0,0,0,0,0,0,0,0,0,0,0,0,0,0,0,0,0,0,355,0,2377,145326,0,0,0,72462,0,0,0,34,10583,2731,0,0,0,0,199,0,0,0,0,6352,_history_tree_17_updates,4027,0,0,0,0,0,0,15337,12706,0,0,0,21690,0,0,0,0,0,2375,0,0,0,0,0,0,0
105,10018649925317144938,0,0,0,0,0,0,0,0,0,0,0,0,0,0,0,0,0,0,0,0,0,0,832,0,19,9244,0,0,0,9229,0,0,0,35,2470,13,0,0,0,0,15,0,0,0,0,2489,_history_tree_17_removes,2920,0,0,0,0,0,0,2508,2489,0,0,0,4997,0,0,0,0,0,19,0,0,0,0,0,0,0
105,10018649925317144938,0,0,0,0,0,0,0,0,0,0,0,0,0,0,0,0,0,0,0,0,0,0,361,0,2376,68647,0,0,0,68415,0,0,0,36,361,838,0,0,0,0,231,0,0,0,0,2693,_history_tree_18_updates,2007,0,0,0,0,0,0,5112,2693,0,0,0,7806,0,0,0,0,0,2375,0,0,0,0,0,0,0
105,10018649925317144938,0,0,0,0,0,0,0,0,0,0,0,0,0,0,0,0,0,0,0,0,0,0,1060,0,6,9604,0,0,0,9593,0,0,0,37,2613,2,0,0,0,0,11,0,0,0,0,2619,_history_tree_18_removes,3063,0,0,0,0,0,0,2624,2618,0,0,0,5242,0,0,0,0,0,6,0,0,0,0,0,0,0
105,10018649925317144938,0,0,0,0,0,0,0,0,0,0,0,0,0,0,0,0,0,0,0,0,0,0,367,0,2370,68409,0,0,0,68154,0,0,0,38,368,805,0,0,0,0,253,0,0,0,0,2651,_history_tree_19_updates,2047,0,0,0,0,0,0,5106,2651,0,0,0,7757,0,0,0,0,0,2368,0,0,0,0,0,0,0
105,10018649925317144938,0,0,0,0,0,0,0,0,0,0,0,0,0,0,0,0,0,0,0,0,0,0,1042,0,6,9509,0,0,0,9492,0,0,0,39,2623,2,0,0,0,0,17,0,0,0,0,2629,_history_tree_19_removes,3074,0,0,0,0,0,0,2635,2629,0,0,0,5264,0,0,0,0,0,6,0,0,0,0,0,0,0
105,10018649925317144938,49883,0,0,0,0,0,46193,0,0,0,0,0,0,0,0,0,0,0,0,0,0,0,0,0,0,298777,0,0,0,98140,0,0,0,40,0,0,0,0,0,0,2131,0,0,96074,0,0,warehouse,0,0,0,0,0,0,0,0,0,0,0,0,0,198236,0,0,198239,0,0,0,0,0,96081,0,0,0
105,10018649925317144938,0,0,0,0,0,0,0,0,0,0,0,0,0,0,0,0,0,0,0,0,0,0,0,0,0,0,0,0,0,0,0,0,0,41,0,0,0,0,0,0,0,0,0,0,0,0,_warehouse_graveyard,0,0,0,0,0,0,0,0,0,0,0,0,0,0,0,0,0,0,0,0,0,0,0,0,0,0
105,10018649925317144938,98654,0,0,0,0,0,96402,0,0,0,0,0,0,0,0,0,0,0,0,0,0,0,0,0,0,303400,0,0,0,197243,0,0,0,42,0,0,0,0,0,0,1002,0,0,195054,0,0,district,0,0,0,0,0,0,0,0,0,0,0,0,0,105093,0,0,105091,0,0,0,0,0,195052,0,0,0
105,10018649925317144938,0,0,0,0,0,0,0,0,0,0,0,0,0,0,0,0,0,0,0,0,0,0,0,0,0,0,0,0,0,0,0,0,0,43,0,0,0,0,0,0,0,0,0,0,0,0,_district_graveyard,0,0,0,0,0,0,0,0,0,0,0,0,0,0,0,0,0,0,0,0,0,0,0,0,0,0
105,10018649925317144938,64235,0,0,0,0,0,61500,0,0,0,0,0,0,0,0,0,0,0,0,0,0,0,0,0,0,805268,0,0,0,125757,0,0,0,44,0,0,0,0,0,0,4,0,0,125745,0,0,customer,0,0,0,0,0,0,0,0,0,0,0,0,0,142672,0,0,142672,0,0,0,0,0,125748,0,0,0
105,10018649925317144938,0,0,0,0,0,0,0,0,0,0,0,0,0,0,0,0,0,0,0,0,0,0,0,0,0,0,0,0,0,0,0,0,0,45,0,0,0,0,0,0,0,0,0,0,0,0,_customer_graveyard,0,0,0,0,0,0,0,0,0,0,0,0,0,0,0,0,0,0,0,0,0,0,0,0,0,0
105,10018649925317144938,0,0,0,0,0,0,0,0,0,0,0,0,0,0,0,0,0,0,0,0,0,0,0,0,0,187794,0,0,0,0,0,0,0,46,0,0,0,0,0,0,62601,0,0,0,0,0,customerwdl,0,0,0,0,0,0,0,0,0,0,0,62607,0,62608,0,0,62609,0,0,0,0,0,0,0,0,0
105,10018649925317144938,0,0,0,0,0,0,0,0,0,0,0,0,0,0,0,0,0,0,0,0,0,0,0,0,0,0,0,0,0,0,0,0,0,47,0,0,0,0,0,0,0,0,0,0,0,0,_customerwdl_graveyard,0,0,0,0,0,0,0,0,0,0,0,0,0,0,0,0,0,0,0,0,0,0,0,0,0,0
105,10018649925317144938,0,0,0,0,0,0,0,0,0,0,0,0,0,0,0,0,0,0,0,0,0,0,0,0,2263,120813,0,0,0,40273,0,0,0,48,0,0,0,0,0,0,0,0,0,0,0,0,history,0,0,0,0,0,0,0,2292,0,0,0,0,2292,0,0,0,0,0,0,0,0,0,0,0,0,0
105,10018649925317144938,0,0,0,0,0,0,0,0,0,0,0,0,0,0,0,0,0,0,0,0,0,0,0,0,0,0,0,0,0,0,0,0,0,49,0,0,0,0,0,0,0,0,0,0,0,0,_history_graveyard,0,0,0,0,0,0,0,0,0,0,0,0,0,0,0,0,0,0,0,0,0,0,0,0,0,0
105,10018649925317144938,43923,87720,0,87720,0,0,43828,0,0,0,0,0,0,0,0,0,0,0,0,0,0,0,50090,0,2099,1195802,0,0,0,277977,0,10959,0,50,132,0,0,0,0,0,120604,0,0,0,0,0,neworder,93598,10960,0,0,0,0,0,4078,93,0,0,88044,4078,99003,0,0,99006,0,1845,0,0,0,0,0,0,0
105,10018649925317144938,0,0,0,0,0,0,0,0,0,0,0,0,0,0,0,0,0,0,0,0,0,0,0,0,0,0,0,0,0,0,0,0,0,51,0,0,0,0,0,0,0,0,0,0,0,0,_neworder_graveyard,0,0,0,0,0,0,0,0,0,0,0,0,0,0,0,0,0,0,0,0,0,0,0,0,0,0
105,10018649925317144938,44566,0,0,0,0,0,43214,0,0,0,0,0,0,0,0,0,0,0,0,0,0,0,0,0,4427,851239,0,0,0,192310,0,0,0,52,0,0,0,0,0,0,0,0,0,87791,0,0,order,0,0,0,0,0,0,0,4499,0,0,0,0,4499,91443,0,0,91443,0,0,0,0,0,87798,0,0,0
105,10018649925317144938,0,0,0,0,0,0,0,0,0,0,0,0,0,0,0,0,0,0,0,0,0,0,0,0,0,0,0,0,0,0,0,0,0,53,0,0,0,0,0,0,0,0,0,0,0,0,_order_graveyard,0,0,0,0,0,0,0,0,0,0,0,0,0,0,0,0,0,0,0,0,0,0,0,0,0,0
105,10018649925317144938,0,0,0,0,0,0,0,0,0,0,0,0,0,0,0,0,3648,0,0,0,0,0,0,0,1449,315548,0,0,0,101534,0,0,0,54,0,0,0,0,0,0,3648,0,0,0,0,0,order_wdc,0,0,0,0,0,0,0,1490,0,0,0,0,1490,3648,0,0,3648,0,0,0,0,0,0,0,0,0
105,10018649925317144938,0,0,0,0,0,0,0,0,0,0,0,0,0,0,0,0,0,0,0,0,0,0,0,0,0,0,0,0,0,0,0,0,0,55,0,0,0,0,0,0,0,0,0,0,0,0,_order_wdc_graveyard,0,0,0,0,0,0,0,0,0,0,0,0,0,0,0,0,0,0,0,0,0,0,0,0,0,0
105,10018649925317144938,443586,0,0,0,0,0,433419,0,0,0,0,0,0,0,0,0,0,0,0,0,0,0,101260,0,59469,7788861,0,0,0,1934475,0,958,0,56,0,0,0,0,0,0,12738,0,0,876969,0,0,orderline,1839542,958,0,0,0,0,0,60253,0,0,0,12666,60252,1852161,0,0,1852147,0,0,0,0,0,876952,0,0,0
105,10018649925317144938,0,0,0,0,0,0,0,0,0,0,0,0,0,0,0,0,0,0,0,0,0,0,0,0,0,0,0,0,0,0,0,0,0,57,0,0,0,0,0,0,0,0,0,0,0,0,_orderline_graveyard,0,0,0,0,0,0,0,0,0,0,0,0,0,0,0,0,0,0,0,0,0,0,0,0,0,0
105,10018649925317144938,0,0,0,0,0,0,0,0,0,0,0,0,0,0,0,0,0,0,0,0,0,0,0,0,0,1995817,0,0,0,0,0,0,0,58,0,0,0,0,0,0,0,0,0,0,0,0,item,0,0,0,0,0,0,0,0,0,0,0,0,0,997959,0,0,997960,0,0,0,0,0,0,0,0,0
106,10018649925317144938,0,0,0,0,0,0,0,0,0,0,0,0,0,0,0,0,0,0,0,0,0,0,0,0,0,0,0,0,0,0,0,0,0,61,0,0,0,0,0,0,0,0,0,0,0,0,_stock_graveyard,0,0,0,0,0,0,0,0,0,0,0,0,0,0,0,0,0,0,0,0,0,0,0,0,0,0
106,10018649925317144938,493762,0,0,0,0,0,481927,0,0,0,0,0,0,0,0,0,0,0,0,0,0,0,0,0,0,14805141,0,0,0,976751,0,0,0,60,0,0,0,0,0,0,1078,0,0,975702,0,0,stock,0,0,0,0,0,0,0,0,0,0,0,0,0,2723519,0,0,2723516,0,0,0,0,0,975686,0,0,0
106,10018649925317144938,0,0,0,0,0,0,0,0,0,0,0,0,0,0,0,0,0,0,0,0,0,0,0,0,0,0,0,0,0,0,0,0,0,59,0,0,0,0,0,0,0,0,0,0,0,0,_item_graveyard,0,0,0,0,0,0,0,0,0,0,0,0,0,0,0,0,0,0,0,0,0,0,0,0,0,0
106,10018649925317144938,0,0,0,0,0,0,0,0,0,0,0,0,0,0,0,0,0,0,0,0,0,0,349,0,2310,65520,0,0,0,65316,0,0,0,28,349,758,0,0,0,0,202,0,0,0,0,2634,_history_tree_14_updates,2047,0,0,0,0,0,0,4970,2634,0,0,0,7604,0,0,0,0,0,2311,0,0,0,0,0,0,0
106,10018649925317144938,0,0,0,0,0,0,0,0,0,0,0,0,0,0,0,0,0,0,0,0,0,0,934,0,7,8893,0,0,0,8877,0,0,0,27,2579,3,0,0,0,0,16,0,0,0,0,2587,_history_tree_13_removes,3013,0,0,0,0,0,0,2594,2587,0,0,0,5181,0,0,0,0,0,7,0,0,0,0,0,0,0
106,10018649925317144938,0,0,0,0,0,0,0,0,0,0,0,0,0,0,0,0,0,0,0,0,0,0,329,0,2302,65850,0,0,0,65626,0,0,0,26,329,774,0,0,0,0,223,0,0,0,0,2596,_history_tree_13_updates,1976,0,0,0,0,0,0,4932,2596,0,0,0,7528,0,0,0,0,0,2301,0,0,0,0,0,0,0
106,10018649925317144938,0,0,0,0,0,0,0,0,0,0,0,0,0,0,0,0,0,0,0,0,0,0,993,0,7,9166,0,0,0,9147,0,0,0,25,2540,2,0,0,0,0,19,0,0,0,0,2547,_history_tree_12_removes,2986,0,0,0,0,0,0,2554,2547,0,0,0,5101,0,0,0,0,0,7,0,0,0,0,0,0,0
106,10018649925317144938,0,0,0,0,0,0,0,0,0,0,0,0,0,0,0,0,0,0,0,0,0,0,348,0,2331,66835,0,0,0,66610,0,0,0,24,348,829,0,0,0,0,225,0,0,0,0,2673,_history_tree_12_updates,1980,0,0,0,0,0,0,5011,2673,0,0,0,7684,0,0,0,0,0,2332,0,0,0,0,0,0,0
106,10018649925317144938,0,0,0,0,0,0,0,0,0,0,0,0,0,0,0,0,0,0,0,0,0,0,944,0,7,8846,0,0,0,8836,0,0,0,23,2477,1,0,0,0,0,10,0,0,0,0,2484,_history_tree_11_removes,2932,0,0,0,0,0,0,2491,2484,0,0,0,4975,0,0,0,0,0,7,0,0,0,0,0,0,0
106,10018649925317144938,0,0,0,0,0,0,0,0,0,0,0,0,0,0,0,0,0,0,0,0,0,0,385,0,2306,65955,0,0,0,65733,0,0,0,22,385,848,0,0,0,0,221,0,0,0,0,2669,_history_tree_11_updates,1973,0,0,0,0,0,0,4997,2669,0,0,0,7666,0,0,0,0,0,2306,0,0,0,0,0,0,0
106,10018649925317144938,0,0,0,0,0,0,0,0,0,0,0,0,0,0,0,0,0,0,0,0,0,0,946,0,5,8948,0,0,0,8934,0,0,0,21,2593,1,0,0,0,0,14,0,0,0,0,2598,_history_tree_10_removes,3021,0,0,0,0,0,0,2603,2598,0,0,0,5201,0,0,0,0,0,5,0,0,0,0,0,0,0
106,10018649925317144938,0,0,0,0,0,0,0,0,0,0,0,0,0,0,0,0,0,0,0,0,0,0,342,0,2321,66245,0,0,0,66038,0,0,0,20,342,786,0,0,0,0,207,0,0,0,0,2664,_history_tree_10_updates,1989,0,0,0,0,0,0,4985,2664,0,0,0,7647,0,0,0,0,0,2321,0,0,0,0,0,0,0
106,10018649925317144938,0,0,0,0,0,0,0,0,0,0,0,0,0,0,0,0,0,0,0,0,0,0,950,0,7,8956,0,0,0,8941,0,0,0,19,2505,3,0,0,0,0,15,0,0,0,0,2512,_history_tree_9_removes,2936,0,0,0,0,0,0,2519,2512,0,0,0,5031,0,0,0,0,0,7,0,0,0,0,0,0,0
106,10018649925317144938,0,0,0,0,0,0,0,0,0,0,0,0,0,0,0,0,0,0,0,0,0,0,361,0,2314,66331,0,0,0,66104,0,0,0,18,361,817,0,0,0,0,226,0,0,0,0,2624,_history_tree_9_updates,1971,0,0,0,0,0,0,4987,2624,0,0,0,7611,0,0,0,0,0,2312,0,0,0,0,0,0,0
106,10018649925317144938,0,0,0,0,0,0,0,0,0,0,0,0,0,0,0,0,0,0,0,0,0,0,1029,0,7,9521,0,0,0,9502,0,0,0,17,2516,1,0,0,0,0,19,0,0,0,0,2523,_history_tree_8_removes,2969,0,0,0,0,0,0,2530,2523,0,0,0,5053,0,0,0,0,0,7,0,0,0,0,0,0,0
106,10018649925317144938,0,0,0,0,0,0,0,0,0,0,0,0,0,0,0,0,0,0,0,0,0,0,343,0,2336,67469,0,0,0,67264,0,0,0,16,343,864,0,0,0,0,205,0,0,0,0,2665,_history_tree_8_updates,1941,0,0,0,0,0,0,5015,2665,0,0,0,7680,0,0,0,0,0,2336,0,0,0,0,0,0,0
106,10018649925317144938,0,0,0,0,0,0,0,0,0,0,0,0,0,0,0,0,0,0,0,0,0,0,914,0,9,8816,0,0,0,8802,0,0,0,15,2535,2,0,0,0,0,14,0,0,0,0,2544,_history_tree_7_removes,2967,0,0,0,0,0,0,2553,2544,0,0,0,5097,0,0,0,0,0,9,0,0,0,0,0,0,0
106,10018649925317144938,0,0,0,0,0,0,0,0,0,0,0,0,0,0,0,0,0,0,0,0,0,0,335,0,2332,66426,0,0,0,66228,0,0,0,14,335,832,0,0,0,0,199,0,0,0,0,2612,_history_tree_7_updates,1959,0,0,0,0,0,0,5001,2612,0,0,0,7613,0,0,0,0,0,2334,0,0,0,0,0,0,0
106,10018649925317144938,0,0,0,0,0,0,0,0,0,0,0,0,0,0,0,0,0,0,0,0,0,0,959,0,10,9047,0,0,0,9032,0,0,0,13,2572,5,0,0,0,0,15,0,0,0,0,2582,_history_tree_6_removes,3007,0,0,0,0,0,0,2593,2583,0,0,0,5176,0,0,0,0,0,10,0,0,0,0,0,0,0
106,10018649925317144938,0,0,0,0,0,0,0,0,0,0,0,0,0,21911537,22451836,0,0,0,0,0,0,0,356,0,2307,66317,0,0,0,66111,0,0,0,0,356,764,0,0,0,0,208,0,0,0,0,2643,_history_tree_0_updates,2015,0,1473961,0,0,0,0,4969,2642,0,0,0,7611,0,0,0,0,0,2306,0,0,0,0,699685,0,0
106,10018649925317144938,0,0,0,0,0,0,0,0,0,0,0,0,0,0,0,0,0,0,0,0,0,0,977,0,3,9134,0,0,0,9121,0,0,0,1,2590,1,0,0,0,0,13,0,0,0,0,2594,_history_tree_0_removes,3024,0,0,0,0,0,0,2597,2594,0,0,0,5191,0,0,0,0,0,3,0,0,0,0,0,0,0
106,10018649925317144938,0,0,0,0,0,0,0,0,0,0,0,0,0,0,0,0,0,0,0,0,0,0,330,0,2303,65691,0,0,0,65498,0,0,0,2,330,778,0,0,0,0,192,0,0,0,0,2632,_history_tree_1_updates,1993,0,0,0,0,0,0,4938,2632,0,0,0,7570,0,0,0,0,0,2305,0,0,0,0,0,0,0
106,10018649925317144938,0,0,0,0,0,0,0,0,0,0,0,0,0,0,0,0,0,0,0,0,0,0,883,0,5,8726,0,0,0,8713,0,0,0,3,2567,1,0,0,0,0,13,0,0,0,0,2572,_history_tree_1_removes,3013,0,0,0,0,0,0,2578,2573,0,0,0,5151,0,0,0,0,0,5,0,0,0,0,0,0,0
106,10018649925317144938,0,0,0,0,0,0,0,0,0,0,0,0,0,0,0,0,0,0,0,0,0,0,328,0,2302,66007,0,0,0,65812,0,0,0,4,328,794,0,0,0,0,194,0,0,0,0,2600,_history_tree_2_updates,1963,0,0,0,0,0,0,4932,2600,0,0,0,7532,0,0,0,0,0,2302,0,0,0,0,0,0,0
106,10018649925317144938,0,0,0,0,0,0,0,0,0,0,0,0,0,0,0,0,0,0,0,0,0,0,969,0,6,8992,0,0,0,8979,0,0,0,5,2536,3,0,0,0,0,13,0,0,0,0,2543,_history_tree_2_removes,2981,0,0,0,0,0,0,2549,2543,0,0,0,5092,0,0,0,0,0,6,0,0,0,0,0,0,0
106,10018649925317144938,0,0,0,0,0,0,0,0,0,0,0,0,0,0,0,0,0,0,0,0,0,0,337,0,2301,66049,0,0,0,65838,0,0,0,6,337,782,0,0,0,0,211,0,0,0,0,2609,_history_tree_3_updates,1967,0,0,0,0,0,0,4939,2609,0,0,0,7548,0,0,0,0,0,2301,0,0,0,0,0,0,0
106,10018649925317144938,0,0,0,0,0,0,0,0,0,0,0,0,0,0,0,0,0,0,0,0,0,0,987,0,5,9033,0,0,0,9018,0,0,0,7,2582,2,0,0,0,0,15,0,0,0,0,2588,_history_tree_3_removes,3024,0,0,0,0,0,0,2593,2588,0,0,0,5181,0,0,0,0,0,5,0,0,0,0,0,0,0
106,10018649925317144938,0,0,0,0,0,0,0,0,0,0,0,0,0,0,0,0,0,0,0,0,0,0,316,0,2343,67066,0,0,0,66870,0,0,0,8,316,841,0,0,0,0,197,0,0,0,0,2638,_history_tree_4_updates,1929,0,0,0,0,0,0,5002,2638,0,0,0,7640,0,0,0,0,0,2343,0,0,0,0,0,0,0
106,10018649925317144938,0,0,0,0,0,0,0,0,0,0,0,0,0,0,0,0,0,0,0,0,0,0,940,0,8,9048,0,0,0,9033,0,0,0,9,2502,1,0,0,0,0,15,0,0,0,0,2510,_history_tree_4_removes,2933,0,0,0,0,0,0,2518,2510,0,0,0,5028,0,0,0,0,0,8,0,0,0,0,0,0,0
106,10018649925317144938,0,0,0,0,0,0,0,0,0,0,0,0,0,0,0,0,0,0,0,0,0,0,324,0,2339,67148,0,0,0,66940,0,0,0,10,324,845,0,0,0,0,210,0,0,0,0,2660,_history_tree_5_updates,1924,0,0,0,0,0,0,5003,2660,0,0,0,7663,0,0,0,0,0,2340,0,0,0,0,0,0,0
106,10018649925317144938,0,0,0,0,0,0,0,0,0,0,0,0,0,0,0,0,0,0,0,0,0,0,1017,0,7,9210,0,0,0,9194,0,0,0,11,2506,2,0,0,0,0,16,0,0,0,0,2513,_history_tree_5_removes,2918,0,0,0,0,0,0,2520,2513,0,0,0,5033,0,0,0,0,0,7,0,0,0,0,0,0,0
106,10018649925317144938,0,0,0,0,0,0,0,0,0,0,0,0,0,0,0,0,0,0,0,0,0,0,350,0,2314,66279,0,0,0,66096,0,0,0,12,350,812,0,0,0,0,184,0,0,0,0,2584,_history_tree_6_updates,1970,0,0,0,0,0,0,4979,2584,0,0,0,7563,0,0,0,0,0,2314,0,0,0,0,0,0,0
106,10018649925317144938,0,0,0,0,0,0,0,0,0,0,0,0,0,0,0,0,0,0,0,0,0,0,867,0,5,8494,0,0,0,8483,0,0,0,29,2607,2,0,0,0,0,11,0,0,0,0,2612,_history_tree_14_removes,3056,0,0,0,0,0,0,2617,2612,0,0,0,5229,0,0,0,0,0,5,0,0,0,0,0,0,0
106,10018649925317144938,0,0,0,0,0,0,0,0,0,0,0,0,0,0,0,0,0,0,0,0,0,0,299,0,2320,66387,0,0,0,66194,0,0,0,30,299,830,0,0,0,0,193,0,0,0,0,2591,_history_tree_15_updates,1903,0,0,0,0,0,0,4935,2591,0,0,0,7526,0,0,0,0,0,2316,0,0,0,0,0,0,0
106,10018649925317144938,0,0,0,0,0,0,0,0,0,0,0,0,0,0,0,0,0,0,0,0,0,0,958,0,9,9051,0,0,0,9030,0,0,0,31,2496,3,0,0,0,0,21,0,0,0,0,2505,_history_tree_15_removes,2943,0,0,0,0,0,0,2514,2505,0,0,0,5019,0,0,0,0,0,9,0,0,0,0,0,0,0
106,10018649925317144938,0,0,0,0,0,0,0,0,0,0,0,0,0,0,0,0,0,0,0,0,0,0,347,0,2379,68525,0,0,0,68320,0,0,0,32,347,903,0,0,0,0,205,0,0,0,0,2701,_history_tree_16_updates,1945,0,0,0,0,0,0,5105,2701,0,0,0,7806,0,0,0,0,0,2379,0,0,0,0,0,0,0
106,10018649925317144938,0,0,0,0,0,0,0,0,0,0,0,0,0,0,0,0,0,0,0,0,0,0,1018,0,9,9519,0,0,0,9504,0,0,0,33,2522,4,0,0,0,0,15,0,0,0,0,2531,_history_tree_16_removes,2969,0,0,0,0,0,0,2540,2531,0,0,0,5071,0,0,0,0,0,9,0,0,0,0,0,0,0
106,10018649925317144938,0,0,0,0,0,0,0,0,0,0,0,0,0,0,0,0,0,0,0,0,0,0,340,0,2378,144376,0,0,0,71992,0,0,0,34,10284,2712,0,0,0,0,196,0,0,0,0,6172,_history_tree_17_updates,3913,0,0,0,0,0,0,15040,12340,2,0,0,21211,0,0,0,0,0,2378,0,0,0,0,0,0,0
106,10018649925317144938,0,0,0,0,0,0,0,0,0,0,0,0,0,0,0,0,0,0,0,0,0,0,817,0,23,9070,0,0,0,9058,0,0,0,35,2405,12,0,0,0,0,12,0,0,0,0,2428,_history_tree_17_removes,2844,0,0,0,0,0,0,2451,2428,0,0,0,4879,0,0,0,0,0,23,0,0,0,0,0,0,0
106,10018649925317144938,0,0,0,0,0,0,0,0,0,0,0,0,0,0,0,0,0,0,0,0,0,0,321,0,2339,66876,0,0,0,66662,0,0,0,36,321,845,0,0,0,0,215,0,0,0,0,2624,_history_tree_18_updates,1922,0,0,0,0,0,0,4999,2624,0,0,0,7622,0,0,0,0,0,2339,0,0,0,0,0,0,0
106,10018649925317144938,0,0,0,0,0,0,0,0,0,0,0,0,0,0,0,0,0,0,0,0,0,0,1013,0,6,9055,0,0,0,9045,0,0,0,37,2529,1,0,0,0,0,10,0,0,0,0,2535,_history_tree_18_removes,2957,0,0,0,0,0,0,2541,2535,0,0,0,5076,0,0,0,0,0,6,0,0,0,0,0,0,0
106,10018649925317144938,0,0,0,0,0,0,0,0,0,0,0,0,0,0,0,0,0,0,0,0,0,0,325,0,2393,69283,0,0,0,69087,0,0,0,38,325,884,0,0,0,0,198,0,0,0,0,2642,_history_tree_19_updates,1950,0,0,0,0,0,0,5112,2642,0,0,0,7754,0,0,0,0,0,2394,0,0,0,0,0,0,0
106,10018649925317144938,0,0,0,0,0,0,0,0,0,0,0,0,0,0,0,0,0,0,0,0,0,0,1103,0,9,9869,0,0,0,9856,0,0,0,39,2510,5,0,0,0,0,13,0,0,0,0,2519,_history_tree_19_removes,2953,0,0,0,0,0,0,2528,2519,0,0,0,5047,0,0,0,0,0,9,0,0,0,0,0,0,0
106,10018649925317144938,48483,0,0,0,0,0,44864,0,0,0,0,0,0,0,0,0,0,0,0,0,0,0,0,0,1,290626,0,0,0,95307,0,0,0,40,0,0,0,0,0,0,2059,0,0,93350,0,0,warehouse,0,0,0,0,0,0,0,1,0,0,0,0,1,192981,0,0,192978,1,0,0,0,0,93348,0,0,0
106,10018649925317144938,0,0,0,0,0,0,0,0,0,0,0,0,0,0,0,0,0,0,0,0,0,0,0,0,0,0,0,0,0,0,0,0,0,41,0,0,0,0,0,0,0,0,0,0,0,0,_warehouse_graveyard,0,0,0,0,0,0,0,0,0,0,0,0,0,0,0,0,0,0,0,0,0,0,0,0,0,0
106,10018649925317144938,95926,0,0,0,0,0,94050,0,0,0,0,0,0,0,0,0,0,0,0,0,0,0,0,0,0,295191,0,0,0,192070,0,0,0,42,0,0,0,0,0,0,956,0,0,189972,0,0,district,0,0,0,0,0,0,0,0,0,0,0,0,0,102101,0,0,102102,0,0,0,0,0,189970,0,0,0
106,10018649925317144938,0,0,0,0,0,0,0,0,0,0,0,0,0,0,0,0,0,0,0,0,0,0,0,0,0,0,0,0,0,0,0,0,0,43,0,0,0,0,0,0,0,0,0,0,0,0,_district_graveyard,0,0,0,0,0,0,0,0,0,0,0,0,0,0,0,0,0,0,0,0,0,0,0,0,0,0
106,10018649925317144938,61942,0,0,0,0,0,59298,0,0,0,0,0,0,0,0,0,0,0,0,0,0,0,0,0,0,780590,0,0,0,121258,0,0,0,44,0,0,0,0,0,0,7,0,0,121238,0,0,customer,0,0,0,0,0,0,0,0,0,0,0,0,0,138927,0,0,138928,0,0,0,0,0,121242,0,0,0
106,10018649925317144938,0,0,0,0,0,0,0,0,0,0,0,0,0,0,0,0,0,0,0,0,0,0,0,0,0,0,0,0,0,0,0,0,0,45,0,0,0,0,0,0,0,0,0,0,0,0,_customer_graveyard,0,0,0,0,0,0,0,0,0,0,0,0,0,0,0,0,0,0,0,0,0,0,0,0,0,0
106,10018649925317144938,0,0,0,0,0,0,0,0,0,0,0,0,0,0,0,0,0,0,0,0,0,0,0,0,0,182532,0,0,0,0,0,0,0,46,0,0,0,0,0,0,60846,0,0,0,0,0,customerwdl,0,0,0,0,0,0,0,0,0,0,0,60842,0,60841,0,0,60841,0,0,0,0,0,0,0,0,0
106,10018649925317144938,0,0,0,0,0,0,0,0,0,0,0,0,0,0,0,0,0,0,0,0,0,0,0,0,0,0,0,0,0,0,0,0,0,47,0,0,0,0,0,0,0,0,0,0,0,0,_customerwdl_graveyard,0,0,0,0,0,0,0,0,0,0,0,0,0,0,0,0,0,0,0,0,0,0,0,0,0,0
106,10018649925317144938,0,0,0,0,0,0,0,0,0,0,0,0,0,0,0,0,0,0,0,0,0,0,0,0,2192,117297,0,0,0,39099,0,0,0,48,0,0,0,0,0,0,0,0,0,0,0,0,history,0,0,0,0,0,0,0,2216,0,0,0,0,2216,0,0,0,0,0,0,0,0,0,0,0,0,0
106,10018649925317144938,0,0,0,0,0,0,0,0,0,0,0,0,0,0,0,0,0,0,0,0,0,0,0,0,0,0,0,0,0,0,0,0,0,49,0,0,0,0,0,0,0,0,0,0,0,0,_history_graveyard,0,0,0,0,0,0,0,0,0,0,0,0,0,0,0,0,0,0,0,0,0,0,0,0,0,0
106,10018649925317144938,42219,84300,0,84300,0,0,42105,0,0,0,0,0,0,0,0,0,0,0,0,0,0,0,48311,0,2046,1154029,0,0,0,268626,0,11668,0,50,101,0,0,0,0,0,116022,0,0,0,0,0,neworder,91373,11666,0,0,0,0,0,3925,69,1,0,84600,3925,96266,0,0,96260,0,1776,0,0,0,0,0,0,0
106,10018649925317144938,0,0,0,0,0,0,0,0,0,0,0,0,0,0,0,0,0,0,0,0,0,0,0,0,0,0,0,0,0,0,0,0,0,51,0,0,0,0,0,0,0,0,0,0,0,0,_neworder_graveyard,0,0,0,0,0,0,0,0,0,0,0,0,0,0,0,0,0,0,0,0,0,0,0,0,0,0
106,10018649925317144938,42780,0,0,0,0,0,41498,0,0,0,0,0,0,0,0,0,0,0,0,0,0,0,0,0,4259,821959,0,0,0,186224,0,0,0,52,0,0,0,0,0,0,0,0,0,84268,0,0,order,0,0,0,0,0,0,0,4284,0,0,0,0,4284,87751,0,0,87750,0,0,0,0,0,84264,0,0,0
106,10018649925317144938,0,0,0,0,0,0,0,0,0,0,0,0,0,0,0,0,0,0,0,0,0,0,0,0,0,0,0,0,0,0,0,0,0,53,0,0,0,0,0,0,0,0,0,0,0,0,_order_graveyard,0,0,0,0,0,0,0,0,0,0,0,0,0,0,0,0,0,0,0,0,0,0,0,0,0,0
106,10018649925317144938,0,0,0,0,0,0,0,0,0,0,0,0,0,0,0,0,3485,0,0,0,0,0,0,0,1396,307663,0,0,0,99069,0,0,0,54,0,0,0,0,0,0,3485,0,0,0,0,0,order_wdc,0,0,0,0,0,0,0,1441,0,0,0,0,1441,3485,0,0,3485,0,0,0,0,0,0,0,0,0
106,10018649925317144938,0,0,0,0,0,0,0,0,0,0,0,0,0,0,0,0,0,0,0,0,0,0,0,0,0,0,0,0,0,0,0,0,0,55,0,0,0,0,0,0,0,0,0,0,0,0,_order_wdc_graveyard,0,0,0,0,0,0,0,0,0,0,0,0,0,0,0,0,0,0,0,0,0,0,0,0,0,0
106,10018649925317144938,425612,0,0,0,0,0,415748,0,0,0,0,0,0,0,0,0,0,0,0,0,0,0,98406,0,58079,7544642,0,0,0,1873865,0,975,0,56,0,0,0,0,0,0,12309,0,0,841446,0,0,orderline,1788148,975,0,0,0,0,0,58858,0,0,0,12244,58858,1800431,0,0,1800457,0,0,0,0,0,841510,0,0,0
106,10018649925317144938,0,0,0,0,0,0,0,0,0,0,0,0,0,0,0,0,0,0,0,0,0,0,0,0,0,0,0,0,0,0,0,0,0,57,0,0,0,0,0,0,0,0,0,0,0,0,_orderline_graveyard,0,0,0,0,0,0,0,0,0,0,0,0,0,0,0,0,0,0,0,0,0,0,0,0,0,0
106,10018649925317144938,0,0,0,0,0,0,0,0,0,0,0,0,0,0,0,0,0,0,0,0,0,0,0,0,0,1948227,0,0,0,0,0,0,0,58,0,0,0,0,0,0,0,0,0,0,0,0,item,0,0,0,0,0,0,0,0,0,0,0,0,0,974068,0,0,974072,0,0,0,0,0,0,0,0,0
107,10018649925317144938,0,0,0,0,0,0,0,0,0,0,0,0,0,0,0,0,0,0,0,0,0,0,0,0,0,0,0,0,0,0,0,0,0,61,0,0,0,0,0,0,0,0,0,0,0,0,_stock_graveyard,0,0,0,0,0,0,0,0,0,0,0,0,0,0,0,0,0,0,0,0,0,0,0,0,0,0
107,10018649925317144938,506605,0,0,0,0,0,494014,0,0,0,0,0,0,0,0,0,0,0,0,0,0,0,0,0,0,15110898,0,0,0,1001616,0,0,0,60,0,0,0,0,0,0,1013,0,0,1000612,0,0,stock,0,0,0,0,0,0,0,0,0,0,0,0,0,2774930,0,0,2774905,0,0,0,0,0,1000635,0,0,0
107,10018649925317144938,0,0,0,0,0,0,0,0,0,0,0,0,0,0,0,0,0,0,0,0,0,0,0,0,0,0,0,0,0,0,0,0,0,59,0,0,0,0,0,0,0,0,0,0,0,0,_item_graveyard,0,0,0,0,0,0,0,0,0,0,0,0,0,0,0,0,0,0,0,0,0,0,0,0,0,0
107,10018649925317144938,0,0,0,0,0,0,0,0,0,0,0,0,0,0,0,0,0,0,0,0,0,0,297,0,2376,68157,0,0,0,67957,0,0,0,28,297,816,0,0,0,0,200,0,0,0,0,2666,_history_tree_14_updates,1974,0,0,0,0,0,0,5048,2666,0,0,0,7714,0,0,0,0,0,2375,0,0,0,0,0,0,0
107,10018649925317144938,0,0,0,0,0,0,0,0,0,0,0,0,0,0,0,0,0,0,0,0,0,0,978,0,5,9009,0,0,0,8990,0,0,0,27,2656,2,0,0,0,0,19,0,0,0,0,2660,_history_tree_13_removes,3085,0,0,0,0,0,0,2665,2660,0,0,0,5327,0,0,0,0,0,5,0,0,0,0,0,0,0
107,10018649925317144938,0,0,0,0,0,0,0,0,0,0,0,0,0,0,0,0,0,0,0,0,0,0,353,0,2383,67962,0,0,0,67753,0,0,0,26,353,827,0,0,0,0,209,0,0,0,0,2691,_history_tree_13_updates,2031,0,0,0,0,0,0,5119,2691,0,0,0,7810,0,0,0,0,0,2383,0,0,0,0,0,0,0
107,10018649925317144938,0,0,0,0,0,0,0,0,0,0,0,0,0,0,0,0,0,0,0,0,0,0,1062,0,7,9524,0,0,0,9508,0,0,0,25,2577,3,0,0,0,0,16,0,0,0,0,2583,_history_tree_12_removes,3046,0,0,0,0,0,0,2590,2583,0,0,0,5173,0,0,0,0,0,7,0,0,0,0,0,0,0
107,10018649925317144938,0,0,0,0,0,0,0,0,0,0,0,0,0,0,0,0,0,0,0,0,0,0,344,0,2415,69404,0,0,0,69189,0,0,0,24,344,859,0,0,0,0,214,0,0,0,0,2733,_history_tree_12_updates,2024,0,0,0,0,0,0,5170,2733,0,0,0,7903,0,0,0,0,0,2411,0,0,0,0,0,0,0
107,10018649925317144938,0,0,0,0,0,0,0,0,0,0,0,0,0,0,0,0,0,0,0,0,0,0,1032,0,5,9343,0,0,0,9330,0,0,0,23,2692,1,0,0,0,0,13,0,0,0,0,2697,_history_tree_11_removes,3135,0,0,0,0,0,0,2702,2697,0,0,0,5399,0,0,0,0,0,5,0,0,0,0,0,0,0
107,10018649925317144938,0,0,0,0,0,0,0,0,0,0,0,0,0,0,0,0,0,0,0,0,0,0,339,0,2407,68856,0,0,0,68637,0,0,0,22,339,819,0,0,0,0,219,0,0,0,0,2729,_history_tree_11_updates,2036,0,0,0,0,0,0,5153,2729,0,0,0,7882,0,0,0,0,0,2407,0,0,0,0,0,0,0
107,10018649925317144938,0,0,0,0,0,0,0,0,0,0,0,0,0,0,0,0,0,0,0,0,0,0,1038,0,7,9498,0,0,0,9481,0,0,0,21,2610,3,0,0,0,0,17,0,0,0,0,2617,_history_tree_10_removes,3065,0,0,0,0,0,0,2624,2617,0,0,0,5241,0,0,0,0,0,7,0,0,0,0,0,0,0
107,10018649925317144938,0,0,0,0,0,0,0,0,0,0,0,0,0,0,0,0,0,0,0,0,0,0,335,0,2401,69040,0,0,0,68813,0,0,0,20,335,841,0,0,0,0,224,0,0,0,0,2727,_history_tree_10_updates,2003,0,0,0,0,0,0,5136,2727,0,0,0,7863,0,0,0,0,0,2400,0,0,0,0,0,0,0
107,10018649925317144938,0,0,0,0,0,0,0,0,0,0,0,0,0,0,0,0,0,0,0,0,0,0,1034,0,10,9663,0,0,0,9642,0,0,0,19,2607,5,0,0,0,0,21,0,0,0,0,2617,_history_tree_9_removes,3095,0,0,0,0,0,0,2627,2617,0,0,0,5244,0,0,0,0,0,10,0,0,0,0,0,0,0
107,10018649925317144938,0,0,0,0,0,0,0,0,0,0,0,0,0,0,0,0,0,0,0,0,0,0,321,0,2425,69700,0,0,0,69489,0,0,0,18,321,878,0,0,0,0,210,0,0,0,0,2711,_history_tree_9_updates,2013,0,0,0,0,0,0,5173,2711,0,0,0,7884,0,0,0,0,0,2427,0,0,0,0,0,0,0
107,10018649925317144938,0,0,0,0,0,0,0,0,0,0,0,0,0,0,0,0,0,0,0,0,0,0,980,0,7,9059,0,0,0,9047,0,0,0,17,2606,2,0,0,0,0,12,0,0,0,0,2613,_history_tree_8_removes,3044,0,0,0,0,0,0,2620,2613,0,0,0,5233,0,0,0,0,0,7,0,0,0,0,0,0,0
107,10018649925317144938,0,0,0,0,0,0,0,0,0,0,0,0,0,0,0,0,0,0,0,0,0,0,311,0,2385,68102,0,0,0,67902,0,0,0,16,311,833,0,0,0,0,202,0,0,0,0,2679,_history_tree_8_updates,1975,0,0,0,0,0,0,5081,2679,0,0,0,7760,0,0,0,0,0,2385,0,0,0,0,0,0,0
107,10018649925317144938,0,0,0,0,0,0,0,0,0,0,0,0,0,0,0,0,0,0,0,0,0,0,1025,0,8,9535,0,0,0,9521,0,0,0,15,2556,1,0,0,0,0,14,0,0,0,0,2564,_history_tree_7_removes,3033,0,0,0,0,0,0,2572,2564,0,0,0,5136,0,0,0,0,0,8,0,0,0,0,0,0,0
107,10018649925317144938,0,0,0,0,0,0,0,0,0,0,0,0,0,0,0,0,0,0,0,0,0,0,335,0,2387,68674,0,0,0,68491,0,0,0,14,335,852,0,0,0,0,182,0,0,0,0,2682,_history_tree_7_updates,2012,0,0,0,0,0,0,5107,2682,0,0,0,7789,0,0,0,0,0,2386,0,0,0,0,0,0,0
107,10018649925317144938,0,0,0,0,0,0,0,0,0,0,0,0,0,0,0,0,0,0,0,0,0,0,1054,0,10,9639,0,0,0,9629,0,0,0,13,2572,6,0,0,0,0,10,0,0,0,0,2582,_history_tree_6_removes,3036,0,0,0,0,0,0,2591,2581,0,0,0,5174,0,0,0,0,0,10,0,0,0,0,0,0,0
107,10018649925317144938,0,0,0,0,0,0,0,0,0,0,0,0,0,22456857,23004109,0,0,0,0,0,0,0,343,0,2412,68922,0,0,0,68701,0,0,0,0,343,876,0,0,0,0,220,0,0,0,0,2685,_history_tree_0_updates,1995,0,1517466,0,0,0,0,5167,2685,0,0,0,7852,0,0,0,0,0,2412,0,0,0,0,721475,0,0
107,10018649925317144938,0,0,0,0,0,0,0,0,0,0,0,0,0,0,0,0,0,0,0,0,0,0,983,0,9,9288,0,0,0,9274,0,0,0,1,2627,5,0,0,0,0,14,0,0,0,0,2636,_history_tree_0_removes,3066,0,0,0,0,0,0,2646,2637,0,0,0,5283,0,0,0,0,0,9,0,0,0,0,0,0,0
107,10018649925317144938,0,0,0,0,0,0,0,0,0,0,0,0,0,0,0,0,0,0,0,0,0,0,355,0,2399,68390,0,0,0,68191,0,0,0,2,355,873,0,0,0,0,201,0,0,0,0,2711,_history_tree_1_updates,2012,0,0,0,0,0,0,5154,2711,0,0,0,7865,0,0,0,0,0,2399,0,0,0,0,0,0,0
107,10018649925317144938,0,0,0,0,0,0,0,0,0,0,0,0,0,0,0,0,0,0,0,0,0,0,968,0,7,9206,0,0,0,9192,0,0,0,3,2613,2,0,0,0,0,14,0,0,0,0,2620,_history_tree_1_removes,3086,0,0,0,0,0,0,2626,2619,0,0,0,5245,0,0,0,0,0,7,0,0,0,0,0,0,0
107,10018649925317144938,0,0,0,0,0,0,0,0,0,0,0,0,0,0,0,0,0,0,0,0,0,0,335,0,2412,69377,0,0,0,69159,0,0,0,4,335,844,0,0,0,0,219,0,0,0,0,2734,_history_tree_2_updates,2047,0,0,0,0,0,0,5160,2734,0,0,0,7894,0,0,0,0,0,2412,0,0,0,0,0,0,0
107,10018649925317144938,0,0,0,0,0,0,0,0,0,0,0,0,0,0,0,0,0,0,0,0,0,0,992,0,8,9554,0,0,0,9542,0,0,0,5,2628,3,0,0,0,0,12,0,0,0,0,2635,_history_tree_2_removes,3084,0,0,0,0,0,0,2643,2635,0,0,0,5278,0,0,0,0,0,8,0,0,0,0,0,0,0
107,10018649925317144938,0,0,0,0,0,0,0,0,0,0,0,0,0,0,0,0,0,0,0,0,0,0,328,0,2436,69900,0,0,0,69673,0,0,0,6,328,885,0,0,0,0,226,0,0,0,0,2690,_history_tree_3_updates,2004,0,0,0,0,0,0,5199,2690,0,0,0,7889,0,0,0,0,0,2435,0,0,0,0,0,0,0
107,10018649925317144938,0,0,0,0,0,0,0,0,0,0,0,0,0,0,0,0,0,0,0,0,0,0,1016,0,9,9509,0,0,0,9486,0,0,0,7,2611,6,0,0,0,0,23,0,0,0,0,2619,_history_tree_3_removes,3057,0,0,0,0,0,0,2628,2619,0,0,0,5247,0,0,0,0,0,9,0,0,0,0,0,0,0
107,10018649925317144938,0,0,0,0,0,0,0,0,0,0,0,0,0,0,0,0,0,0,0,0,0,0,307,0,2390,68611,0,0,0,68417,0,0,0,8,307,806,0,0,0,0,195,0,0,0,0,2692,_history_tree_4_updates,2013,0,0,0,0,0,0,5085,2694,0,0,0,7779,0,0,0,0,0,2389,0,0,0,0,0,0,0
107,10018649925317144938,0,0,0,0,0,0,0,0,0,0,0,0,0,0,0,0,0,0,0,0,0,0,993,0,6,9423,0,0,0,9410,0,0,0,9,2664,2,0,0,0,0,13,0,0,0,0,2670,_history_tree_4_removes,3111,0,0,0,0,0,0,2676,2670,0,0,0,5346,0,0,0,0,0,6,0,0,0,0,0,0,0
107,10018649925317144938,0,0,0,0,0,0,0,0,0,0,0,0,0,0,0,0,0,0,0,0,0,0,356,0,2392,68452,0,0,0,68241,0,0,0,10,356,866,0,0,0,0,208,0,0,0,0,2744,_history_tree_5_updates,2007,0,0,0,0,0,0,5140,2744,0,0,0,7884,0,0,0,0,0,2392,0,0,0,0,0,0,0
107,10018649925317144938,0,0,0,0,0,0,0,0,0,0,0,0,0,0,0,0,0,0,0,0,0,0,983,0,7,9225,0,0,0,9203,0,0,0,11,2564,2,0,0,0,0,22,0,0,0,0,2571,_history_tree_5_removes,3005,0,0,0,0,0,0,2578,2571,0,0,0,5149,0,0,0,0,0,7,0,0,0,0,0,0,0
107,10018649925317144938,0,0,0,0,0,0,0,0,0,0,0,0,0,0,0,0,0,0,0,0,0,0,337,0,2438,70024,0,0,0,69832,0,0,0,12,337,914,0,0,0,0,191,0,0,0,0,2665,_history_tree_6_updates,1975,0,0,0,0,0,0,5210,2666,0,0,0,7876,0,0,0,0,0,2436,0,0,0,0,0,0,0
107,10018649925317144938,0,0,0,0,0,0,0,0,0,0,0,0,0,0,0,0,0,0,0,0,0,0,1021,0,5,9299,0,0,0,9272,0,0,0,29,2609,0,0,0,0,0,27,0,0,0,0,2614,_history_tree_14_removes,3063,0,0,0,0,0,0,2619,2614,0,0,0,5233,0,0,0,0,0,5,0,0,0,0,0,0,0
107,10018649925317144938,0,0,0,0,0,0,0,0,0,0,0,0,0,0,0,0,0,0,0,0,0,0,349,0,2375,67757,0,0,0,67545,0,0,0,30,349,821,0,0,0,0,210,0,0,0,0,2697,_history_tree_15_updates,2047,0,0,0,0,0,0,5101,2697,0,0,0,7798,0,0,0,0,0,2377,0,0,0,0,0,0,0
107,10018649925317144938,0,0,0,0,0,0,0,0,0,0,0,0,0,0,0,0,0,0,0,0,0,0,929,0,9,9007,0,0,0,8998,0,0,0,31,2624,2,0,0,0,0,9,0,0,0,0,2633,_history_tree_15_removes,3101,0,0,0,0,0,0,2642,2633,0,0,0,5275,0,0,0,0,0,9,0,0,0,0,0,0,0
107,10018649925317144938,0,0,0,0,0,0,0,0,0,0,0,0,0,0,0,0,0,0,0,0,0,0,317,0,2396,69230,0,0,0,69021,0,0,0,32,317,838,0,0,0,0,209,0,0,0,0,2707,_history_tree_16_updates,2004,0,0,0,0,0,0,5111,2707,0,0,0,7818,0,0,0,0,0,2397,0,0,0,0,0,0,0
107,10018649925317144938,0,0,0,0,0,0,0,0,0,0,0,0,0,0,0,0,0,0,0,0,0,0,1079,0,7,9755,0,0,0,9742,0,0,0,33,2593,2,0,0,0,0,13,0,0,0,0,2600,_history_tree_16_removes,3070,0,0,0,0,0,0,2607,2600,0,0,0,5207,0,0,0,0,0,7,0,0,0,0,0,0,0
107,10018649925317144938,0,0,0,0,0,0,0,0,0,0,0,0,0,0,0,0,0,0,0,0,0,0,349,0,2351,142882,0,0,0,71217,0,0,0,34,10605,2698,0,0,0,0,223,0,0,0,0,6351,_history_tree_17_updates,4020,0,0,0,0,0,0,15308,12701,1,0,0,21659,0,0,0,0,0,2351,0,0,0,0,0,0,0
107,10018649925317144938,0,0,0,0,0,0,0,0,0,0,0,0,0,0,0,0,0,0,0,0,0,0,828,0,17,8843,0,0,0,8831,0,0,0,35,2497,11,0,0,0,0,12,0,0,0,0,2514,_history_tree_17_removes,2906,0,0,0,0,0,0,2531,2514,0,0,0,5045,0,0,0,0,0,17,0,0,0,0,0,0,0
107,10018649925317144938,0,0,0,0,0,0,0,0,0,0,0,0,0,0,0,0,0,0,0,0,0,0,313,0,2389,68577,0,0,0,68346,0,0,0,36,313,827,0,0,0,0,230,0,0,0,0,2667,_history_tree_18_updates,2013,0,0,0,0,0,0,5092,2667,0,0,0,7759,0,0,0,0,0,2390,0,0,0,0,0,0,0
107,10018649925317144938,0,0,0,0,0,0,0,0,0,0,0,0,0,0,0,0,0,0,0,0,0,0,997,0,9,9413,0,0,0,9397,0,0,0,37,2660,2,0,0,0,0,16,0,0,0,0,2669,_history_tree_18_removes,3125,0,0,0,0,0,0,2678,2669,0,0,0,5347,0,0,0,0,0,9,0,0,0,0,0,0,0
107,10018649925317144938,0,0,0,0,0,0,0,0,0,0,0,0,0,0,0,0,0,0,0,0,0,0,316,0,2365,68203,0,0,0,68036,0,0,0,38,316,795,0,0,0,0,167,0,0,0,0,2657,_history_tree_19_updates,2018,0,0,0,0,0,0,5045,2657,0,0,0,7702,0,0,0,0,0,2363,0,0,0,0,0,0,0
107,10018649925317144938,0,0,0,0,0,0,0,0,0,0,0,0,0,0,0,0,0,0,0,0,0,0,1053,0,5,9505,0,0,0,9490,0,0,0,39,2605,3,0,0,0,0,15,0,0,0,0,2610,_history_tree_19_removes,3071,0,0,0,0,0,0,2615,2610,0,0,0,5227,0,0,0,0,0,5,0,0,0,0,0,0,0
107,10018649925317144938,49639,0,0,0,0,0,46096,0,0,0,0,0,0,0,0,0,0,0,0,0,0,0,0,0,0,298127,0,0,0,97762,0,0,0,40,0,0,0,0,0,0,2147,0,0,95739,0,0,warehouse,0,0,0,0,0,0,0,0,0,0,0,0,0,197936,0,0,197937,0,0,0,0,0,95737,0,0,0
107,10018649925317144938,0,0,0,0,0,0,0,0,0,0,0,0,0,0,0,0,0,0,0,0,0,0,0,0,0,0,0,0,0,0,0,0,0,41,0,0,0,0,0,0,0,0,0,0,0,0,_warehouse_graveyard,0,0,0,0,0,0,0,0,0,0,0,0,0,0,0,0,0,0,0,0,0,0,0,0,0,0
107,10018649925317144938,98287,0,0,0,0,0,96534,0,0,0,0,0,0,0,0,0,0,0,0,0,0,0,0,0,1,302654,0,0,0,197005,0,0,0,42,0,0,0,0,0,0,993,0,0,194836,0,0,district,0,0,0,0,0,0,0,1,0,0,0,0,1,104613,0,0,104614,1,0,0,0,0,194851,0,0,0
107,10018649925317144938,0,0,0,0,0,0,0,0,0,0,0,0,0,0,0,0,0,0,0,0,0,0,0,0,0,0,0,0,0,0,0,0,0,43,0,0,0,0,0,0,0,0,0,0,0,0,_district_graveyard,0,0,0,0,0,0,0,0,0,0,0,0,0,0,0,0,0,0,0,0,0,0,0,0,0,0
107,10018649925317144938,64205,0,0,0,0,0,60842,0,0,0,0,0,0,0,0,0,0,0,0,0,0,0,0,0,0,803094,0,0,0,125067,0,0,0,44,0,0,0,0,0,0,0,0,0,125039,0,0,customer,0,0,0,0,0,0,0,0,0,0,0,0,0,142633,0,0,142633,0,0,0,0,0,125035,0,0,0
107,10018649925317144938,0,0,0,0,0,0,0,0,0,0,0,0,0,0,0,0,0,0,0,0,0,0,0,0,0,0,0,0,0,0,0,0,0,45,0,0,0,0,0,0,0,0,0,0,0,0,_customer_graveyard,0,0,0,0,0,0,0,0,0,0,0,0,0,0,0,0,0,0,0,0,0,0,0,0,0,0
107,10018649925317144938,0,0,0,0,0,0,0,0,0,0,0,0,0,0,0,0,0,0,0,0,0,0,0,0,0,187266,0,0,0,0,0,0,0,46,0,0,0,0,0,0,62417,0,0,0,0,0,customerwdl,0,0,0,0,0,0,0,0,0,0,0,62415,0,62415,0,0,62415,0,0,0,0,0,0,0,0,0
107,10018649925317144938,0,0,0,0,0,0,0,0,0,0,0,0,0,0,0,0,0,0,0,0,0,0,0,0,0,0,0,0,0,0,0,0,0,47,0,0,0,0,0,0,0,0,0,0,0,0,_customerwdl_graveyard,0,0,0,0,0,0,0,0,0,0,0,0,0,0,0,0,0,0,0,0,0,0,0,0,0,0
107,10018649925317144938,0,0,0,0,0,0,0,0,0,0,0,0,0,0,0,0,0,0,0,0,0,0,0,0,2255,120474,0,0,0,40156,0,0,0,48,0,0,0,0,0,0,0,0,0,0,0,0,history,0,0,0,0,0,0,0,2282,0,0,0,0,2282,0,0,0,0,0,0,0,0,0,0,0,0,0
107,10018649925317144938,0,0,0,0,0,0,0,0,0,0,0,0,0,0,0,0,0,0,0,0,0,0,0,0,0,0,0,0,0,0,0,0,0,49,0,0,0,0,0,0,0,0,0,0,0,0,_history_graveyard,0,0,0,0,0,0,0,0,0,0,0,0,0,0,0,0,0,0,0,0,0,0,0,0,0,0
107,10018649925317144938,43615,87120,0,87120,0,0,43494,0,0,0,0,0,0,0,0,0,0,0,0,0,0,0,49957,0,2112,1190474,0,0,0,276869,0,12388,0,50,188,0,0,0,0,0,119934,0,0,0,0,0,neworder,94840,12388,0,0,0,0,0,4108,116,3,0,87428,4110,99815,0,0,99816,0,1801,0,0,0,0,0,0,0
107,10018649925317144938,0,0,0,0,0,0,0,0,0,0,0,0,0,0,0,0,0,0,0,0,0,0,0,0,0,0,0,0,0,0,0,0,0,51,0,0,0,0,0,0,0,0,0,0,0,0,_neworder_graveyard,0,0,0,0,0,0,0,0,0,0,0,0,0,0,0,0,0,0,0,0,0,0,0,0,0,0
107,10018649925317144938,44042,0,0,0,0,0,43070,0,0,0,0,0,0,0,0,0,0,0,0,0,0,0,0,0,4399,847331,0,0,0,191728,0,0,0,52,0,0,0,0,0,0,0,0,0,87106,0,0,order,0,0,0,0,0,0,0,4411,0,0,0,0,4411,90709,0,0,90709,0,0,0,0,0,87101,0,0,0
107,10018649925317144938,0,0,0,0,0,0,0,0,0,0,0,0,0,0,0,0,0,0,0,0,0,0,0,0,0,0,0,0,0,0,0,0,0,53,0,0,0,0,0,0,0,0,0,0,0,0,_order_graveyard,0,0,0,0,0,0,0,0,0,0,0,0,0,0,0,0,0,0,0,0,0,0,0,0,0,0
107,10018649925317144938,0,0,0,0,0,0,0,0,0,0,0,0,0,0,0,0,3607,0,0,0,0,0,0,0,1433,315708,0,0,0,101629,0,0,0,54,0,0,0,0,0,0,3607,0,0,0,0,0,order_wdc,0,0,0,0,0,0,0,1458,0,0,0,0,1458,3607,0,0,3607,0,0,0,0,0,0,0,0,0
107,10018649925317144938,0,0,0,0,0,0,0,0,0,0,0,0,0,0,0,0,0,0,0,0,0,0,0,0,0,0,0,0,0,0,0,0,0,55,0,0,0,0,0,0,0,0,0,0,0,0,_order_wdc_graveyard,0,0,0,0,0,0,0,0,0,0,0,0,0,0,0,0,0,0,0,0,0,0,0,0,0,0
107,10018649925317144938,440230,0,0,0,0,0,430191,0,0,0,0,0,0,0,0,0,0,0,0,0,0,0,99621,0,59660,7773697,0,0,0,1930871,0,912,0,56,0,0,0,0,0,0,12539,0,0,870358,0,0,orderline,1811480,912,0,0,0,0,0,60469,0,0,0,12464,60470,1823926,0,0,1823913,0,0,0,0,0,870292,0,0,0
107,10018649925317144938,0,0,0,0,0,0,0,0,0,0,0,0,0,0,0,0,0,0,0,0,0,0,0,0,0,0,0,0,0,0,0,0,0,57,0,0,0,0,0,0,0,0,0,0,0,0,_orderline_graveyard,0,0,0,0,0,0,0,0,0,0,0,0,0,0,0,0,0,0,0,0,0,0,0,0,0,0
107,10018649925317144938,0,0,0,0,0,0,0,0,0,0,0,0,0,0,0,0,0,0,0,0,0,0,0,0,0,2001128,0,0,0,0,0,0,0,58,0,0,0,0,0,0,0,0,0,0,0,0,item,0,0,0,0,0,0,0,0,0,0,0,0,0,1000599,0,0,1000588,0,0,0,0,0,0,0,0,0
108,10018649925317144938,0,0,0,0,0,0,0,0,0,0,0,0,0,0,0,0,0,0,0,0,0,0,0,0,0,0,0,0,0,0,0,0,0,61,0,0,0,0,0,0,0,0,0,0,0,0,_stock_graveyard,0,0,0,0,0,0,0,0,0,0,0,0,0,0,0,0,0,0,0,0,0,0,0,0,0,0
108,10018649925317144938,500366,0,0,0,0,0,487971,0,0,0,0,0,0,0,0,0,0,0,0,0,0,0,0,0,0,15053808,0,0,0,989375,0,0,0,60,0,0,0,0,0,0,1109,0,0,988263,0,0,stock,0,0,0,0,0,0,0,0,0,0,0,0,0,2772881,0,0,2772867,0,0,0,0,0,988216,0,0,0
108,10018649925317144938,0,0,0,0,0,0,0,0,0,0,0,0,0,0,0,0,0,0,0,0,0,0,0,0,0,0,0,0,0,0,0,0,0,59,0,0,0,0,0,0,0,0,0,0,0,0,_item_graveyard,0,0,0,0,0,0,0,0,0,0,0,0,0,0,0,0,0,0,0,0,0,0,0,0,0,0
108,10018649925317144938,0,0,0,0,0,0,0,0,0,0,0,0,0,0,0,0,0,0,0,0,0,0,356,0,2395,68747,0,0,0,68528,0,0,0,28,356,831,0,0,0,0,217,0,0,0,0,2689,_history_tree_14_updates,1998,0,0,0,0,0,0,5109,2689,0,0,0,7798,0,0,0,0,0,2358,0,0,0,0,0,0,0
108,10018649925317144938,0,0,0,0,0,0,0,0,0,0,0,0,0,0,0,0,0,0,0,0,0,0,994,0,7,9314,0,0,0,9303,0,0,0,27,2570,2,0,0,0,0,11,0,0,0,0,2577,_history_tree_13_removes,3005,0,0,0,0,0,0,2584,2577,0,0,0,5159,0,0,0,0,0,7,0,0,0,0,0,0,0
108,10018649925317144938,0,0,0,0,0,0,0,0,0,0,0,0,0,0,0,0,0,0,0,0,0,0,330,0,2359,67791,0,0,0,67559,0,0,0,26,330,840,0,0,0,0,232,0,0,0,0,2668,_history_tree_13_updates,1957,0,0,0,0,0,0,5048,2668,0,0,0,7716,0,0,0,0,0,2359,0,0,0,0,0,0,0
108,10018649925317144938,0,0,0,0,0,0,0,0,0,0,0,0,0,0,0,0,0,0,0,0,0,0,1044,0,7,9408,0,0,0,9396,0,0,0,25,2551,3,0,0,0,0,12,0,0,0,0,2558,_history_tree_12_removes,3035,0,0,0,0,0,0,2565,2558,0,0,0,5123,0,0,0,0,0,7,0,0,0,0,0,0,0
108,10018649925317144938,0,0,0,0,0,0,0,0,0,0,0,0,0,0,0,0,0,0,0,0,0,0,308,0,2357,67977,0,0,0,67783,0,0,0,24,308,796,0,0,0,0,192,0,0,0,0,2627,_history_tree_12_updates,1992,0,0,0,0,0,0,5013,2627,0,0,0,7640,0,0,0,0,0,2348,0,0,0,0,0,0,0
108,10018649925317144938,0,0,0,0,0,0,0,0,0,0,0,0,0,0,0,0,0,0,0,0,0,0,1039,0,4,9341,0,0,0,9325,0,0,0,23,2627,1,0,0,0,0,16,0,0,0,0,2631,_history_tree_11_removes,3087,0,0,0,0,0,0,2635,2631,0,0,0,5266,0,0,0,0,0,4,0,0,0,0,0,0,0
108,10018649925317144938,0,0,0,0,0,0,0,0,0,0,0,0,0,0,0,0,0,0,0,0,0,0,294,0,2353,67546,0,0,0,67330,0,0,0,22,295,763,0,0,0,0,214,0,0,0,0,2605,_history_tree_11_updates,1983,0,0,0,0,0,0,4976,2605,0,0,0,7581,0,0,0,0,0,2328,0,0,0,0,0,0,0
108,10018649925317144938,0,0,0,0,0,0,0,0,0,0,0,0,0,0,0,0,0,0,0,0,0,0,956,0,8,9043,0,0,0,9028,0,0,0,21,2580,1,0,0,0,0,15,0,0,0,0,2588,_history_tree_10_removes,3022,0,0,0,0,0,0,2596,2588,0,0,0,5184,0,0,0,0,0,8,0,0,0,0,0,0,0
108,10018649925317144938,0,0,0,0,0,0,0,0,0,0,0,0,0,0,0,0,0,0,0,0,0,0,323,0,2349,67079,0,0,0,66879,0,0,0,20,323,786,0,0,0,0,200,0,0,0,0,2621,_history_tree_10_updates,1992,0,0,0,0,0,0,5009,2621,0,0,0,7630,0,0,0,0,0,2337,0,0,0,0,0,0,0
108,10018649925317144938,0,0,0,0,0,0,0,0,0,0,0,0,0,0,0,0,0,0,0,0,0,0,921,0,8,8696,0,0,0,8681,0,0,0,19,2590,4,0,0,0,0,15,0,0,0,0,2598,_history_tree_9_removes,3044,0,0,0,0,0,0,2606,2598,0,0,0,5204,0,0,0,0,0,8,0,0,0,0,0,0,0
108,10018649925317144938,0,0,0,0,0,0,0,0,0,0,0,0,0,0,0,0,0,0,0,0,0,0,338,0,2319,66066,0,0,0,65849,0,0,0,18,338,756,0,0,0,0,217,0,0,0,0,2568,_history_tree_9_updates,2026,0,0,0,0,0,0,4954,2568,0,0,0,7522,0,0,0,0,0,2297,0,0,0,0,0,0,0
108,10018649925317144938,0,0,0,0,0,0,0,0,0,0,0,0,0,0,0,0,0,0,0,0,0,0,1002,0,6,9136,0,0,0,9127,0,0,0,17,2576,2,0,0,0,0,9,0,0,0,0,2582,_history_tree_8_removes,3033,0,0,0,0,0,0,2588,2582,0,0,0,5170,0,0,0,0,0,6,0,0,0,0,0,0,0
108,10018649925317144938,0,0,0,0,0,0,0,0,0,0,0,0,0,0,0,0,0,0,0,0,0,0,312,0,2357,67563,0,0,0,67337,0,0,0,16,312,794,0,0,0,0,221,0,0,0,0,2638,_history_tree_8_updates,1992,0,0,0,0,0,0,5005,2638,0,0,0,7643,0,0,0,0,0,2336,0,0,0,0,0,0,0
108,10018649925317144938,0,0,0,0,0,0,0,0,0,0,0,0,0,0,0,0,0,0,0,0,0,0,981,0,9,9142,0,0,0,9130,0,0,0,15,2570,4,0,0,0,0,12,0,0,0,0,2577,_history_tree_7_removes,3005,0,0,0,0,0,0,2586,2577,0,0,0,5163,0,0,0,0,0,7,0,0,0,0,0,0,0
108,10018649925317144938,0,0,0,0,0,0,0,0,0,0,0,0,0,0,0,0,0,0,0,0,0,0,313,0,2381,68224,0,0,0,67979,0,0,0,14,313,783,0,0,0,0,243,0,0,0,0,2596,_history_tree_7_updates,1975,0,0,0,0,0,0,5017,2596,0,0,0,7613,0,0,0,0,0,2322,0,0,0,0,0,0,0
108,10018649925317144938,0,0,0,0,0,0,0,0,0,0,0,0,0,0,0,0,0,0,0,0,0,0,1013,0,5,8970,0,0,0,8953,0,0,0,13,2558,1,0,0,0,0,17,0,0,0,0,2563,_history_tree_6_removes,3004,0,0,0,0,0,0,2568,2563,0,0,0,5129,0,0,0,0,0,5,0,0,0,0,0,0,0
108,10018649925317144938,0,0,0,0,0,0,0,0,0,0,0,0,0,22197177,22730199,0,0,0,0,0,0,0,335,0,2337,66981,0,0,0,66797,0,0,0,0,335,774,0,0,0,0,182,0,0,0,0,2616,_history_tree_0_updates,2023,0,1490486,0,0,0,0,4993,2616,0,0,0,7609,0,0,0,0,0,2321,0,0,0,0,705159,0,0
108,10018649925317144938,0,0,0,0,0,0,0,0,0,0,0,0,0,0,0,0,0,0,0,0,0,0,971,0,7,9114,0,0,0,9097,0,0,0,1,2580,1,0,0,0,0,17,0,0,0,0,2586,_history_tree_0_removes,3045,0,0,0,0,0,0,2592,2585,0,0,0,5177,0,0,0,0,0,7,0,0,0,0,0,0,0
108,10018649925317144938,0,0,0,0,0,0,0,0,0,0,0,0,0,0,0,0,0,0,0,0,0,0,315,0,2346,67031,0,0,0,66813,0,0,0,2,315,795,0,0,0,0,216,0,0,0,0,2611,_history_tree_1_updates,1943,0,0,0,0,0,0,4969,2611,0,0,0,7580,0,0,0,0,0,2309,0,0,0,0,0,0,0
108,10018649925317144938,0,0,0,0,0,0,0,0,0,0,0,0,0,0,0,0,0,0,0,0,0,0,976,0,5,9070,0,0,0,9053,0,0,0,3,2580,2,0,0,0,0,17,0,0,0,0,2585,_history_tree_1_removes,3038,0,0,0,0,0,0,2590,2585,0,0,0,5175,0,0,0,0,0,5,0,0,0,0,0,0,0
108,10018649925317144938,0,0,0,0,0,0,0,0,0,0,0,0,0,0,0,0,0,0,0,0,0,0,337,0,2341,67241,0,0,0,67030,0,0,0,4,337,804,0,0,0,0,210,0,0,0,0,2649,_history_tree_2_updates,1994,0,0,0,0,0,0,4998,2649,0,0,0,7647,0,0,0,0,0,2321,0,0,0,0,0,0,0
108,10018649925317144938,0,0,0,0,0,0,0,0,0,0,0,0,0,0,0,0,0,0,0,0,0,0,1007,0,5,9216,0,0,0,9207,0,0,0,5,2614,1,0,0,0,0,9,0,0,0,0,2619,_history_tree_2_removes,3093,0,0,0,0,0,0,2624,2619,0,0,0,5243,0,0,0,0,0,5,0,0,0,0,0,0,0
108,10018649925317144938,0,0,0,0,0,0,0,0,0,0,0,0,0,0,0,0,0,0,0,0,0,0,328,0,2333,67127,0,0,0,66891,0,0,0,6,328,813,0,0,0,0,233,0,0,0,0,2615,_history_tree_3_updates,1948,0,0,0,0,0,0,4982,2615,0,0,0,7597,0,0,0,0,0,2321,0,0,0,0,0,0,0
108,10018649925317144938,0,0,0,0,0,0,0,0,0,0,0,0,0,0,0,0,0,0,0,0,0,0,1031,0,6,9319,0,0,0,9313,0,0,0,7,2585,2,0,0,0,0,6,0,0,0,0,2591,_history_tree_3_removes,3030,0,0,0,0,0,0,2597,2591,0,0,0,5188,0,0,0,0,0,6,0,0,0,0,0,0,0
108,10018649925317144938,0,0,0,0,0,0,0,0,0,0,0,0,0,0,0,0,0,0,0,0,0,0,350,0,2335,66538,0,0,0,66325,0,0,0,8,350,765,0,0,0,0,209,0,0,0,0,2632,_history_tree_4_updates,2014,0,0,0,0,0,0,4981,2630,0,0,0,7611,0,0,0,0,0,2295,0,0,0,0,0,0,0
108,10018649925317144938,0,0,0,0,0,0,0,0,0,0,0,0,0,0,0,0,0,0,0,0,0,0,936,0,8,8758,0,0,0,8745,0,0,0,9,2590,2,0,0,0,0,13,0,0,0,0,2596,_history_tree_4_removes,3041,0,0,0,0,0,0,2604,2596,0,0,0,5200,0,0,0,0,0,6,0,0,0,0,0,0,0
108,10018649925317144938,0,0,0,0,0,0,0,0,0,0,0,0,0,0,0,0,0,0,0,0,0,0,317,0,2360,67784,0,0,0,67551,0,0,0,10,317,795,0,0,0,0,233,0,0,0,0,2649,_history_tree_5_updates,1960,0,0,0,0,0,0,5009,2649,0,0,0,7658,0,0,0,0,0,2332,0,0,0,0,0,0,0
108,10018649925317144938,0,0,0,0,0,0,0,0,0,0,0,0,0,0,0,0,0,0,0,0,0,0,1021,0,6,9266,0,0,0,9254,0,0,0,11,2546,2,0,0,0,0,12,0,0,0,0,2552,_history_tree_5_removes,2979,0,0,0,0,0,0,2558,2552,0,0,0,5110,0,0,0,0,0,6,0,0,0,0,0,0,0
108,10018649925317144938,0,0,0,0,0,0,0,0,0,0,0,0,0,0,0,0,0,0,0,0,0,0,336,0,2315,66234,0,0,0,66041,0,0,0,12,336,797,0,0,0,0,193,0,0,0,0,2588,_history_tree_6_updates,1962,0,0,0,0,0,0,4965,2587,0,0,0,7552,0,0,0,0,0,2314,0,0,0,0,0,0,0
108,10018649925317144938,0,0,0,0,0,0,0,0,0,0,0,0,0,0,0,0,0,0,0,0,0,0,1010,0,8,9341,0,0,0,9327,0,0,0,29,2533,2,0,0,0,0,14,0,0,0,0,2539,_history_tree_14_removes,2976,0,0,0,0,0,0,2547,2539,0,0,0,5086,0,0,0,0,0,6,0,0,0,0,0,0,0
108,10018649925317144938,0,0,0,0,0,0,0,0,0,0,0,0,0,0,0,0,0,0,0,0,0,0,357,0,2367,67968,0,0,0,67762,0,0,0,30,357,809,0,0,0,0,205,0,0,0,0,2665,_history_tree_15_updates,1984,0,0,0,0,0,0,5050,2665,0,0,0,7715,0,0,0,0,0,2326,0,0,0,0,0,0,0
108,10018649925317144938,0,0,0,0,0,0,0,0,0,0,0,0,0,0,0,0,0,0,0,0,0,0,1027,0,8,9333,0,0,0,9317,0,0,0,31,2544,3,0,0,0,0,16,0,0,0,0,2551,_history_tree_15_removes,2975,0,0,0,0,0,0,2559,2551,0,0,0,5110,0,0,0,0,0,7,0,0,0,0,0,0,0
108,10018649925317144938,0,0,0,0,0,0,0,0,0,0,0,0,0,0,0,0,0,0,0,0,0,0,313,0,2364,67767,0,0,0,67533,0,0,0,32,313,743,0,0,0,0,230,0,0,0,0,2631,_history_tree_16_updates,2010,0,0,0,0,0,0,5001,2631,0,0,0,7632,0,0,0,0,0,2325,0,0,0,0,0,0,0
108,10018649925317144938,0,0,0,0,0,0,0,0,0,0,0,0,0,0,0,0,0,0,0,0,0,0,980,0,5,9167,0,0,0,9155,0,0,0,33,2652,1,0,0,0,0,12,0,0,0,0,2656,_history_tree_16_removes,3089,0,0,0,0,0,0,2661,2656,0,0,0,5317,0,0,0,0,0,4,0,0,0,0,0,0,0
108,10018649925317144938,0,0,0,0,0,0,0,0,0,0,0,0,0,0,0,0,0,0,0,0,0,0,360,0,2383,144822,0,0,0,72212,0,0,0,34,10528,2616,0,0,0,0,199,0,0,0,0,6283,_history_tree_17_updates,4013,0,0,0,0,0,0,15167,12566,0,0,0,21450,0,0,0,0,0,2256,0,0,0,0,0,0,0
108,10018649925317144938,0,0,0,0,0,0,0,0,0,0,0,0,0,0,0,0,0,0,0,0,0,0,818,0,17,8805,0,0,0,8797,0,0,0,35,2482,6,0,0,0,0,8,0,0,0,0,2494,_history_tree_17_removes,2895,0,0,0,0,0,0,2511,2494,0,0,0,5005,0,0,0,0,0,12,0,0,0,0,0,0,0
108,10018649925317144938,0,0,0,0,0,0,0,0,0,0,0,0,0,0,0,0,0,0,0,0,0,0,393,0,2360,67364,0,0,0,67176,0,0,0,36,393,824,0,0,0,0,188,0,0,0,0,2637,_history_tree_18_updates,1996,0,0,0,0,0,0,5050,2637,0,0,0,7687,0,0,0,0,0,2297,0,0,0,0,0,0,0
108,10018649925317144938,0,0,0,0,0,0,0,0,0,0,0,0,0,0,0,0,0,0,0,0,0,0,903,0,12,9005,0,0,0,8987,0,0,0,37,2484,6,0,0,0,0,18,0,0,0,0,2495,_history_tree_18_removes,2909,0,0,0,0,0,0,2507,2495,0,0,0,5002,0,0,0,0,0,11,0,0,0,0,0,0,0
108,10018649925317144938,0,0,0,0,0,0,0,0,0,0,0,0,0,0,0,0,0,0,0,0,0,0,336,0,2385,68163,0,0,0,67933,0,0,0,38,336,818,0,0,0,0,228,0,0,0,0,2583,_history_tree_19_updates,1969,0,0,0,0,0,0,5041,2583,0,0,0,7624,0,0,0,0,0,2321,0,0,0,0,0,0,0
108,10018649925317144938,0,0,0,0,0,0,0,0,0,0,0,0,0,0,0,0,0,0,0,0,0,0,986,0,10,8983,0,0,0,8969,0,0,0,39,2519,3,0,0,0,0,14,0,0,0,0,2526,_history_tree_19_removes,2965,0,0,0,0,0,0,2536,2526,0,0,0,5060,0,0,0,0,0,7,0,0,0,0,0,0,0
108,10018649925317144938,48782,0,0,0,0,0,45258,0,0,0,0,0,0,0,0,0,0,0,0,0,0,0,0,0,0,293089,0,0,0,96071,0,0,0,40,0,0,0,0,0,0,2138,0,0,94030,0,0,warehouse,0,0,0,0,0,0,0,0,0,0,0,0,0,194593,0,0,194592,0,0,0,0,0,94027,0,0,0
108,10018649925317144938,0,0,0,0,0,0,0,0,0,0,0,0,0,0,0,0,0,0,0,0,0,0,0,0,0,0,0,0,0,0,0,0,0,41,0,0,0,0,0,0,0,0,0,0,0,0,_warehouse_graveyard,0,0,0,0,0,0,0,0,0,0,0,0,0,0,0,0,0,0,0,0,0,0,0,0,0,0
108,10018649925317144938,96665,0,0,0,0,0,94788,0,0,0,0,0,0,0,0,0,0,0,0,0,0,0,0,0,1,297553,0,0,0,193615,0,0,0,42,0,0,0,0,0,0,1011,0,0,191418,0,0,district,0,0,0,0,0,0,0,1,0,0,0,0,1,102849,0,0,102847,1,0,0,0,0,191390,0,0,0
108,10018649925317144938,0,0,0,0,0,0,0,0,0,0,0,0,0,0,0,0,0,0,0,0,0,0,0,0,0,0,0,0,0,0,0,0,0,43,0,0,0,0,0,0,0,0,0,0,0,0,_district_graveyard,0,0,0,0,0,0,0,0,0,0,0,0,0,0,0,0,0,0,0,0,0,0,0,0,0,0
108,10018649925317144938,62330,0,0,0,0,0,59984,0,0,0,0,0,0,0,0,0,0,0,0,0,0,0,0,0,0,787797,0,0,0,122322,0,0,0,44,0,0,0,0,0,0,7,0,0,122311,0,0,customer,0,0,0,0,0,0,0,0,0,0,0,0,0,140258,0,0,140257,0,0,0,0,0,122307,0,0,0
108,10018649925317144938,0,0,0,0,0,0,0,0,0,0,0,0,0,0,0,0,0,0,0,0,0,0,0,0,0,0,0,0,0,0,0,0,0,45,0,0,0,0,0,0,0,0,0,0,0,0,_customer_graveyard,0,0,0,0,0,0,0,0,0,0,0,0,0,0,0,0,0,0,0,0,0,0,0,0,0,0
108,10018649925317144938,0,0,0,0,0,0,0,0,0,0,0,0,0,0,0,0,0,0,0,0,0,0,0,0,0,183003,0,0,0,0,0,0,0,46,0,0,0,0,0,0,61001,0,0,0,0,0,customerwdl,0,0,0,0,0,0,0,0,0,0,0,61001,0,61001,0,0,61000,0,0,0,0,0,0,0,0,0
108,10018649925317144938,0,0,0,0,0,0,0,0,0,0,0,0,0,0,0,0,0,0,0,0,0,0,0,0,0,0,0,0,0,0,0,0,0,47,0,0,0,0,0,0,0,0,0,0,0,0,_customerwdl_graveyard,0,0,0,0,0,0,0,0,0,0,0,0,0,0,0,0,0,0,0,0,0,0,0,0,0,0
108,10018649925317144938,0,0,0,0,0,0,0,0,0,0,0,0,0,0,0,0,0,0,0,0,0,0,0,0,2218,118479,0,0,0,39493,0,0,0,48,0,0,0,0,0,0,0,0,0,0,0,0,history,0,0,0,0,0,0,0,2244,0,0,0,0,2244,0,0,0,0,0,0,0,0,0,0,0,0,0
108,10018649925317144938,0,0,0,0,0,0,0,0,0,0,0,0,0,0,0,0,0,0,0,0,0,0,0,0,0,0,0,0,0,0,0,0,0,49,0,0,0,0,0,0,0,0,0,0,0,0,_history_graveyard,0,0,0,0,0,0,0,0,0,0,0,0,0,0,0,0,0,0,0,0,0,0,0,0,0,0
108,10018649925317144938,42547,83750,0,83750,0,0,42429,0,0,0,0,0,0,0,0,0,0,0,0,0,0,0,48983,0,2085,1159684,0,0,0,269472,0,11945,0,50,96,0,0,0,0,0,117061,0,0,0,0,0,neworder,92743,11945,0,0,0,0,0,3995,82,0,0,85225,3998,97170,0,0,97169,0,1809,0,0,0,0,0,0,0
108,10018649925317144938,0,0,0,0,0,0,0,0,0,0,0,0,0,0,0,0,0,0,0,0,0,0,0,0,0,0,0,0,0,0,0,0,0,51,0,0,0,0,0,0,0,0,0,0,0,0,_neworder_graveyard,0,0,0,0,0,0,0,0,0,0,0,0,0,0,0,0,0,0,0,0,0,0,0,0,0,0
108,10018649925317144938,43238,0,0,0,0,0,41712,0,0,0,0,0,0,0,0,0,0,0,0,0,0,0,0,0,4265,828318,0,0,0,187581,0,0,0,52,0,0,0,0,0,0,0,0,0,84949,0,0,order,0,0,0,0,0,0,0,4283,0,0,0,0,4283,88524,0,0,88524,0,0,0,0,0,84948,0,0,0
108,10018649925317144938,0,0,0,0,0,0,0,0,0,0,0,0,0,0,0,0,0,0,0,0,0,0,0,0,0,0,0,0,0,0,0,0,0,53,0,0,0,0,0,0,0,0,0,0,0,0,_order_graveyard,0,0,0,0,0,0,0,0,0,0,0,0,0,0,0,0,0,0,0,0,0,0,0,0,0,0
108,10018649925317144938,0,0,0,0,0,0,0,0,0,0,0,0,0,0,0,0,3575,0,0,0,0,0,0,0,1401,309927,0,0,0,99733,0,0,0,54,0,0,0,0,0,0,3575,0,0,0,0,0,order_wdc,0,0,0,0,0,0,0,1438,0,0,0,0,1438,3575,0,0,3575,0,0,0,0,0,0,0,0,0
108,10018649925317144938,0,0,0,0,0,0,0,0,0,0,0,0,0,0,0,0,0,0,0,0,0,0,0,0,0,0,0,0,0,0,0,0,0,55,0,0,0,0,0,0,0,0,0,0,0,0,_order_wdc_graveyard,0,0,0,0,0,0,0,0,0,0,0,0,0,0,0,0,0,0,0,0,0,0,0,0,0,0
108,10018649925317144938,428894,0,0,0,0,0,418928,0,0,0,0,0,0,0,0,0,0,0,0,0,0,0,99414,0,58386,7590682,0,0,0,1885162,0,1040,0,56,0,0,0,0,0,0,12492,0,0,847776,0,0,orderline,1806270,1040,0,0,0,0,0,59171,0,0,0,12424,59170,1818634,0,0,1818621,0,0,0,0,0,847763,0,0,0
108,10018649925317144938,0,0,0,0,0,0,0,0,0,0,0,0,0,0,0,0,0,0,0,0,0,0,0,0,0,0,0,0,0,0,0,0,0,57,0,0,0,0,0,0,0,0,0,0,0,0,_orderline_graveyard,0,0,0,0,0,0,0,0,0,0,0,0,0,0,0,0,0,0,0,0,0,0,0,0,0,0
108,10018649925317144938,0,0,0,0,0,0,0,0,0,0,0,0,0,0,0,0,0,0,0,0,0,0,0,0,0,1957233,0,0,0,0,0,0,0,58,0,0,0,0,0,0,0,0,0,0,0,0,item,0,0,0,0,0,0,0,0,0,0,0,0,0,978492,0,0,978489,0,0,0,0,0,0,0,0,0
109,10018649925317144938,0,0,0,0,0,0,0,0,0,0,0,0,0,0,0,0,0,0,0,0,0,0,0,0,0,0,0,0,0,0,0,0,0,61,0,0,0,0,0,0,0,0,0,0,0,0,_stock_graveyard,0,0,0,0,0,0,0,0,0,0,0,0,0,0,0,0,0,0,0,0,0,0,0,0,0,0
109,10018649925317144938,512867,0,0,0,0,0,500289,0,0,0,0,0,0,0,0,0,0,0,0,0,0,0,0,0,0,15483014,0,0,0,1014212,0,0,0,60,0,0,0,0,0,0,1080,0,0,1013223,0,0,stock,0,0,0,0,0,0,0,0,0,0,0,0,0,2856031,0,0,2856074,0,0,0,0,0,1013297,0,0,0
109,10018649925317144938,0,0,0,0,0,0,0,0,0,0,0,0,0,0,0,0,0,0,0,0,0,0,0,0,0,0,0,0,0,0,0,0,0,59,0,0,0,0,0,0,0,0,0,0,0,0,_item_graveyard,0,0,0,0,0,0,0,0,0,0,0,0,0,0,0,0,0,0,0,0,0,0,0,0,0,0
109,10018649925317144938,0,0,0,0,0,0,0,0,0,0,0,0,0,0,0,0,0,0,0,0,0,0,300,0,2444,70718,0,0,0,70465,0,0,0,28,300,844,0,0,0,0,253,0,0,0,0,2766,_history_tree_14_updates,2053,0,0,0,0,0,0,5215,2766,0,0,0,7981,0,0,0,0,0,2471,0,0,0,0,0,0,0
109,10018649925317144938,0,0,0,0,0,0,0,0,0,0,0,0,0,0,0,0,0,0,0,0,0,0,987,0,8,9310,0,0,0,9295,0,0,0,27,2663,5,0,0,0,0,15,0,0,0,0,2671,_history_tree_13_removes,3161,0,0,0,0,0,0,2679,2671,0,0,0,5350,0,0,0,0,0,8,0,0,0,0,0,0,0
109,10018649925317144938,0,0,0,0,0,0,0,0,0,0,0,0,0,0,0,0,0,0,0,0,0,0,332,0,2414,69104,0,0,0,68886,0,0,0,26,332,784,0,0,0,0,218,0,0,0,0,2650,_history_tree_13_updates,2099,0,0,0,0,0,0,5128,2650,0,0,0,7778,0,0,0,0,0,2382,0,0,0,0,0,0,0
109,10018649925317144938,0,0,0,0,0,0,0,0,0,0,0,0,0,0,0,0,0,0,0,0,0,0,993,0,5,9128,0,0,0,9111,0,0,0,25,2673,2,0,0,0,0,17,0,0,0,0,2678,_history_tree_12_removes,3163,0,0,0,0,0,0,2683,2678,0,0,0,5361,0,0,0,0,0,5,0,0,0,0,0,0,0
109,10018649925317144938,0,0,0,0,0,0,0,0,0,0,0,0,0,0,0,0,0,0,0,0,0,0,309,0,2422,68988,0,0,0,68760,0,0,0,24,309,813,0,0,0,0,229,0,0,0,0,2693,_history_tree_12_updates,2041,0,0,0,0,0,0,5134,2693,0,0,0,7827,0,0,0,0,0,2402,0,0,0,0,0,0,0
109,10018649925317144938,0,0,0,0,0,0,0,0,0,0,0,0,0,0,0,0,0,0,0,0,0,0,1035,0,10,9560,0,0,0,9542,0,0,0,23,2563,5,0,0,0,0,18,0,0,0,0,2572,_history_tree_11_removes,3024,0,0,0,0,0,0,2582,2572,0,0,0,5154,0,0,0,0,0,9,0,0,0,0,0,0,0
109,10018649925317144938,0,0,0,0,0,0,0,0,0,0,0,0,0,0,0,0,0,0,0,0,0,0,402,0,2424,69694,0,0,0,69479,0,0,0,22,402,878,0,0,0,0,213,0,0,0,0,2767,_history_tree_11_updates,2059,0,0,0,0,0,0,5238,2767,0,0,0,8005,0,0,0,0,0,2412,0,0,0,0,0,0,0
109,10018649925317144938,0,0,0,0,0,0,0,0,0,0,0,0,0,0,0,0,0,0,0,0,0,0,956,0,9,9043,0,0,0,9034,0,0,0,21,2716,4,0,0,0,0,9,0,0,0,0,2723,_history_tree_10_removes,3170,0,0,0,0,0,0,2732,2723,0,0,0,5455,0,0,0,0,0,7,0,0,0,0,0,0,0
109,10018649925317144938,0,0,0,0,0,0,0,0,0,0,0,0,0,0,0,0,0,0,0,0,0,0,342,0,2419,68887,0,0,0,68679,0,0,0,20,342,776,0,0,0,0,208,0,0,0,0,2701,_history_tree_10_updates,2081,0,0,0,0,0,0,5151,2701,0,0,0,7852,0,0,0,0,0,2390,0,0,0,0,0,0,0
109,10018649925317144938,0,0,0,0,0,0,0,0,0,0,0,0,0,0,0,0,0,0,0,0,0,0,1027,0,6,9435,0,0,0,9422,0,0,0,19,2646,2,0,0,0,0,13,0,0,0,0,2651,_history_tree_9_removes,3102,0,0,0,0,0,0,2657,2651,0,0,0,5308,0,0,0,0,0,5,0,0,0,0,0,0,0
109,10018649925317144938,0,0,0,0,0,0,0,0,0,0,0,0,0,0,0,0,0,0,0,0,0,0,339,0,2424,69525,0,0,0,69292,0,0,0,18,339,823,0,0,0,0,232,0,0,0,0,2728,_history_tree_9_updates,2040,0,0,0,0,0,0,5169,2728,0,0,0,7897,0,0,0,0,0,2406,0,0,0,0,0,0,0
109,10018649925317144938,0,0,0,0,0,0,0,0,0,0,0,0,0,0,0,0,0,0,0,0,0,0,1072,0,8,9711,0,0,0,9690,0,0,0,17,2638,2,0,0,0,0,21,0,0,0,0,2645,_history_tree_8_removes,3129,0,0,0,0,0,0,2653,2645,0,0,0,5298,0,0,0,0,0,7,0,0,0,0,0,0,0
109,10018649925317144938,0,0,0,0,0,0,0,0,0,0,0,0,0,0,0,0,0,0,0,0,0,0,359,0,2450,70499,0,0,0,70276,0,0,0,16,359,871,0,0,0,0,224,0,0,0,0,2779,_history_tree_8_updates,2070,0,0,0,0,0,0,5243,2779,0,0,0,8022,0,0,0,0,0,2433,0,0,0,0,0,0,0
109,10018649925317144938,0,0,0,0,0,0,0,0,0,0,0,0,0,0,0,0,0,0,0,0,0,0,1036,0,6,9653,0,0,0,9644,0,0,0,15,2699,3,0,0,0,0,9,0,0,0,0,2707,_history_tree_7_removes,3156,0,0,0,0,0,0,2713,2707,0,0,0,5420,0,0,0,0,0,8,0,0,0,0,0,0,0
109,10018649925317144938,0,0,0,0,0,0,0,0,0,0,0,0,0,0,0,0,0,0,0,0,0,0,310,0,2425,69714,0,0,0,69514,0,0,0,14,310,849,0,0,0,0,199,0,0,0,0,2762,_history_tree_7_updates,2057,0,0,0,0,0,0,5199,2762,0,0,0,7961,0,0,0,0,0,2464,0,0,0,0,0,0,0
109,10018649925317144938,0,0,0,0,0,0,0,0,0,0,0,0,0,0,0,0,0,0,0,0,0,0,968,0,9,9359,0,0,0,9341,0,0,0,13,2610,6,0,0,0,0,18,0,0,0,0,2618,_history_tree_6_removes,3064,0,0,0,0,0,0,2627,2618,0,0,0,5245,0,0,0,0,0,8,0,0,0,0,0,0,0
109,10018649925317144938,0,0,0,0,0,0,0,0,0,0,0,0,0,22915760,23444338,0,0,0,0,0,0,0,336,0,2419,69270,0,0,0,69047,0,0,0,0,336,812,0,0,0,0,226,0,0,0,0,2682,_history_tree_0_updates,2035,0,1534949,0,0,0,0,5147,2682,0,0,0,7829,0,0,0,0,0,2392,0,0,0,0,729819,0,0
109,10018649925317144938,0,0,0,0,0,0,0,0,0,0,0,0,0,0,0,0,0,0,0,0,0,0,991,0,8,9322,0,0,0,9299,0,0,0,1,2627,4,0,0,0,0,23,0,0,0,0,2633,_history_tree_0_removes,3071,0,0,0,0,0,0,2641,2633,0,0,0,5274,0,0,0,0,0,6,0,0,0,0,0,0,0
109,10018649925317144938,0,0,0,0,0,0,0,0,0,0,0,0,0,0,0,0,0,0,0,0,0,0,350,0,2398,68299,0,0,0,68098,0,0,0,2,350,838,0,0,0,0,200,0,0,0,0,2729,_history_tree_1_updates,2045,0,0,0,0,0,0,5149,2729,0,0,0,7878,0,0,0,0,0,2400,0,0,0,0,0,0,0
109,10018649925317144938,0,0,0,0,0,0,0,0,0,0,0,0,0,0,0,0,0,0,0,0,0,0,960,0,6,9030,0,0,0,9017,0,0,0,3,2642,1,0,0,0,0,13,0,0,0,0,2648,_history_tree_1_removes,3102,0,0,0,0,0,0,2654,2648,0,0,0,5302,0,0,0,0,0,6,0,0,0,0,0,0,0
109,10018649925317144938,0,0,0,0,0,0,0,0,0,0,0,0,0,0,0,0,0,0,0,0,0,0,324,0,2409,68782,0,0,0,68547,0,0,0,4,324,818,0,0,0,0,236,0,0,0,0,2679,_history_tree_2_updates,2033,0,0,0,0,0,0,5122,2679,0,0,0,7801,0,0,0,0,0,2389,0,0,0,0,0,0,0
109,10018649925317144938,0,0,0,0,0,0,0,0,0,0,0,0,0,0,0,0,0,0,0,0,0,0,1027,0,7,9317,0,0,0,9309,0,0,0,5,2675,2,0,0,0,0,8,0,0,0,0,2681,_history_tree_2_removes,3142,0,0,0,0,0,0,2688,2681,0,0,0,5369,0,0,0,0,0,6,0,0,0,0,0,0,0
109,10018649925317144938,0,0,0,0,0,0,0,0,0,0,0,0,0,0,0,0,0,0,0,0,0,0,346,0,2436,69387,0,0,0,69162,0,0,0,6,346,824,0,0,0,0,223,0,0,0,0,2693,_history_tree_3_updates,2045,0,0,0,0,0,0,5189,2693,0,0,0,7882,0,0,0,0,0,2407,0,0,0,0,0,0,0
109,10018649925317144938,0,0,0,0,0,0,0,0,0,0,0,0,0,0,0,0,0,0,0,0,0,0,1013,0,6,9157,0,0,0,9146,0,0,0,7,2662,3,0,0,0,0,11,0,0,0,0,2667,_history_tree_3_removes,3139,0,0,0,0,0,0,2673,2667,0,0,0,5340,0,0,0,0,0,5,0,0,0,0,0,0,0
109,10018649925317144938,0,0,0,0,0,0,0,0,0,0,0,0,0,0,0,0,0,0,0,0,0,0,375,0,2398,68464,0,0,0,68239,0,0,0,8,375,854,0,0,0,0,225,0,0,0,0,2747,_history_tree_4_updates,2050,0,0,0,0,0,0,5171,2747,0,0,0,7918,0,0,0,0,0,2398,0,0,0,0,0,0,0
109,10018649925317144938,0,0,0,0,0,0,0,0,0,0,0,0,0,0,0,0,0,0,0,0,0,0,937,0,9,9104,0,0,0,9091,0,0,0,9,2610,4,0,0,0,0,13,0,0,0,0,2619,_history_tree_4_removes,3088,0,0,0,0,0,0,2628,2619,0,0,0,5247,0,0,0,0,0,9,0,0,0,0,0,0,0
109,10018649925317144938,0,0,0,0,0,0,0,0,0,0,0,0,0,0,0,0,0,0,0,0,0,0,354,0,2456,70760,0,0,0,70535,0,0,0,10,354,874,0,0,0,0,223,0,0,0,0,2782,_history_tree_5_updates,2042,0,0,0,0,0,0,5256,2782,0,0,0,8038,0,0,0,0,0,2446,0,0,0,0,0,0,0
109,10018649925317144938,0,0,0,0,0,0,0,0,0,0,0,0,0,0,0,0,0,0,0,0,0,0,1057,0,8,9768,0,0,0,9757,0,0,0,11,2633,2,0,0,0,0,11,0,0,0,0,2640,_history_tree_5_removes,3093,0,0,0,0,0,0,2648,2640,0,0,0,5288,0,0,0,0,0,7,0,0,0,0,0,0,0
109,10018649925317144938,0,0,0,0,0,0,0,0,0,0,0,0,0,0,0,0,0,0,0,0,0,0,366,0,2445,69933,0,0,0,69724,0,0,0,12,367,816,0,0,0,0,207,0,0,0,0,2690,_history_tree_6_updates,2077,0,0,0,0,0,0,5215,2690,0,0,0,7905,0,0,0,0,0,2403,0,0,0,0,0,0,0
109,10018649925317144938,0,0,0,0,0,0,0,0,0,0,0,0,0,0,0,0,0,0,0,0,0,0,1098,0,6,10061,0,0,0,10047,0,0,0,29,2702,4,0,0,0,0,14,0,0,0,0,2710,_history_tree_14_removes,3171,0,0,0,0,0,0,2716,2710,0,0,0,5426,0,0,0,0,0,8,0,0,0,0,0,0,0
109,10018649925317144938,0,0,0,0,0,0,0,0,0,0,0,0,0,0,0,0,0,0,0,0,0,0,360,0,2453,70394,0,0,0,70209,0,0,0,30,360,925,0,0,0,0,184,0,0,0,0,2780,_history_tree_15_updates,2016,0,0,0,0,0,0,5263,2780,0,0,0,8043,0,0,0,0,0,2450,0,0,0,0,0,0,0
109,10018649925317144938,0,0,0,0,0,0,0,0,0,0,0,0,0,0,0,0,0,0,0,0,0,0,1067,0,5,9642,0,0,0,9625,0,0,0,31,2568,1,0,0,0,0,17,0,0,0,0,2573,_history_tree_15_removes,3059,0,0,0,0,0,0,2578,2573,0,0,0,5151,0,0,0,0,0,5,0,0,0,0,0,0,0
109,10018649925317144938,0,0,0,0,0,0,0,0,0,0,0,0,0,0,0,0,0,0,0,0,0,0,314,0,2443,70294,0,0,0,70059,0,0,0,32,314,883,0,0,0,0,228,0,0,0,0,2750,_history_tree_16_updates,1997,0,0,0,0,0,0,5202,2750,0,0,0,7952,0,0,0,0,0,2445,0,0,0,0,0,0,0
109,10018649925317144938,0,0,0,0,0,0,0,0,0,0,0,0,0,0,0,0,0,0,0,0,0,0,1028,0,7,9779,0,0,0,9761,0,0,0,33,2662,1,0,0,0,0,18,0,0,0,0,2669,_history_tree_16_removes,3103,0,0,0,0,0,0,2676,2669,0,0,0,5345,0,0,0,0,0,7,0,0,0,0,0,0,0
109,10018649925317144938,0,0,0,0,0,0,0,0,0,0,0,0,0,0,0,0,0,0,0,0,0,0,358,0,2355,144136,0,0,0,71868,0,0,0,34,10745,2805,0,0,0,0,201,0,0,0,0,6445,_history_tree_17_updates,4069,0,0,0,0,0,0,15549,12888,2,0,0,21994,0,0,0,0,0,2447,0,0,0,0,0,0,0
109,10018649925317144938,0,0,0,0,0,0,0,0,0,0,0,0,0,0,0,0,0,0,0,0,0,0,846,0,18,9261,0,0,0,9247,0,0,0,35,2517,16,0,0,0,0,14,0,0,0,0,2539,_history_tree_17_removes,2956,0,0,0,0,0,0,2557,2539,0,0,0,5096,0,0,0,0,0,22,0,0,0,0,0,0,0
109,10018649925317144938,0,0,0,0,0,0,0,0,0,0,0,0,0,0,0,0,0,0,0,0,0,0,370,0,2430,69979,0,0,0,69776,0,0,0,36,370,924,0,0,0,0,203,0,0,0,0,2796,_history_tree_18_updates,2040,0,0,0,0,0,0,5280,2796,0,0,0,8076,0,0,0,0,0,2480,0,0,0,0,0,0,0
109,10018649925317144938,0,0,0,0,0,0,0,0,0,0,0,0,0,0,0,0,0,0,0,0,0,0,1003,0,7,9659,0,0,0,9639,0,0,0,37,2639,3,0,0,0,0,20,0,0,0,0,2647,_history_tree_18_removes,3102,0,0,0,0,0,0,2654,2647,0,0,0,5301,0,0,0,0,0,8,0,0,0,0,0,0,0
109,10018649925317144938,0,0,0,0,0,0,0,0,0,0,0,0,0,0,0,0,0,0,0,0,0,0,316,0,2402,69036,0,0,0,68810,0,0,0,38,316,899,0,0,0,0,226,0,0,0,0,2711,_history_tree_19_updates,2022,0,0,0,0,0,0,5186,2711,0,0,0,7897,0,0,0,0,0,2468,0,0,0,0,0,0,0
109,10018649925317144938,0,0,0,0,0,0,0,0,0,0,0,0,0,0,0,0,0,0,0,0,0,0,1029,0,5,9611,0,0,0,9596,0,0,0,39,2629,5,0,0,0,0,15,0,0,0,0,2637,_history_tree_19_removes,3110,0,0,0,0,0,0,2642,2637,0,0,0,5279,0,0,0,0,0,8,0,0,0,0,0,0,0
109,10018649925317144938,50952,0,0,0,0,0,46894,0,0,0,0,0,0,0,0,0,0,0,0,0,0,0,0,0,0,304242,0,0,0,99996,0,0,0,40,0,0,0,0,0,0,2154,0,0,97850,0,0,warehouse,0,0,0,0,0,0,0,0,0,0,0,0,0,201789,0,0,201789,0,0,0,0,0,97854,0,0,0
109,10018649925317144938,0,0,0,0,0,0,0,0,0,0,0,0,0,0,0,0,0,0,0,0,0,0,0,0,0,0,0,0,0,0,0,0,0,41,0,0,0,0,0,0,0,0,0,0,0,0,_warehouse_graveyard,0,0,0,0,0,0,0,0,0,0,0,0,0,0,0,0,0,0,0,0,0,0,0,0,0,0
109,10018649925317144938,100088,0,0,0,0,0,98412,0,0,0,0,0,0,0,0,0,0,0,0,0,0,0,0,0,0,309153,0,0,0,200869,0,0,0,42,0,0,0,0,0,0,1110,0,0,198512,0,0,district,0,0,0,0,0,0,0,0,0,0,0,0,0,107119,0,0,107120,0,0,0,0,0,198520,0,0,0
109,10018649925317144938,0,0,0,0,0,0,0,0,0,0,0,0,0,0,0,0,0,0,0,0,0,0,0,0,0,0,0,0,0,0,0,0,0,43,0,0,0,0,0,0,0,0,0,0,0,0,_district_graveyard,0,0,0,0,0,0,0,0,0,0,0,0,0,0,0,0,0,0,0,0,0,0,0,0,0,0
109,10018649925317144938,64653,0,0,0,0,0,61766,0,0,0,0,0,0,0,0,0,0,0,0,0,0,0,0,0,0,814386,0,0,0,126425,0,0,0,44,0,0,0,0,0,0,8,0,0,126424,0,0,customer,0,0,0,0,0,0,0,0,0,0,0,0,0,145031,0,0,145031,0,0,0,0,0,126426,0,0,0
109,10018649925317144938,0,0,0,0,0,0,0,0,0,0,0,0,0,0,0,0,0,0,0,0,0,0,0,0,0,0,0,0,0,0,0,0,0,45,0,0,0,0,0,0,0,0,0,0,0,0,_customer_graveyard,0,0,0,0,0,0,0,0,0,0,0,0,0,0,0,0,0,0,0,0,0,0,0,0,0,0
109,10018649925317144938,0,0,0,0,0,0,0,0,0,0,0,0,0,0,0,0,0,0,0,0,0,0,0,0,0,191742,0,0,0,0,0,0,0,46,0,0,0,0,0,0,63915,0,0,0,0,0,customerwdl,0,0,0,0,0,0,0,0,0,0,0,63916,0,63916,0,0,63916,0,0,0,0,0,0,0,0,0
109,10018649925317144938,0,0,0,0,0,0,0,0,0,0,0,0,0,0,0,0,0,0,0,0,0,0,0,0,0,0,0,0,0,0,0,0,0,47,0,0,0,0,0,0,0,0,0,0,0,0,_customerwdl_graveyard,0,0,0,0,0,0,0,0,0,0,0,0,0,0,0,0,0,0,0,0,0,0,0,0,0,0
109,10018649925317144938,0,0,0,0,0,0,0,0,0,0,0,0,0,0,0,0,0,0,0,0,0,0,0,0,2295,122538,0,0,0,40847,0,0,0,48,0,0,0,0,0,0,0,0,0,0,0,0,history,0,0,0,0,0,0,0,2324,0,0,0,0,2324,0,0,0,0,0,0,0,0,0,0,0,0,0
109,10018649925317144938,0,0,0,0,0,0,0,0,0,0,0,0,0,0,0,0,0,0,0,0,0,0,0,0,0,0,0,0,0,0,0,0,0,49,0,0,0,0,0,0,0,0,0,0,0,0,_history_graveyard,0,0,0,0,0,0,0,0,0,0,0,0,0,0,0,0,0,0,0,0,0,0,0,0,0,0
109,10018649925317144938,44029,87780,0,87780,0,0,43909,0,0,0,0,0,0,0,0,0,0,0,0,0,0,0,50872,0,2127,1204064,0,0,0,280032,0,12544,0,50,199,0,0,0,0,0,121295,0,0,0,0,0,neworder,96448,12544,0,0,0,0,0,4186,150,4,0,88239,4188,100783,0,0,100783,0,1856,0,0,0,0,0,0,0
109,10018649925317144938,0,0,0,0,0,0,0,0,0,0,0,0,0,0,0,0,0,0,0,0,0,0,0,0,0,0,0,0,0,0,0,0,0,51,0,0,0,0,0,0,0,0,0,0,0,0,_neworder_graveyard,0,0,0,0,0,0,0,0,0,0,0,0,0,0,0,0,0,0,0,0,0,0,0,0,0,0
109,10018649925317144938,44584,0,0,0,0,0,43358,0,0,0,0,0,0,0,0,0,0,0,0,0,0,0,0,0,4473,857670,0,0,0,194312,0,0,0,52,0,0,0,0,0,0,0,0,0,87944,0,0,order,0,0,0,0,0,0,0,4485,0,0,0,0,4485,91580,0,0,91580,0,0,0,0,0,87945,0,0,0
109,10018649925317144938,0,0,0,0,0,0,0,0,0,0,0,0,0,0,0,0,0,0,0,0,0,0,0,0,0,0,0,0,0,0,0,0,0,53,0,0,0,0,0,0,0,0,0,0,0,0,_order_graveyard,0,0,0,0,0,0,0,0,0,0,0,0,0,0,0,0,0,0,0,0,0,0,0,0,0,0
109,10018649925317144938,0,0,0,0,0,0,0,0,0,0,0,0,0,0,0,0,3635,0,0,0,0,0,0,0,1438,320931,0,0,0,103342,0,0,0,54,0,0,0,0,0,0,3635,0,0,0,0,0,order_wdc,0,0,0,0,0,0,0,1467,0,0,0,0,1467,3635,0,0,3635,0,0,0,0,0,0,0,0,0
109,10018649925317144938,0,0,0,0,0,0,0,0,0,0,0,0,0,0,0,0,0,0,0,0,0,0,0,0,0,0,0,0,0,0,0,0,0,55,0,0,0,0,0,0,0,0,0,0,0,0,_order_wdc_graveyard,0,0,0,0,0,0,0,0,0,0,0,0,0,0,0,0,0,0,0,0,0,0,0,0,0,0
109,10018649925317144938,444302,0,0,0,0,0,434048,0,0,0,0,0,0,0,0,0,0,0,0,0,0,0,104048,0,60673,7878019,0,0,0,1956536,0,1024,0,56,0,0,0,0,0,0,12979,0,0,878382,0,0,orderline,1891620,1024,0,0,0,0,0,61496,0,0,0,12897,61496,1904504,0,0,1904504,0,0,0,0,0,878399,0,0,0
109,10018649925317144938,0,0,0,0,0,0,0,0,0,0,0,0,0,0,0,0,0,0,0,0,0,0,0,0,0,0,0,0,0,0,0,0,0,57,0,0,0,0,0,0,0,0,0,0,0,0,_orderline_graveyard,0,0,0,0,0,0,0,0,0,0,0,0,0,0,0,0,0,0,0,0,0,0,0,0,0,0
109,10018649925317144938,0,0,0,0,0,0,0,0,0,0,0,0,0,0,0,0,0,0,0,0,0,0,0,0,0,2035256,0,0,0,0,0,0,0,58,0,0,0,0,0,0,0,0,0,0,0,0,item,0,0,0,0,0,0,0,0,0,0,0,0,0,1017659,0,0,1017665,0,0,0,0,0,0,0,0,0
110,10018649925317144938,0,0,0,0,0,0,0,0,0,0,0,0,0,0,0,0,0,0,0,0,0,0,0,0,0,0,0,0,0,0,0,0,0,61,0,0,0,0,0,0,0,0,0,0,0,0,_stock_graveyard,0,0,0,0,0,0,0,0,0,0,0,0,0,0,0,0,0,0,0,0,0,0,0,0,0,0
110,10018649925317144938,508450,0,0,0,0,0,496078,0,0,0,0,0,0,0,0,0,0,0,0,0,0,0,0,0,0,15426410,0,0,0,1005777,0,0,0,60,0,0,0,0,0,0,1118,0,0,1004524,0,0,stock,0,0,0,0,0,0,0,0,0,0,0,0,0,2849243,0,0,2849196,0,0,0,0,0,1004498,0,0,0
110,10018649925317144938,0,0,0,0,0,0,0,0,0,0,0,0,0,0,0,0,0,0,0,0,0,0,0,0,0,0,0,0,0,0,0,0,0,59,0,0,0,0,0,0,0,0,0,0,0,0,_item_graveyard,0,0,0,0,0,0,0,0,0,0,0,0,0,0,0,0,0,0,0,0,0,0,0,0,0,0
110,10018649925317144938,0,0,0,0,0,0,0,0,0,0,0,0,0,0,0,0,0,0,0,0,0,0,326,0,2367,68037,0,0,0,67828,0,0,0,28,326,797,0,0,0,0,209,0,0,0,0,2694,_history_tree_14_updates,2053,0,0,0,0,0,0,5071,2694,0,0,0,7765,0,0,0,0,0,2378,0,0,0,0,0,0,0
110,10018649925317144938,0,0,0,0,0,0,0,0,0,0,0,0,0,0,0,0,0,0,0,0,0,0,1066,0,7,9733,0,0,0,9718,0,0,0,27,2631,2,0,0,0,0,15,0,0,0,0,2638,_history_tree_13_removes,3103,0,0,0,0,0,0,2645,2638,0,0,0,5283,0,0,0,0,0,7,0,0,0,0,0,0,0
110,10018649925317144938,0,0,0,0,0,0,0,0,0,0,0,0,0,0,0,0,0,0,0,0,0,0,333,0,2435,70049,0,0,0,69811,0,0,0,26,333,896,0,0,0,0,237,0,0,0,0,2757,_history_tree_13_updates,2024,0,0,0,0,0,0,5235,2757,0,0,0,7992,0,0,0,0,0,2467,0,0,0,0,0,0,0
110,10018649925317144938,0,0,0,0,0,0,0,0,0,0,0,0,0,0,0,0,0,0,0,0,0,0,1005,0,5,9150,0,0,0,9136,0,0,0,25,2647,1,0,0,0,0,14,0,0,0,0,2652,_history_tree_12_removes,3079,0,0,0,0,0,0,2657,2652,0,0,0,5311,0,0,0,0,0,5,0,0,0,0,0,0,0
110,10018649925317144938,0,0,0,0,0,0,0,0,0,0,0,0,0,0,0,0,0,0,0,0,0,0,353,0,2380,68125,0,0,0,67887,0,0,0,24,353,851,0,0,0,0,235,0,0,0,0,2747,_history_tree_12_updates,2020,0,0,0,0,0,0,5145,2747,0,0,0,7892,0,0,0,0,0,2414,0,0,0,0,0,0,0
110,10018649925317144938,0,0,0,0,0,0,0,0,0,0,0,0,0,0,0,0,0,0,0,0,0,0,996,0,5,9299,0,0,0,9288,0,0,0,23,2677,3,0,0,0,0,11,0,0,0,0,2683,_history_tree_11_removes,3154,0,0,0,0,0,0,2688,2683,0,0,0,5371,0,0,0,0,0,6,0,0,0,0,0,0,0
110,10018649925317144938,0,0,0,0,0,0,0,0,0,0,0,0,0,0,0,0,0,0,0,0,0,0,311,0,2413,69048,0,0,0,68852,0,0,0,22,311,843,0,0,0,0,195,0,0,0,0,2707,_history_tree_11_updates,2056,0,0,0,0,0,0,5174,2707,0,0,0,7881,0,0,0,0,0,2450,0,0,0,0,0,0,0
110,10018649925317144938,0,0,0,0,0,0,0,0,0,0,0,0,0,0,0,0,0,0,0,0,0,0,1047,0,3,9259,0,0,0,9243,0,0,0,21,2680,2,0,0,0,0,16,0,0,0,0,2685,_history_tree_10_removes,3133,0,0,0,0,0,0,2688,2685,0,0,0,5373,0,0,0,0,0,5,0,0,0,0,0,0,0
110,10018649925317144938,0,0,0,0,0,0,0,0,0,0,0,0,0,0,0,0,0,0,0,0,0,0,357,0,2363,67650,0,0,0,67427,0,0,0,20,357,809,0,0,0,0,223,0,0,0,0,2743,_history_tree_10_updates,2060,0,0,0,0,0,0,5125,2743,0,0,0,7868,0,0,0,0,0,2405,0,0,0,0,0,0,0
110,10018649925317144938,0,0,0,0,0,0,0,0,0,0,0,0,0,0,0,0,0,0,0,0,0,0,1051,0,7,9575,0,0,0,9554,0,0,0,19,2618,5,0,0,0,0,21,0,0,0,0,2626,_history_tree_9_removes,3098,0,0,0,0,0,0,2633,2626,0,0,0,5259,0,0,0,0,0,8,0,0,0,0,0,0,0
110,10018649925317144938,0,0,0,0,0,0,0,0,0,0,0,0,0,0,0,0,0,0,0,0,0,0,362,0,2417,69455,0,0,0,69252,0,0,0,18,362,897,0,0,0,0,202,0,0,0,0,2730,_history_tree_9_updates,2061,0,0,0,0,0,0,5234,2730,0,0,0,7964,0,0,0,0,0,2455,0,0,0,0,0,0,0
110,10018649925317144938,0,0,0,0,0,0,0,0,0,0,0,0,0,0,0,0,0,0,0,0,0,0,1070,0,6,9796,0,0,0,9783,0,0,0,17,2701,2,0,0,0,0,13,0,0,0,0,2708,_history_tree_8_removes,3152,0,0,0,0,0,0,2714,2708,0,0,0,5422,0,0,0,0,0,7,0,0,0,0,0,0,0
110,10018649925317144938,0,0,0,0,0,0,0,0,0,0,0,0,0,0,0,0,0,0,0,0,0,0,341,0,2416,69730,0,0,0,69489,0,0,0,16,341,836,0,0,0,0,240,0,0,0,0,2795,_history_tree_8_updates,2077,0,0,0,0,0,0,5210,2795,0,0,0,8005,0,0,0,0,0,2454,0,0,0,0,0,0,0
110,10018649925317144938,0,0,0,0,0,0,0,0,0,0,0,0,0,0,0,0,0,0,0,0,0,0,932,0,5,8742,0,0,0,8737,0,0,0,15,2640,1,0,0,0,0,5,0,0,0,0,2645,_history_tree_7_removes,3078,0,0,0,0,0,0,2650,2645,0,0,0,5295,0,0,0,0,0,5,0,0,0,0,0,0,0
110,10018649925317144938,0,0,0,0,0,0,0,0,0,0,0,0,0,0,0,0,0,0,0,0,0,0,420,0,2333,66357,0,0,0,66129,0,0,0,14,420,815,0,0,0,0,228,0,0,0,0,2727,_history_tree_7_updates,2076,0,0,0,0,0,0,5107,2727,0,0,0,7834,0,0,0,0,0,2354,0,0,0,0,0,0,0
110,10018649925317144938,0,0,0,0,0,0,0,0,0,0,0,0,0,0,0,0,0,0,0,0,0,0,1019,0,7,9598,0,0,0,9584,0,0,0,13,2676,3,0,0,0,0,14,0,0,0,0,2684,_history_tree_6_removes,3115,0,0,0,0,0,0,2691,2684,0,0,0,5375,0,0,0,0,0,8,0,0,0,0,0,0,0
110,10018649925317144938,0,0,0,0,0,0,0,0,0,0,0,0,0,22741627,23256087,0,0,0,0,0,0,0,361,0,2440,70192,0,0,0,69979,0,0,0,0,361,930,0,0,0,0,209,0,0,0,0,2732,_history_tree_0_updates,2053,0,1519274,0,0,0,0,5285,2732,0,0,0,8018,0,0,0,0,0,2484,0,0,0,0,723076,0,0
110,10018649925317144938,0,0,0,0,0,0,0,0,0,0,0,0,0,0,0,0,0,0,0,0,0,0,1041,0,9,9749,0,0,0,9729,0,0,0,1,2585,6,0,0,0,0,20,0,0,0,0,2596,_history_tree_0_removes,3071,0,0,0,0,0,0,2605,2596,0,0,0,5201,0,0,0,0,0,11,0,0,0,0,0,0,0
110,10018649925317144938,0,0,0,0,0,0,0,0,0,0,0,0,0,0,0,0,0,0,0,0,0,0,392,0,2400,68582,0,0,0,68355,0,0,0,2,392,908,0,0,0,0,227,0,0,0,0,2763,_history_tree_1_updates,2050,0,0,0,0,0,0,5224,2763,0,0,0,7987,0,0,0,0,0,2433,0,0,0,0,0,0,0
110,10018649925317144938,0,0,0,0,0,0,0,0,0,0,0,0,0,0,0,0,0,0,0,0,0,0,995,0,9,9232,0,0,0,9218,0,0,0,3,2607,4,0,0,0,0,15,0,0,0,0,2616,_history_tree_1_removes,3071,0,0,0,0,0,0,2625,2616,0,0,0,5241,0,0,0,0,0,9,0,0,0,0,0,0,0
110,10018649925317144938,0,0,0,0,0,0,0,0,0,0,0,0,0,0,0,0,0,0,0,0,0,0,358,0,2438,69865,0,0,0,69663,0,0,0,4,358,896,0,0,0,0,203,0,0,0,0,2779,_history_tree_2_updates,2076,0,0,0,0,0,0,5274,2779,0,0,0,8053,0,0,0,0,0,2478,0,0,0,0,0,0,0
110,10018649925317144938,0,0,0,0,0,0,0,0,0,0,0,0,0,0,0,0,0,0,0,0,0,0,1047,0,6,9581,0,0,0,9566,0,0,0,5,2686,4,0,0,0,0,15,0,0,0,0,2693,_history_tree_2_removes,3177,0,0,0,0,0,0,2699,2693,0,0,0,5392,0,0,0,0,0,7,0,0,0,0,0,0,0
110,10018649925317144938,0,0,0,0,0,0,0,0,0,0,0,0,0,0,0,0,0,0,0,0,0,0,353,0,2388,68221,0,0,0,67981,0,0,0,6,353,870,0,0,0,0,237,0,0,0,0,2681,_history_tree_3_updates,2041,0,0,0,0,0,0,5170,2681,0,0,0,7851,0,0,0,0,0,2428,0,0,0,0,0,0,0
110,10018649925317144938,0,0,0,0,0,0,0,0,0,0,0,0,0,0,0,0,0,0,0,0,0,0,959,0,8,9148,0,0,0,9133,0,0,0,7,2631,6,0,0,0,0,15,0,0,0,0,2640,_history_tree_3_removes,3096,0,0,0,0,0,0,2648,2640,0,0,0,5288,0,0,0,0,0,9,0,0,0,0,0,0,0
110,10018649925317144938,0,0,0,0,0,0,0,0,0,0,0,0,0,0,0,0,0,0,0,0,0,0,380,0,2434,70026,0,0,0,69831,0,0,0,8,380,907,0,0,0,0,195,0,0,0,0,2809,_history_tree_4_updates,2073,0,0,0,0,0,0,5287,2809,0,0,0,8096,0,0,0,0,0,2473,0,0,0,0,0,0,0
110,10018649925317144938,0,0,0,0,0,0,0,0,0,0,0,0,0,0,0,0,0,0,0,0,0,0,1032,0,7,9732,0,0,0,9714,0,0,0,9,2592,3,0,0,0,0,18,0,0,0,0,2601,_history_tree_4_removes,3053,0,0,0,0,0,0,2608,2601,0,0,0,5209,0,0,0,0,0,9,0,0,0,0,0,0,0
110,10018649925317144938,0,0,0,0,0,0,0,0,0,0,0,0,0,0,0,0,0,0,0,0,0,0,357,0,2348,66958,0,0,0,66731,0,0,0,10,357,806,0,0,0,0,227,0,0,0,0,2730,_history_tree_5_updates,2075,0,0,0,0,0,0,5091,2730,0,0,0,7821,0,0,0,0,0,2386,0,0,0,0,0,0,0
110,10018649925317144938,0,0,0,0,0,0,0,0,0,0,0,0,0,0,0,0,0,0,0,0,0,0,935,0,7,8954,0,0,0,8938,0,0,0,11,2714,2,0,0,0,0,16,0,0,0,0,2722,_history_tree_5_removes,3171,0,0,0,0,0,0,2729,2722,0,0,0,5451,0,0,0,0,0,8,0,0,0,0,0,0,0
110,10018649925317144938,0,0,0,0,0,0,0,0,0,0,0,0,0,0,0,0,0,0,0,0,0,0,329,0,2422,69576,0,0,0,69338,0,0,0,12,329,883,0,0,0,0,236,0,0,0,0,2716,_history_tree_6_updates,2027,0,0,0,0,0,0,5217,2716,0,0,0,7933,0,0,0,0,0,2466,0,0,0,0,0,0,0
110,10018649925317144938,0,0,0,0,0,0,0,0,0,0,0,0,0,0,0,0,0,0,0,0,0,0,1009,0,5,9405,0,0,0,9387,0,0,0,29,2693,1,0,0,0,0,18,0,0,0,0,2698,_history_tree_14_removes,3177,0,0,0,0,0,0,2703,2698,0,0,0,5401,0,0,0,0,0,5,0,0,0,0,0,0,0
110,10018649925317144938,0,0,0,0,0,0,0,0,0,0,0,0,0,0,0,0,0,0,0,0,0,0,312,0,2406,69497,0,0,0,69287,0,0,0,30,312,844,0,0,0,0,210,0,0,0,0,2760,_history_tree_15_updates,2030,0,0,0,0,0,0,5166,2760,0,0,0,7926,0,0,0,0,0,2448,0,0,0,0,0,0,0
110,10018649925317144938,0,0,0,0,0,0,0,0,0,0,0,0,0,0,0,0,0,0,0,0,0,0,1104,0,4,9836,0,0,0,9817,0,0,0,31,2673,1,0,0,0,0,19,0,0,0,0,2678,_history_tree_15_removes,3145,0,0,0,0,0,0,2682,2678,0,0,0,5360,0,0,0,0,0,5,0,0,0,0,0,0,0
110,10018649925317144938,0,0,0,0,0,0,0,0,0,0,0,0,0,0,0,0,0,0,0,0,0,0,361,0,2375,67990,0,0,0,67780,0,0,0,32,361,849,0,0,0,0,210,0,0,0,0,2755,_history_tree_16_updates,2050,0,0,0,0,0,0,5142,2755,0,0,0,7897,0,0,0,0,0,2405,0,0,0,0,0,0,0
110,10018649925317144938,0,0,0,0,0,0,0,0,0,0,0,0,0,0,0,0,0,0,0,0,0,0,1008,0,4,9203,0,0,0,9179,0,0,0,33,2602,1,0,0,0,0,24,0,0,0,0,2607,_history_tree_16_removes,3053,0,0,0,0,0,0,2611,2607,0,0,0,5218,0,0,0,0,0,5,0,0,0,0,0,0,0
110,10018649925317144938,0,0,0,0,0,0,0,0,0,0,0,0,0,0,0,0,0,0,0,0,0,0,364,0,2373,145452,0,0,0,72516,0,0,0,34,10579,2771,0,0,0,0,208,0,0,0,0,6349,_history_tree_17_updates,3981,0,0,0,0,0,0,15360,12698,0,0,0,21709,0,0,0,0,0,2407,0,0,0,0,0,0,0
110,10018649925317144938,0,0,0,0,0,0,0,0,0,0,0,0,0,0,0,0,0,0,0,0,0,0,860,0,19,9379,0,0,0,9370,0,0,0,35,2459,10,0,0,0,0,10,0,0,0,0,2479,_history_tree_17_removes,2889,0,0,0,0,0,0,2498,2479,0,0,0,4977,0,0,0,0,0,20,0,0,0,0,0,0,0
110,10018649925317144938,0,0,0,0,0,0,0,0,0,0,0,0,0,0,0,0,0,0,0,0,0,0,345,0,2400,68976,0,0,0,68776,0,0,0,36,345,828,0,0,0,0,193,0,0,0,0,2743,_history_tree_18_updates,2048,0,0,0,0,0,0,5152,2743,0,0,0,7895,0,0,0,0,0,2407,0,0,0,0,0,0,0
110,10018649925317144938,0,0,0,0,0,0,0,0,0,0,0,0,0,0,0,0,0,0,0,0,0,0,1084,0,4,9519,0,0,0,9499,0,0,0,37,2630,1,0,0,0,0,20,0,0,0,0,2634,_history_tree_18_removes,3116,0,0,0,0,0,0,2638,2634,0,0,0,5272,0,0,0,0,0,4,0,0,0,0,0,0,0
110,10018649925317144938,0,0,0,0,0,0,0,0,0,0,0,0,0,0,0,0,0,0,0,0,0,0,364,0,2394,68618,0,0,0,68437,0,0,0,38,364,779,0,0,0,0,181,0,0,0,0,2682,_history_tree_19_updates,2090,0,0,0,0,0,0,5146,2682,0,0,0,7828,0,0,0,0,0,2388,0,0,0,0,0,0,0
110,10018649925317144938,0,0,0,0,0,0,0,0,0,0,0,0,0,0,0,0,0,0,0,0,0,0,994,0,6,9320,0,0,0,9307,0,0,0,39,2705,3,0,0,0,0,13,0,0,0,0,2711,_history_tree_19_removes,3165,0,0,0,0,0,0,2717,2711,0,0,0,5428,0,0,0,0,0,6,0,0,0,0,0,0,0
110,10018649925317144938,49523,0,0,0,0,0,46478,0,0,0,0,0,0,0,0,0,0,0,0,0,0,0,0,0,0,299311,0,0,0,98109,0,0,0,40,0,0,0,0,0,0,2136,0,0,96004,0,0,warehouse,0,0,0,0,0,0,0,0,0,0,0,0,0,198785,0,0,198785,0,0,0,0,0,96004,0,0,0
110,10018649925317144938,0,0,0,0,0,0,0,0,0,0,0,0,0,0,0,0,0,0,0,0,0,0,0,0,0,0,0,0,0,0,0,0,0,41,0,0,0,0,0,0,0,0,0,0,0,0,_warehouse_graveyard,0,0,0,0,0,0,0,0,0,0,0,0,0,0,0,0,0,0,0,0,0,0,0,0,0,0
110,10018649925317144938,99121,0,0,0,0,0,96522,0,0,0,0,0,0,0,0,0,0,0,0,0,0,0,0,0,0,304167,0,0,0,197829,0,0,0,42,0,0,0,0,0,0,1041,0,0,195653,0,0,district,0,0,0,0,0,0,0,0,0,0,0,0,0,105243,0,0,105242,0,0,0,0,0,195655,0,0,0
110,10018649925317144938,0,0,0,0,0,0,0,0,0,0,0,0,0,0,0,0,0,0,0,0,0,0,0,0,0,0,0,0,0,0,0,0,0,43,0,0,0,0,0,0,0,0,0,0,0,0,_district_graveyard,0,0,0,0,0,0,0,0,0,0,0,0,0,0,0,0,0,0,0,0,0,0,0,0,0,0
110,10018649925317144938,63910,0,0,0,0,0,60846,0,0,0,0,0,0,0,0,0,0,0,0,0,0,0,0,0,0,804615,0,0,0,124777,0,0,0,44,0,0,0,0,0,0,7,0,0,124760,0,0,customer,0,0,0,0,0,0,0,0,0,0,0,0,0,143425,0,0,143425,0,0,0,0,0,124764,0,0,0
110,10018649925317144938,0,0,0,0,0,0,0,0,0,0,0,0,0,0,0,0,0,0,0,0,0,0,0,0,0,0,0,0,0,0,0,0,0,45,0,0,0,0,0,0,0,0,0,0,0,0,_customer_graveyard,0,0,0,0,0,0,0,0,0,0,0,0,0,0,0,0,0,0,0,0,0,0,0,0,0,0
110,10018649925317144938,0,0,0,0,0,0,0,0,0,0,0,0,0,0,0,0,0,0,0,0,0,0,0,0,0,187350,0,0,0,0,0,0,0,46,0,0,0,0,0,0,62449,0,0,0,0,0,customerwdl,0,0,0,0,0,0,0,0,0,0,0,62454,0,62454,0,0,62454,0,0,0,0,0,0,0,0,0
110,10018649925317144938,0,0,0,0,0,0,0,0,0,0,0,0,0,0,0,0,0,0,0,0,0,0,0,0,0,0,0,0,0,0,0,0,0,47,0,0,0,0,0,0,0,0,0,0,0,0,_customerwdl_graveyard,0,0,0,0,0,0,0,0,0,0,0,0,0,0,0,0,0,0,0,0,0,0,0,0,0,0
110,10018649925317144938,0,0,0,0,0,0,0,0,0,0,0,0,0,0,0,0,0,0,0,0,0,0,0,0,2263,120951,0,0,0,40317,0,0,0,48,0,0,0,0,0,0,0,0,0,0,0,0,history,0,0,0,0,0,0,0,2288,0,0,0,0,2288,0,0,0,0,0,0,0,0,0,0,0,0,0
110,10018649925317144938,0,0,0,0,0,0,0,0,0,0,0,0,0,0,0,0,0,0,0,0,0,0,0,0,0,0,0,0,0,0,0,0,0,49,0,0,0,0,0,0,0,0,0,0,0,0,_history_graveyard,0,0,0,0,0,0,0,0,0,0,0,0,0,0,0,0,0,0,0,0,0,0,0,0,0,0
110,10018649925317144938,43410,87700,0,87700,0,0,43313,0,0,0,0,0,0,0,0,0,0,0,0,0,0,0,50165,0,2127,1191958,0,0,0,277694,0,11270,0,50,127,0,0,0,0,0,119606,0,0,0,0,0,neworder,93988,11271,0,0,0,0,0,4075,121,2,0,87051,4077,98323,0,0,98325,0,1816,0,0,0,0,0,0,0
110,10018649925317144938,0,0,0,0,0,0,0,0,0,0,0,0,0,0,0,0,0,0,0,0,0,0,0,0,0,0,0,0,0,0,0,0,0,51,0,0,0,0,0,0,0,0,0,0,0,0,_neworder_graveyard,0,0,0,0,0,0,0,0,0,0,0,0,0,0,0,0,0,0,0,0,0,0,0,0,0,0
110,10018649925317144938,43917,0,0,0,0,0,42827,0,0,0,0,0,0,0,0,0,0,0,0,0,0,0,0,0,4375,847281,0,0,0,191960,0,0,0,52,0,0,0,0,0,0,0,0,0,86745,0,0,order,0,0,0,0,0,0,0,4384,0,0,0,0,4384,90468,0,0,90469,0,0,0,0,0,86746,0,0,0
110,10018649925317144938,0,0,0,0,0,0,0,0,0,0,0,0,0,0,0,0,0,0,0,0,0,0,0,0,0,0,0,0,0,0,0,0,0,53,0,0,0,0,0,0,0,0,0,0,0,0,_order_graveyard,0,0,0,0,0,0,0,0,0,0,0,0,0,0,0,0,0,0,0,0,0,0,0,0,0,0
110,10018649925317144938,0,0,0,0,0,0,0,0,0,0,0,0,0,0,0,0,3724,0,0,0,0,0,0,0,1452,318060,0,0,0,102297,0,0,0,54,0,0,0,0,0,0,3724,0,0,0,0,0,order_wdc,0,0,0,0,0,0,0,1480,0,0,0,0,1480,3725,0,0,3725,0,0,0,0,0,0,0,0,0
110,10018649925317144938,0,0,0,0,0,0,0,0,0,0,0,0,0,0,0,0,0,0,0,0,0,0,0,0,0,0,0,0,0,0,0,0,0,55,0,0,0,0,0,0,0,0,0,0,0,0,_order_wdc_graveyard,0,0,0,0,0,0,0,0,0,0,0,0,0,0,0,0,0,0,0,0,0,0,0,0,0,0
110,10018649925317144938,438197,0,0,0,0,0,428170,0,0,0,0,0,0,0,0,0,0,0,0,0,0,0,103968,0,59954,7780085,0,0,0,1931967,0,1027,0,56,0,0,0,0,0,0,13050,0,0,866350,0,0,orderline,1888584,1027,0,0,0,0,0,60757,0,0,0,12965,60758,1901639,0,0,1901650,0,0,0,0,0,866341,0,0,0
110,10018649925317144938,0,0,0,0,0,0,0,0,0,0,0,0,0,0,0,0,0,0,0,0,0,0,0,0,0,0,0,0,0,0,0,0,0,57,0,0,0,0,0,0,0,0,0,0,0,0,_orderline_graveyard,0,0,0,0,0,0,0,0,0,0,0,0,0,0,0,0,0,0,0,0,0,0,0,0,0,0
110,10018649925317144938,0,0,0,0,0,0,0,0,0,0,0,0,0,0,0,0,0,0,0,0,0,0,0,0,0,2011184,0,0,0,0,0,0,0,58,0,0,0,0,0,0,0,0,0,0,0,0,item,0,0,0,0,0,0,0,0,0,0,0,0,0,1005621,0,0,1005622,0,0,0,0,0,0,0,0,0
111,10018649925317144938,0,0,0,0,0,0,0,0,0,0,0,0,0,0,0,0,0,0,0,0,0,0,0,0,0,0,0,0,0,0,0,0,0,61,0,0,0,0,0,0,0,0,0,0,0,0,_stock_graveyard,0,0,0,0,0,0,0,0,0,0,0,0,0,0,0,0,0,0,0,0,0,0,0,0,0,0
111,10018649925317144938,493370,0,0,0,0,0,481714,0,0,0,0,0,0,0,0,0,0,0,0,0,0,0,0,0,0,14843991,0,0,0,976082,0,0,0,60,0,0,0,0,0,0,1038,0,0,975157,0,0,stock,0,0,0,0,0,0,0,0,0,0,0,0,0,2734078,0,0,2734088,0,0,0,0,0,975213,0,0,0
111,10018649925317144938,0,0,0,0,0,0,0,0,0,0,0,0,0,0,0,0,0,0,0,0,0,0,0,0,0,0,0,0,0,0,0,0,0,59,0,0,0,0,0,0,0,0,0,0,0,0,_item_graveyard,0,0,0,0,0,0,0,0,0,0,0,0,0,0,0,0,0,0,0,0,0,0,0,0,0,0
111,10018649925317144938,0,0,0,0,0,0,0,0,0,0,0,0,0,0,0,0,0,0,0,0,0,0,359,0,2321,66195,0,0,0,65982,0,0,0,28,359,825,0,0,0,0,213,0,0,0,0,2655,_history_tree_14_updates,1995,0,0,0,0,0,0,5001,2655,0,0,0,7656,0,0,0,0,0,2321,0,0,0,0,0,0,0
111,10018649925317144938,0,0,0,0,0,0,0,0,0,0,0,0,0,0,0,0,0,0,0,0,0,0,955,0,5,8819,0,0,0,8805,0,0,0,27,2563,2,0,0,0,0,14,0,0,0,0,2568,_history_tree_13_removes,2996,0,0,0,0,0,0,2573,2568,0,0,0,5141,0,0,0,0,0,5,0,0,0,0,0,0,0
111,10018649925317144938,0,0,0,0,0,0,0,0,0,0,0,0,0,0,0,0,0,0,0,0,0,0,287,0,2301,65671,0,0,0,65466,0,0,0,26,287,762,0,0,0,0,205,0,0,0,0,2568,_history_tree_13_updates,1942,0,0,0,0,0,0,4888,2568,0,0,0,7456,0,0,0,0,0,2300,0,0,0,0,0,0,0
111,10018649925317144938,0,0,0,0,0,0,0,0,0,0,0,0,0,0,0,0,0,0,0,0,0,0,951,0,6,8791,0,0,0,8774,0,0,0,25,2502,1,0,0,0,0,17,0,0,0,0,2508,_history_tree_12_removes,2927,0,0,0,0,0,0,2514,2508,0,0,0,5020,0,0,0,0,0,6,0,0,0,0,0,0,0
111,10018649925317144938,0,0,0,0,0,0,0,0,0,0,0,0,0,0,0,0,0,0,0,0,0,0,365,0,2313,65969,0,0,0,65774,0,0,0,24,365,804,0,0,0,0,196,0,0,0,0,2644,_history_tree_12_updates,1979,0,0,0,0,0,0,4988,2644,0,0,0,7632,0,0,0,0,0,2309,0,0,0,0,0,0,0
111,10018649925317144938,0,0,0,0,0,0,0,0,0,0,0,0,0,0,0,0,0,0,0,0,0,0,989,0,5,9139,0,0,0,9117,0,0,0,23,2515,3,0,0,0,0,22,0,0,0,0,2520,_history_tree_11_removes,2926,0,0,0,0,0,0,2525,2520,0,0,0,5045,0,0,0,0,0,5,0,0,0,0,0,0,0
111,10018649925317144938,0,0,0,0,0,0,0,0,0,0,0,0,0,0,0,0,0,0,0,0,0,0,323,0,2317,66449,0,0,0,66243,0,0,0,22,323,827,0,0,0,0,206,0,0,0,0,2595,_history_tree_11_updates,1914,0,0,0,0,0,0,4956,2595,0,0,0,7551,0,0,0,0,0,2316,0,0,0,0,0,0,0
111,10018649925317144938,0,0,0,0,0,0,0,0,0,0,0,0,0,0,0,0,0,0,0,0,0,0,1007,0,7,9150,0,0,0,9135,0,0,0,21,2588,4,0,0,0,0,15,0,0,0,0,2595,_history_tree_10_removes,3046,0,0,0,0,0,0,2602,2595,0,0,0,5197,0,0,0,0,0,7,0,0,0,0,0,0,0
111,10018649925317144938,0,0,0,0,0,0,0,0,0,0,0,0,0,0,0,0,0,0,0,0,0,0,331,0,2348,67247,0,0,0,67031,0,0,0,20,331,789,0,0,0,0,217,0,0,0,0,2660,_history_tree_10_updates,2025,0,0,0,0,0,0,5025,2660,0,0,0,7686,0,0,0,0,0,2346,0,0,0,0,0,0,0
111,10018649925317144938,0,0,0,0,0,0,0,0,0,0,0,0,0,0,0,0,0,0,0,0,0,0,950,0,9,9150,0,0,0,9137,0,0,0,19,2566,5,0,0,0,0,14,0,0,0,0,2575,_history_tree_9_removes,3001,0,0,0,0,0,0,2584,2575,0,0,0,5159,0,0,0,0,0,9,0,0,0,0,0,0,0
111,10018649925317144938,0,0,0,0,0,0,0,0,0,0,0,0,0,0,0,0,0,0,0,0,0,0,350,0,2329,66831,0,0,0,66626,0,0,0,18,350,810,0,0,0,0,205,0,0,0,0,2627,_history_tree_9_updates,1990,0,0,0,0,0,0,5008,2627,0,0,0,7635,0,0,0,0,0,2329,0,0,0,0,0,0,0
111,10018649925317144938,0,0,0,0,0,0,0,0,0,0,0,0,0,0,0,0,0,0,0,0,0,0,1017,0,10,9495,0,0,0,9478,0,0,0,17,2500,5,0,0,0,0,17,0,0,0,0,2510,_history_tree_8_removes,2935,0,0,0,0,0,0,2520,2510,0,0,0,5032,0,0,0,0,0,10,0,0,0,0,0,0,0
111,10018649925317144938,0,0,0,0,0,0,0,0,0,0,0,0,0,0,0,0,0,0,0,0,0,0,342,0,2343,67602,0,0,0,67402,0,0,0,16,342,874,0,0,0,0,200,0,0,0,0,2634,_history_tree_8_updates,1930,0,0,0,0,0,0,5029,2634,0,0,0,7663,0,0,0,0,0,2343,0,0,0,0,0,0,0
111,10018649925317144938,0,0,0,0,0,0,0,0,0,0,0,0,0,0,0,0,0,0,0,0,0,0,1005,0,8,9083,0,0,0,9064,0,0,0,15,2581,2,0,0,0,0,19,0,0,0,0,2589,_history_tree_7_removes,3038,0,0,0,0,0,0,2597,2589,0,0,0,5186,0,0,0,0,0,8,0,0,0,0,0,0,0
111,10018649925317144938,0,0,0,0,0,0,0,0,0,0,0,0,0,0,0,0,0,0,0,0,0,0,307,0,2375,67725,0,0,0,67497,0,0,0,14,307,832,0,0,0,0,229,0,0,0,0,2637,_history_tree_7_updates,1988,0,0,0,0,0,0,5058,2637,0,0,0,7695,0,0,0,0,0,2376,0,0,0,0,0,0,0
111,10018649925317144938,0,0,0,0,0,0,0,0,0,0,0,0,0,0,0,0,0,0,0,0,0,0,972,0,5,8974,0,0,0,8956,0,0,0,13,2518,3,0,0,0,0,18,0,0,0,0,2523,_history_tree_6_removes,2988,0,0,0,0,0,0,2528,2523,0,0,0,5051,0,0,0,0,0,5,0,0,0,0,0,0,0
111,10018649925317144938,0,0,0,0,0,0,0,0,0,0,0,0,0,21998051,22494374,0,0,0,0,0,0,0,351,0,2320,66542,0,0,0,66328,0,0,0,0,351,830,0,0,0,0,212,0,0,0,0,2605,_history_tree_0_updates,1972,0,1477213,0,0,0,0,4990,2605,0,0,0,7595,0,0,0,0,0,2320,0,0,0,0,701996,0,0
111,10018649925317144938,0,0,0,0,0,0,0,0,0,0,0,0,0,0,0,0,0,0,0,0,0,0,899,0,8,9050,0,0,0,9030,0,0,0,1,2513,5,0,0,0,0,20,0,0,0,0,2521,_history_tree_0_removes,2946,0,0,0,0,0,0,2529,2521,0,0,0,5050,0,0,0,0,0,8,0,0,0,0,0,0,0
111,10018649925317144938,0,0,0,0,0,0,0,0,0,0,0,0,0,0,0,0,0,0,0,0,0,0,325,0,2340,67045,0,0,0,66839,0,0,0,2,325,857,0,0,0,0,205,0,0,0,0,2652,_history_tree_1_updates,1962,0,0,0,0,0,0,5007,2652,0,0,0,7659,0,0,0,0,0,2342,0,0,0,0,0,0,0
111,10018649925317144938,0,0,0,0,0,0,0,0,0,0,0,0,0,0,0,0,0,0,0,0,0,0,995,0,7,9187,0,0,0,9173,0,0,0,3,2509,2,0,0,0,0,13,0,0,0,0,2516,_history_tree_1_removes,2963,0,0,0,0,0,0,2523,2516,0,0,0,5039,0,0,0,0,0,7,0,0,0,0,0,0,0
111,10018649925317144938,0,0,0,0,0,0,0,0,0,0,0,0,0,0,0,0,0,0,0,0,0,0,341,0,2287,65523,0,0,0,65304,0,0,0,4,343,783,0,0,0,0,206,0,0,0,0,2588,_history_tree_2_updates,1980,0,0,0,0,0,0,4918,2588,0,0,0,7506,0,0,0,0,0,2288,0,0,0,0,0,0,0
111,10018649925317144938,0,0,0,0,0,0,0,0,0,0,0,0,0,0,0,0,0,0,0,0,0,0,958,0,6,8874,0,0,0,8866,0,0,0,5,2527,4,0,0,0,0,8,0,0,0,0,2533,_history_tree_2_removes,2975,0,0,0,0,0,0,2539,2533,0,0,0,5072,0,0,0,0,0,6,0,0,0,0,0,0,0
111,10018649925317144938,0,0,0,0,0,0,0,0,0,0,0,0,0,0,0,0,0,0,0,0,0,0,316,0,2311,66195,0,0,0,65930,0,0,0,6,316,767,0,0,0,0,263,0,0,0,0,2603,_history_tree_3_updates,1993,0,0,0,0,0,0,4939,2603,0,0,0,7542,0,0,0,0,0,2313,0,0,0,0,0,0,0
111,10018649925317144938,0,0,0,0,0,0,0,0,0,0,0,0,0,0,0,0,0,0,0,0,0,0,952,0,3,8966,0,0,0,8954,0,0,0,7,2547,1,0,0,0,0,12,0,0,0,0,2550,_history_tree_3_removes,2984,0,0,0,0,0,0,2553,2550,0,0,0,5103,0,0,0,0,0,3,0,0,0,0,0,0,0
111,10018649925317144938,0,0,0,0,0,0,0,0,0,0,0,0,0,0,0,0,0,0,0,0,0,0,292,0,2346,67427,0,0,0,67245,0,0,0,8,292,866,0,0,0,0,182,0,0,0,0,2610,_history_tree_4_updates,1891,0,0,0,0,0,0,4985,2610,0,0,0,7595,0,0,0,0,0,2347,0,0,0,0,0,0,0
111,10018649925317144938,0,0,0,0,0,0,0,0,0,0,0,0,0,0,0,0,0,0,0,0,0,0,1030,0,7,9334,0,0,0,9319,0,0,0,9,2511,2,0,0,0,0,15,0,0,0,0,2518,_history_tree_4_removes,2964,0,0,0,0,0,0,2525,2518,0,0,0,5043,0,0,0,0,0,7,0,0,0,0,0,0,0
111,10018649925317144938,0,0,0,0,0,0,0,0,0,0,0,0,0,0,0,0,0,0,0,0,0,0,328,0,2337,66802,0,0,0,66601,0,0,0,10,328,840,0,0,0,0,201,0,0,0,0,2644,_history_tree_5_updates,1961,0,0,0,0,0,0,5001,2644,0,0,0,7645,0,0,0,0,0,2336,0,0,0,0,0,0,0
111,10018649925317144938,0,0,0,0,0,0,0,0,0,0,0,0,0,0,0,0,0,0,0,0,0,0,953,0,8,8944,0,0,0,8932,0,0,0,11,2516,3,0,0,0,0,12,0,0,0,0,2524,_history_tree_5_removes,2972,0,0,0,0,0,0,2532,2524,0,0,0,5056,0,0,0,0,0,8,0,0,0,0,0,0,0
111,10018649925317144938,0,0,0,0,0,0,0,0,0,0,0,0,0,0,0,0,0,0,0,0,0,0,344,0,2301,65990,0,0,0,65767,0,0,0,12,344,798,0,0,0,0,222,0,0,0,0,2587,_history_tree_6_updates,1979,0,0,0,0,0,0,4946,2587,0,0,0,7533,0,0,0,0,0,2302,0,0,0,0,0,0,0
111,10018649925317144938,0,0,0,0,0,0,0,0,0,0,0,0,0,0,0,0,0,0,0,0,0,0,961,0,5,8840,0,0,0,8823,0,0,0,29,2509,1,0,0,0,0,17,0,0,0,0,2514,_history_tree_14_removes,2961,0,0,0,0,0,0,2519,2514,0,0,0,5033,0,0,0,0,0,5,0,0,0,0,0,0,0
111,10018649925317144938,0,0,0,0,0,0,0,0,0,0,0,0,0,0,0,0,0,0,0,0,0,0,327,0,2334,67079,0,0,0,66894,0,0,0,30,327,839,0,0,0,0,184,0,0,0,0,2641,_history_tree_15_updates,1950,0,0,0,0,0,0,4998,2641,0,0,0,7639,0,0,0,0,0,2337,0,0,0,0,0,0,0
111,10018649925317144938,0,0,0,0,0,0,0,0,0,0,0,0,0,0,0,0,0,0,0,0,0,0,1027,0,6,9290,0,0,0,9277,0,0,0,31,2507,2,0,0,0,0,13,0,0,0,0,2513,_history_tree_15_removes,2960,0,0,0,0,0,0,2519,2513,0,0,0,5032,0,0,0,0,0,6,0,0,0,0,0,0,0
111,10018649925317144938,0,0,0,0,0,0,0,0,0,0,0,0,0,0,0,0,0,0,0,0,0,0,296,0,2352,67263,0,0,0,67050,0,0,0,32,296,829,0,0,0,0,213,0,0,0,0,2646,_history_tree_16_updates,1944,0,0,0,0,0,0,5005,2646,0,0,0,7653,0,0,0,0,0,2359,0,0,0,0,0,0,0
111,10018649925317144938,0,0,0,0,0,0,0,0,0,0,0,0,0,0,0,0,0,0,0,0,0,0,963,0,8,9073,0,0,0,9060,0,0,0,33,2542,2,0,0,0,0,13,0,0,0,0,2550,_history_tree_16_removes,2969,0,0,0,0,0,0,2558,2550,0,0,0,5108,0,0,0,0,0,8,0,0,0,0,0,0,0
111,10018649925317144938,0,0,0,0,0,0,0,0,0,0,0,0,0,0,0,0,0,0,0,0,0,0,348,0,2368,144264,0,0,0,71904,0,0,0,34,10213,2715,0,0,0,0,228,0,0,0,0,6138,_history_tree_17_updates,3863,0,0,0,0,0,0,14951,12275,1,0,0,21089,0,0,0,0,0,2370,0,0,0,0,0,0,0
111,10018649925317144938,0,0,0,0,0,0,0,0,0,0,0,0,0,0,0,0,0,0,0,0,0,0,822,0,22,9285,0,0,0,9264,0,0,0,35,2372,16,0,0,0,0,20,0,0,0,0,2394,_history_tree_17_removes,2819,0,0,0,0,0,0,2416,2394,0,0,0,4810,0,0,0,0,0,22,0,0,0,0,0,0,0
111,10018649925317144938,0,0,0,0,0,0,0,0,0,0,0,0,0,0,0,0,0,0,0,0,0,0,340,0,2366,68383,0,0,0,68170,0,0,0,36,340,876,0,0,0,0,213,0,0,0,0,2693,_history_tree_18_updates,1947,0,0,0,0,0,0,5077,2693,0,0,0,7770,0,0,0,0,0,2371,0,0,0,0,0,0,0
111,10018649925317144938,0,0,0,0,0,0,0,0,0,0,0,0,0,0,0,0,0,0,0,0,0,0,1052,0,6,9554,0,0,0,9540,0,0,0,37,2520,2,0,0,0,0,14,0,0,0,0,2526,_history_tree_18_removes,2971,0,0,0,0,0,0,2532,2526,0,0,0,5058,0,0,0,0,0,6,0,0,0,0,0,0,0
111,10018649925317144938,0,0,0,0,0,0,0,0,0,0,0,0,0,0,0,0,0,0,0,0,0,0,330,0,2361,67407,0,0,0,67210,0,0,0,38,330,866,0,0,0,0,196,0,0,0,0,2633,_history_tree_19_updates,1951,0,0,0,0,0,0,5059,2633,0,0,0,7692,0,0,0,0,0,2368,0,0,0,0,0,0,0
111,10018649925317144938,0,0,0,0,0,0,0,0,0,0,0,0,0,0,0,0,0,0,0,0,0,0,995,0,6,9081,0,0,0,9068,0,0,0,39,2570,2,0,0,0,0,13,0,0,0,0,2576,_history_tree_19_removes,3008,0,0,0,0,0,0,2582,2576,0,0,0,5158,0,0,0,0,0,6,0,0,0,0,0,0,0
111,10018649925317144938,48627,0,0,0,0,0,44264,0,0,0,0,0,0,0,0,0,0,0,0,0,0,0,0,0,0,290000,0,0,0,94907,0,0,0,40,0,0,0,0,0,0,2197,0,0,92891,0,0,warehouse,0,0,0,0,0,0,0,0,0,0,0,0,0,192619,0,0,192622,0,0,0,0,0,92898,0,0,0
111,10018649925317144938,0,0,0,0,0,0,0,0,0,0,0,0,0,0,0,0,0,0,0,0,0,0,0,0,0,0,0,0,0,0,0,0,0,41,0,0,0,0,0,0,0,0,0,0,0,0,_warehouse_graveyard,0,0,0,0,0,0,0,0,0,0,0,0,0,0,0,0,0,0,0,0,0,0,0,0,0,0
111,10018649925317144938,95294,0,0,0,0,0,94286,0,0,0,0,0,0,0,0,0,0,0,0,0,0,0,0,0,0,294376,0,0,0,191660,0,0,0,42,0,0,0,0,0,0,957,0,0,189587,0,0,district,0,0,0,0,0,0,0,0,0,0,0,0,0,101702,0,0,101702,0,0,0,0,0,189592,0,0,0
111,10018649925317144938,0,0,0,0,0,0,0,0,0,0,0,0,0,0,0,0,0,0,0,0,0,0,0,0,0,0,0,0,0,0,0,0,0,43,0,0,0,0,0,0,0,0,0,0,0,0,_district_graveyard,0,0,0,0,0,0,0,0,0,0,0,0,0,0,0,0,0,0,0,0,0,0,0,0,0,0
111,10018649925317144938,62254,0,0,0,0,0,59144,0,0,0,0,0,0,0,0,0,0,0,0,0,0,0,0,0,0,780399,0,0,0,121430,0,0,0,44,0,0,0,0,0,0,3,0,0,121396,0,0,customer,0,0,0,0,0,0,0,0,0,0,0,0,0,138698,0,0,138700,0,0,0,0,0,121397,0,0,0
111,10018649925317144938,0,0,0,0,0,0,0,0,0,0,0,0,0,0,0,0,0,0,0,0,0,0,0,0,0,0,0,0,0,0,0,0,0,45,0,0,0,0,0,0,0,0,0,0,0,0,_customer_graveyard,0,0,0,0,0,0,0,0,0,0,0,0,0,0,0,0,0,0,0,0,0,0,0,0,0,0
111,10018649925317144938,0,0,0,0,0,0,0,0,0,0,0,0,0,0,0,0,0,0,0,0,0,0,0,0,0,182166,0,0,0,0,0,0,0,46,0,0,0,0,0,0,60727,0,0,0,0,0,customerwdl,0,0,0,0,0,0,0,0,0,0,0,60721,0,60721,0,0,60721,0,0,0,0,0,0,0,0,0
111,10018649925317144938,0,0,0,0,0,0,0,0,0,0,0,0,0,0,0,0,0,0,0,0,0,0,0,0,0,0,0,0,0,0,0,0,0,47,0,0,0,0,0,0,0,0,0,0,0,0,_customerwdl_graveyard,0,0,0,0,0,0,0,0,0,0,0,0,0,0,0,0,0,0,0,0,0,0,0,0,0,0
111,10018649925317144938,0,0,0,0,0,0,0,0,0,0,0,0,0,0,0,0,0,0,0,0,0,0,0,0,2178,116349,0,0,0,38782,0,0,0,48,0,0,0,0,0,0,0,0,0,0,0,0,history,0,0,0,0,0,0,0,2205,0,0,0,0,2205,0,0,0,0,0,0,0,0,0,0,0,0,0
111,10018649925317144938,0,0,0,0,0,0,0,0,0,0,0,0,0,0,0,0,0,0,0,0,0,0,0,0,0,0,0,0,0,0,0,0,0,49,0,0,0,0,0,0,0,0,0,0,0,0,_history_graveyard,0,0,0,0,0,0,0,0,0,0,0,0,0,0,0,0,0,0,0,0,0,0,0,0,0,0
111,10018649925317144938,42474,85140,0,85140,0,0,42362,0,0,0,0,0,0,0,0,0,0,0,0,0,0,0,48719,0,2052,1161191,0,0,0,270119,0,12156,0,50,125,0,0,0,0,0,116916,0,0,0,0,0,neworder,92632,12155,0,0,0,0,0,3976,125,0,0,85137,3976,97291,0,0,97290,0,1794,0,0,0,0,0,0,0
111,10018649925317144938,0,0,0,0,0,0,0,0,0,0,0,0,0,0,0,0,0,0,0,0,0,0,0,0,0,0,0,0,0,0,0,0,0,51,0,0,0,0,0,0,0,0,0,0,0,0,_neworder_graveyard,0,0,0,0,0,0,0,0,0,0,0,0,0,0,0,0,0,0,0,0,0,0,0,0,0,0
111,10018649925317144938,42981,0,0,0,0,0,41855,0,0,0,0,0,0,0,0,0,0,0,0,0,0,0,0,0,4281,825621,0,0,0,186886,0,0,0,52,0,0,0,0,0,0,0,0,0,84841,0,0,order,0,0,0,0,0,0,0,4289,0,0,0,0,4289,88327,0,0,88327,0,0,0,0,0,84847,0,0,0
111,10018649925317144938,0,0,0,0,0,0,0,0,0,0,0,0,0,0,0,0,0,0,0,0,0,0,0,0,0,0,0,0,0,0,0,0,0,53,0,0,0,0,0,0,0,0,0,0,0,0,_order_graveyard,0,0,0,0,0,0,0,0,0,0,0,0,0,0,0,0,0,0,0,0,0,0,0,0,0,0
111,10018649925317144938,0,0,0,0,0,0,0,0,0,0,0,0,0,0,0,0,3480,0,0,0,0,0,0,0,1384,307789,0,0,0,99117,0,0,0,54,0,0,0,0,0,0,3480,0,0,0,0,0,order_wdc,0,0,0,0,0,0,0,1407,0,0,0,0,1407,3480,0,0,3480,0,0,0,0,0,0,0,0,0
111,10018649925317144938,0,0,0,0,0,0,0,0,0,0,0,0,0,0,0,0,0,0,0,0,0,0,0,0,0,0,0,0,0,0,0,0,0,55,0,0,0,0,0,0,0,0,0,0,0,0,_order_wdc_graveyard,0,0,0,0,0,0,0,0,0,0,0,0,0,0,0,0,0,0,0,0,0,0,0,0,0,0
111,10018649925317144938,428839,0,0,0,0,0,418911,0,0,0,0,0,0,0,0,0,0,0,0,0,0,0,98653,0,58180,7577718,0,0,0,1882097,0,929,0,56,0,0,0,0,0,0,12342,0,0,847778,0,0,orderline,1793354,929,0,0,0,0,0,58947,0,0,0,12265,58946,1805509,0,0,1805498,0,0,0,0,0,847791,0,0,0
111,10018649925317144938,0,0,0,0,0,0,0,0,0,0,0,0,0,0,0,0,0,0,0,0,0,0,0,0,0,0,0,0,0,0,0,0,0,57,0,0,0,0,0,0,0,0,0,0,0,0,_orderline_graveyard,0,0,0,0,0,0,0,0,0,0,0,0,0,0,0,0,0,0,0,0,0,0,0,0,0,0
111,10018649925317144938,0,0,0,0,0,0,0,0,0,0,0,0,0,0,0,0,0,0,0,0,0,0,0,0,0,1952113,0,0,0,0,0,0,0,58,0,0,0,0,0,0,0,0,0,0,0,0,item,0,0,0,0,0,0,0,0,0,0,0,0,0,976097,0,0,976106,0,0,0,0,0,0,0,0,0
112,10018649925317144938,0,0,0,0,0,0,0,0,0,0,0,0,0,0,0,0,0,0,0,0,0,0,0,0,0,0,0,0,0,0,0,0,0,61,0,0,0,0,0,0,0,0,0,0,0,0,_stock_graveyard,0,0,0,0,0,0,0,0,0,0,0,0,0,0,0,0,0,0,0,0,0,0,0,0,0,0
112,10018649925317144938,505047,0,0,0,0,0,492902,0,0,0,0,0,0,0,0,0,0,0,0,0,0,0,0,0,0,15113152,0,0,0,999004,0,0,0,60,0,0,0,0,0,0,1112,0,0,997873,0,0,stock,0,0,0,0,0,0,0,0,0,0,0,0,0,2778110,0,0,2778107,0,0,0,0,0,997800,0,0,0
112,10018649925317144938,0,0,0,0,0,0,0,0,0,0,0,0,0,0,0,0,0,0,0,0,0,0,0,0,0,0,0,0,0,0,0,0,0,59,0,0,0,0,0,0,0,0,0,0,0,0,_item_graveyard,0,0,0,0,0,0,0,0,0,0,0,0,0,0,0,0,0,0,0,0,0,0,0,0,0,0
112,10018649925317144938,0,0,0,0,0,0,0,0,0,0,0,0,0,0,0,0,0,0,0,0,0,0,301,0,2403,68881,0,0,0,68684,0,0,0,28,301,845,0,0,0,0,200,0,0,0,0,2681,_history_tree_14_updates,2004,0,0,0,0,0,0,5107,2681,0,0,0,7788,0,0,0,0,0,2403,0,0,0,0,0,0,0
112,10018649925317144938,0,0,0,0,0,0,0,0,0,0,0,0,0,0,0,0,0,0,0,0,0,0,1045,0,9,9590,0,0,0,9581,0,0,0,27,2551,6,0,0,0,0,9,0,0,0,0,2560,_history_tree_13_removes,3017,0,0,0,0,0,0,2569,2560,0,0,0,5129,0,0,0,0,0,9,0,0,0,0,0,0,0
112,10018649925317144938,0,0,0,0,0,0,0,0,0,0,0,0,0,0,0,0,0,0,0,0,0,0,334,0,2427,69733,0,0,0,69537,0,0,0,26,335,909,0,0,0,0,196,0,0,0,0,2682,_history_tree_13_updates,1981,0,0,0,0,0,0,5190,2682,0,0,0,7872,0,0,0,0,0,2428,0,0,0,0,0,0,0
112,10018649925317144938,0,0,0,0,0,0,0,0,0,0,0,0,0,0,0,0,0,0,0,0,0,0,992,0,13,9621,0,0,0,9606,0,0,0,25,2535,8,0,0,0,0,15,0,0,0,0,2548,_history_tree_12_removes,2988,0,0,0,0,0,0,2562,2549,0,0,0,5111,0,0,0,0,0,13,0,0,0,0,0,0,0
112,10018649925317144938,0,0,0,0,0,0,0,0,0,0,0,0,0,0,0,0,0,0,0,0,0,0,369,0,2416,69378,0,0,0,69183,0,0,0,24,369,912,0,0,0,0,193,0,0,0,0,2713,_history_tree_12_updates,1993,0,0,0,0,0,0,5203,2713,0,0,0,7917,0,0,0,0,0,2418,0,0,0,0,0,0,0
112,10018649925317144938,0,0,0,0,0,0,0,0,0,0,0,0,0,0,0,0,0,0,0,0,0,0,943,0,9,8905,0,0,0,8892,0,0,0,23,2577,4,0,0,0,0,13,0,0,0,0,2586,_history_tree_11_removes,2983,0,0,0,0,0,0,2595,2586,0,0,0,5181,0,0,0,0,0,9,0,0,0,0,0,0,0
112,10018649925317144938,0,0,0,0,0,0,0,0,0,0,0,0,0,0,0,0,0,0,0,0,0,0,341,0,2382,67708,0,0,0,67466,0,0,0,22,341,848,0,0,0,0,242,0,0,0,0,2672,_history_tree_11_updates,1983,0,0,0,0,0,0,5105,2672,0,0,0,7777,0,0,0,0,0,2382,0,0,0,0,0,0,0
112,10018649925317144938,0,0,0,0,0,0,0,0,0,0,0,0,0,0,0,0,0,0,0,0,0,0,1097,0,7,9673,0,0,0,9652,0,0,0,21,2553,5,0,0,0,0,21,0,0,0,0,2560,_history_tree_10_removes,3001,0,0,0,0,0,0,2567,2560,0,0,0,5127,0,0,0,0,0,7,0,0,0,0,0,0,0
112,10018649925317144938,0,0,0,0,0,0,0,0,0,0,0,0,0,0,0,0,0,0,0,0,0,0,301,0,2421,69617,0,0,0,69419,0,0,0,20,301,903,0,0,0,0,197,0,0,0,0,2661,_history_tree_10_updates,1933,0,0,0,0,0,0,5146,2661,0,0,0,7806,0,0,0,0,0,2423,0,0,0,0,0,0,0
112,10018649925317144938,0,0,0,0,0,0,0,0,0,0,0,0,0,0,0,0,0,0,0,0,0,0,1037,0,10,9610,0,0,0,9591,0,0,0,19,2578,5,0,0,0,0,18,0,0,0,0,2588,_history_tree_9_removes,3044,0,0,0,0,0,0,2598,2588,0,0,0,5186,0,0,0,0,0,10,0,0,0,0,0,0,0
112,10018649925317144938,0,0,0,0,0,0,0,0,0,0,0,0,0,0,0,0,0,0,0,0,0,0,343,0,2420,69561,0,0,0,69314,0,0,0,18,343,883,0,0,0,0,247,0,0,0,0,2674,_history_tree_9_updates,2008,0,0,0,0,0,0,5184,2674,0,0,0,7858,0,0,0,0,0,2421,0,0,0,0,0,0,0
112,10018649925317144938,0,0,0,0,0,0,0,0,0,0,0,0,0,0,0,0,0,0,0,0,0,0,972,0,8,9008,0,0,0,8995,0,0,0,17,2588,4,0,0,0,0,13,0,0,0,0,2596,_history_tree_8_removes,3020,0,0,0,0,0,0,2605,2597,0,0,0,5200,0,0,0,0,0,8,0,0,0,0,0,0,0
112,10018649925317144938,0,0,0,0,0,0,0,0,0,0,0,0,0,0,0,0,0,0,0,0,0,0,354,0,2377,67762,0,0,0,67550,0,0,0,16,354,839,0,0,0,0,213,0,0,0,0,2687,_history_tree_8_updates,2013,0,0,0,0,0,0,5108,2687,0,0,0,7795,0,0,0,0,0,2378,0,0,0,0,0,0,0
112,10018649925317144938,0,0,0,0,0,0,0,0,0,0,0,0,0,0,0,0,0,0,0,0,0,0,952,0,10,8979,0,0,0,8966,0,0,0,15,2527,2,0,0,0,0,13,0,0,0,0,2537,_history_tree_7_removes,2951,0,0,0,0,0,0,2547,2537,0,0,0,5084,0,0,0,0,0,10,0,0,0,0,0,0,0
112,10018649925317144938,0,0,0,0,0,0,0,0,0,0,0,0,0,0,0,0,0,0,0,0,0,0,367,0,2345,67039,0,0,0,66818,0,0,0,14,367,833,0,0,0,0,218,0,0,0,0,2675,_history_tree_7_updates,1991,0,0,0,0,0,0,5055,2675,0,0,0,7730,0,0,0,0,0,2343,0,0,0,0,0,0,0
112,10018649925317144938,0,0,0,0,0,0,0,0,0,0,0,0,0,0,0,0,0,0,0,0,0,0,948,0,10,9106,0,0,0,9090,0,0,0,13,2620,6,0,0,0,0,16,0,0,0,0,2630,_history_tree_6_removes,3059,0,0,0,0,0,0,2640,2630,0,0,0,5270,0,0,0,0,0,10,0,0,0,0,0,0,0
112,10018649925317144938,0,0,0,0,0,0,0,0,0,0,0,0,0,22495997,23030033,0,0,0,0,0,0,0,336,0,2418,69353,0,0,0,69135,0,0,0,0,336,896,0,0,0,0,216,0,0,0,0,2644,_history_tree_0_updates,1996,0,1517655,0,0,0,0,5174,2644,0,0,0,7817,0,0,0,0,0,2418,0,0,0,0,723788,0,0
112,10018649925317144938,0,0,0,0,0,0,0,0,0,0,0,0,0,0,0,0,0,0,0,0,0,0,970,0,10,9409,0,0,0,9395,0,0,0,1,2536,6,0,0,0,0,14,0,0,0,0,2546,_history_tree_0_removes,3011,0,0,0,0,0,0,2556,2546,0,0,0,5102,0,0,0,0,0,10,0,0,0,0,0,0,0
112,10018649925317144938,0,0,0,0,0,0,0,0,0,0,0,0,0,0,0,0,0,0,0,0,0,0,343,0,2389,68468,0,0,0,68241,0,0,0,2,343,912,0,0,0,0,227,0,0,0,0,2657,_history_tree_1_updates,1947,0,0,0,0,0,0,5123,2659,0,0,0,7782,0,0,0,0,0,2389,0,0,0,0,0,0,0
112,10018649925317144938,0,0,0,0,0,0,0,0,0,0,0,0,0,0,0,0,0,0,0,0,0,0,976,0,10,9275,0,0,0,9257,0,0,0,3,2491,4,0,0,0,0,18,0,0,0,0,2501,_history_tree_1_removes,2951,0,0,0,0,0,0,2511,2501,0,0,0,5012,0,0,0,0,0,10,0,0,0,0,0,0,0
112,10018649925317144938,0,0,0,0,0,0,0,0,0,0,0,0,0,0,0,0,0,0,0,0,0,0,311,0,2447,70370,0,0,0,70133,0,0,0,4,311,899,0,0,0,0,238,0,0,0,0,2665,_history_tree_2_updates,2010,0,0,0,0,0,0,5205,2665,0,0,0,7870,0,0,0,0,0,2446,0,0,0,0,0,0,0
112,10018649925317144938,0,0,0,0,0,0,0,0,0,0,0,0,0,0,0,0,0,0,0,0,0,0,1002,0,9,9653,0,0,0,9636,0,0,0,5,2551,6,0,0,0,0,17,0,0,0,0,2560,_history_tree_2_removes,3023,0,0,0,0,0,0,2569,2560,0,0,0,5129,0,0,0,0,0,9,0,0,0,0,0,0,0
112,10018649925317144938,0,0,0,0,0,0,0,0,0,0,0,0,0,0,0,0,0,0,0,0,0,0,303,0,2407,68783,0,0,0,68560,0,0,0,6,303,897,0,0,0,0,225,0,0,0,0,2574,_history_tree_3_updates,1953,0,0,0,0,0,0,5116,2574,0,0,0,7690,0,0,0,0,0,2406,0,0,0,0,0,0,0
112,10018649925317144938,0,0,0,0,0,0,0,0,0,0,0,0,0,0,0,0,0,0,0,0,0,0,999,0,12,9324,0,0,0,9304,0,0,0,7,2550,8,0,0,0,0,20,0,0,0,0,2562,_history_tree_3_removes,3032,0,0,0,0,0,0,2574,2562,0,0,0,5136,0,0,0,0,0,12,0,0,0,0,0,0,0
112,10018649925317144938,0,0,0,0,0,0,0,0,0,0,0,0,0,0,0,0,0,0,0,0,0,0,359,0,2358,67730,0,0,0,67498,0,0,0,8,359,851,0,0,0,0,232,0,0,0,0,2673,_history_tree_4_updates,1999,0,0,0,0,0,0,5074,2673,0,0,0,7747,0,0,0,0,0,2357,0,0,0,0,0,0,0
112,10018649925317144938,0,0,0,0,0,0,0,0,0,0,0,0,0,0,0,0,0,0,0,0,0,0,978,0,8,9283,0,0,0,9273,0,0,0,9,2563,3,0,0,0,0,10,0,0,0,0,2571,_history_tree_4_removes,3025,0,0,0,0,0,0,2579,2571,0,0,0,5150,0,0,0,0,0,8,0,0,0,0,0,0,0
112,10018649925317144938,0,0,0,0,0,0,0,0,0,0,0,0,0,0,0,0,0,0,0,0,0,0,331,0,2405,69152,0,0,0,68972,0,0,0,10,331,899,0,0,0,0,181,0,0,0,0,2694,_history_tree_5_updates,1965,0,0,0,0,0,0,5142,2694,0,0,0,7836,0,0,0,0,0,2406,0,0,0,0,0,0,0
112,10018649925317144938,0,0,0,0,0,0,0,0,0,0,0,0,0,0,0,0,0,0,0,0,0,0,1026,0,9,9552,0,0,0,9537,0,0,0,11,2498,4,0,0,0,0,15,0,0,0,0,2507,_history_tree_5_removes,2967,0,0,0,0,0,0,2516,2507,0,0,0,5023,0,0,0,0,0,9,0,0,0,0,0,0,0
112,10018649925317144938,0,0,0,0,0,0,0,0,0,0,0,0,0,0,0,0,0,0,0,0,0,0,306,0,2418,68815,0,0,0,68606,0,0,0,12,306,860,0,0,0,0,211,0,0,0,0,2589,_history_tree_6_updates,1977,0,0,0,0,0,0,5141,2589,0,0,0,7730,0,0,0,0,0,2416,0,0,0,0,0,0,0
112,10018649925317144938,0,0,0,0,0,0,0,0,0,0,0,0,0,0,0,0,0,0,0,0,0,0,1004,0,8,9428,0,0,0,9417,0,0,0,29,2590,3,0,0,0,0,11,0,0,0,0,2598,_history_tree_14_removes,3089,0,0,0,0,0,0,2607,2599,0,0,0,5206,0,0,0,0,0,8,0,0,0,0,0,0,0
112,10018649925317144938,0,0,0,0,0,0,0,0,0,0,0,0,0,0,0,0,0,0,0,0,0,0,314,0,2414,69532,0,0,0,69302,0,0,0,30,314,887,0,0,0,0,221,0,0,0,0,2659,_history_tree_15_updates,1946,0,0,0,0,0,0,5138,2659,0,0,0,7797,0,0,0,0,0,2410,0,0,0,0,0,0,0
112,10018649925317144938,0,0,0,0,0,0,0,0,0,0,0,0,0,0,0,0,0,0,0,0,0,0,1019,0,8,9573,0,0,0,9563,0,0,0,31,2570,2,0,0,0,0,10,0,0,0,0,2578,_history_tree_15_removes,2993,0,0,0,0,0,0,2586,2578,0,0,0,5164,0,0,0,0,0,8,0,0,0,0,0,0,0
112,10018649925317144938,0,0,0,0,0,0,0,0,0,0,0,0,0,0,0,0,0,0,0,0,0,0,357,0,2346,67169,0,0,0,66947,0,0,0,32,357,845,0,0,0,0,217,0,0,0,0,2654,_history_tree_16_updates,2011,0,0,0,0,0,0,5050,2654,0,0,0,7702,0,0,0,0,0,2346,0,0,0,0,0,0,0
112,10018649925317144938,0,0,0,0,0,0,0,0,0,0,0,0,0,0,0,0,0,0,0,0,0,0,958,0,7,9051,0,0,0,9036,0,0,0,33,2551,3,0,0,0,0,15,0,0,0,0,2558,_history_tree_16_removes,3039,0,0,0,0,0,0,2565,2558,0,0,0,5123,0,0,0,0,0,7,0,0,0,0,0,0,0
112,10018649925317144938,0,0,0,0,0,0,0,0,0,0,0,0,0,0,0,0,0,0,0,0,0,0,358,0,2369,144372,0,0,0,71984,0,0,0,34,10643,2722,0,0,0,0,200,0,0,0,0,6372,_history_tree_17_updates,4020,0,0,0,0,0,0,15380,12743,1,0,0,21752,0,0,0,0,0,2367,0,0,0,0,0,0,0
112,10018649925317144938,0,0,0,0,0,0,0,0,0,0,0,0,0,0,0,0,0,0,0,0,0,0,812,0,20,9048,0,0,0,9033,0,0,0,35,2509,13,0,0,0,0,15,0,0,0,0,2529,_history_tree_17_removes,2907,0,0,0,0,0,0,2549,2529,0,0,0,5078,0,0,0,0,0,20,0,0,0,0,0,0,0
112,10018649925317144938,0,0,0,0,0,0,0,0,0,0,0,0,0,0,0,0,0,0,0,0,0,0,354,0,2381,68556,0,0,0,68343,0,0,0,36,354,873,0,0,0,0,211,0,0,0,0,2713,_history_tree_18_updates,1998,0,0,0,0,0,0,5117,2713,0,0,0,7830,0,0,0,0,0,2382,0,0,0,0,0,0,0
112,10018649925317144938,0,0,0,0,0,0,0,0,0,0,0,0,0,0,0,0,0,0,0,0,0,0,1003,0,9,9491,0,0,0,9469,0,0,0,37,2510,3,0,0,0,0,22,0,0,0,0,2519,_history_tree_18_removes,2994,0,0,0,0,0,0,2528,2519,0,0,0,5047,0,0,0,0,0,9,0,0,0,0,0,0,0
112,10018649925317144938,0,0,0,0,0,0,0,0,0,0,0,0,0,0,0,0,0,0,0,0,0,0,267,0,2377,68716,0,0,0,68521,0,0,0,38,267,809,0,0,0,0,195,0,0,0,0,2606,_history_tree_19_updates,1962,0,0,0,0,0,0,5019,2606,0,0,0,7625,0,0,0,0,0,2375,0,0,0,0,0,0,0
112,10018649925317144938,0,0,0,0,0,0,0,0,0,0,0,0,0,0,0,0,0,0,0,0,0,0,1118,0,5,9688,0,0,0,9671,0,0,0,39,2564,2,0,0,0,0,17,0,0,0,0,2569,_history_tree_19_removes,3043,0,0,0,0,0,0,2574,2569,0,0,0,5143,0,0,0,0,0,5,0,0,0,0,0,0,0
112,10018649925317144938,49249,0,0,0,0,0,45766,0,0,0,0,0,0,0,0,0,0,0,0,0,0,0,0,0,0,296486,0,0,0,97087,0,0,0,40,0,0,0,0,0,0,2089,0,0,95019,0,0,warehouse,0,0,0,0,0,0,0,0,0,0,0,0,0,197062,0,0,197062,0,0,0,0,0,95018,0,0,0
112,10018649925317144938,0,0,0,0,0,0,0,0,0,0,0,0,0,0,0,0,0,0,0,0,0,0,0,0,0,0,0,0,0,0,0,0,0,41,0,0,0,0,0,0,0,0,0,0,0,0,_warehouse_graveyard,0,0,0,0,0,0,0,0,0,0,0,0,0,0,0,0,0,0,0,0,0,0,0,0,0,0
112,10018649925317144938,98163,0,0,0,0,0,95683,0,0,0,0,0,0,0,0,0,0,0,0,0,0,0,0,0,0,301174,0,0,0,196129,0,0,0,42,0,0,0,0,0,0,1066,0,0,193851,0,0,district,0,0,0,0,0,0,0,0,0,0,0,0,0,103921,0,0,103921,0,0,0,0,0,193851,0,0,0
112,10018649925317144938,0,0,0,0,0,0,0,0,0,0,0,0,0,0,0,0,0,0,0,0,0,0,0,0,0,0,0,0,0,0,0,0,0,43,0,0,0,0,0,0,0,0,0,0,0,0,_district_graveyard,0,0,0,0,0,0,0,0,0,0,0,0,0,0,0,0,0,0,0,0,0,0,0,0,0,0
112,10018649925317144938,63994,0,0,0,0,0,61390,0,0,0,0,0,0,0,0,0,0,0,0,0,0,0,0,0,0,802550,0,0,0,125392,0,0,0,44,0,0,0,0,0,0,11,0,0,125387,0,0,customer,0,0,0,0,0,0,0,0,0,0,0,0,0,142115,0,0,142113,0,0,0,0,0,125384,0,0,0
112,10018649925317144938,0,0,0,0,0,0,0,0,0,0,0,0,0,0,0,0,0,0,0,0,0,0,0,0,0,0,0,0,0,0,0,0,0,45,0,0,0,0,0,0,0,0,0,0,0,0,_customer_graveyard,0,0,0,0,0,0,0,0,0,0,0,0,0,0,0,0,0,0,0,0,0,0,0,0,0,0
112,10018649925317144938,0,0,0,0,0,0,0,0,0,0,0,0,0,0,0,0,0,0,0,0,0,0,0,0,0,185643,0,0,0,0,0,0,0,46,0,0,0,0,0,0,61878,0,0,0,0,0,customerwdl,0,0,0,0,0,0,0,0,0,0,0,61881,0,61881,0,0,61881,0,0,0,0,0,0,0,0,0
112,10018649925317144938,0,0,0,0,0,0,0,0,0,0,0,0,0,0,0,0,0,0,0,0,0,0,0,0,0,0,0,0,0,0,0,0,0,47,0,0,0,0,0,0,0,0,0,0,0,0,_customerwdl_graveyard,0,0,0,0,0,0,0,0,0,0,0,0,0,0,0,0,0,0,0,0,0,0,0,0,0,0
112,10018649925317144938,0,0,0,0,0,0,0,0,0,0,0,0,0,0,0,0,0,0,0,0,0,0,0,0,2231,119301,0,0,0,39767,0,0,0,48,0,0,0,0,0,0,0,0,0,0,0,0,history,0,0,0,0,0,0,0,2255,0,0,0,0,2255,0,0,0,0,0,0,0,0,0,0,0,0,0
112,10018649925317144938,0,0,0,0,0,0,0,0,0,0,0,0,0,0,0,0,0,0,0,0,0,0,0,0,0,0,0,0,0,0,0,0,0,49,0,0,0,0,0,0,0,0,0,0,0,0,_history_graveyard,0,0,0,0,0,0,0,0,0,0,0,0,0,0,0,0,0,0,0,0,0,0,0,0,0,0
112,10018649925317144938,43999,87860,0,87860,0,0,43842,0,0,0,0,0,0,0,0,0,0,0,0,0,0,0,50771,0,2110,1197951,0,0,0,278079,0,15520,0,50,253,0,0,0,0,0,121208,0,0,0,0,0,neworder,99334,15520,0,0,0,0,0,4230,198,1,0,88142,4230,103663,0,0,103662,0,1862,0,0,0,0,0,0,0
112,10018649925317144938,0,0,0,0,0,0,0,0,0,0,0,0,0,0,0,0,0,0,0,0,0,0,0,0,0,0,0,0,0,0,0,0,0,51,0,0,0,0,0,0,0,0,0,0,0,0,_neworder_graveyard,0,0,0,0,0,0,0,0,0,0,0,0,0,0,0,0,0,0,0,0,0,0,0,0,0,0
112,10018649925317144938,44427,0,0,0,0,0,43399,0,0,0,0,0,0,0,0,0,0,0,0,0,0,0,0,0,4329,850842,0,0,0,192150,0,0,0,52,0,0,0,0,0,0,0,0,0,87822,0,0,order,0,0,0,0,0,0,0,4336,0,0,0,0,4336,91459,0,0,91458,0,0,0,0,0,87817,0,0,0
112,10018649925317144938,0,0,0,0,0,0,0,0,0,0,0,0,0,0,0,0,0,0,0,0,0,0,0,0,0,0,0,0,0,0,0,0,0,53,0,0,0,0,0,0,0,0,0,0,0,0,_order_graveyard,0,0,0,0,0,0,0,0,0,0,0,0,0,0,0,0,0,0,0,0,0,0,0,0,0,0
112,10018649925317144938,0,0,0,0,0,0,0,0,0,0,0,0,0,0,0,0,3640,0,0,0,0,0,0,0,1407,315131,0,0,0,101403,0,0,0,54,0,0,0,0,0,0,3640,0,0,0,0,0,order_wdc,0,0,0,0,0,0,0,1424,0,0,0,0,1424,3639,0,0,3639,0,0,0,0,0,0,0,0,0
112,10018649925317144938,0,0,0,0,0,0,0,0,0,0,0,0,0,0,0,0,0,0,0,0,0,0,0,0,0,0,0,0,0,0,0,0,0,55,0,0,0,0,0,0,0,0,0,0,0,0,_order_wdc_graveyard,0,0,0,0,0,0,0,0,0,0,0,0,0,0,0,0,0,0,0,0,0,0,0,0,0,0
112,10018649925317144938,443452,0,0,0,0,0,433025,0,0,0,0,0,0,0,0,0,0,0,0,0,0,0,100233,0,59432,7780448,0,0,0,1932488,0,997,0,56,0,0,0,0,0,0,12622,0,0,876467,0,0,orderline,1820655,997,0,0,0,0,0,60271,0,0,0,12550,60271,1833253,0,0,1833269,0,0,0,0,0,876477,0,0,0
112,10018649925317144938,0,0,0,0,0,0,0,0,0,0,0,0,0,0,0,0,0,0,0,0,0,0,0,0,0,0,0,0,0,0,0,0,0,57,0,0,0,0,0,0,0,0,0,0,0,0,_orderline_graveyard,0,0,0,0,0,0,0,0,0,0,0,0,0,0,0,0,0,0,0,0,0,0,0,0,0,0
112,10018649925317144938,0,0,0,0,0,0,0,0,0,0,0,0,0,0,0,0,0,0,0,0,0,0,0,0,0,1992881,0,0,0,0,0,0,0,58,0,0,0,0,0,0,0,0,0,0,0,0,item,0,0,0,0,0,0,0,0,0,0,0,0,0,996460,0,0,996454,0,0,0,0,0,0,0,0,0
113,10018649925317144938,0,0,0,0,0,0,0,0,0,0,0,0,0,0,0,0,0,0,0,0,0,0,0,0,0,0,0,0,0,0,0,0,0,61,0,0,0,0,0,0,0,0,0,0,0,0,_stock_graveyard,0,0,0,0,0,0,0,0,0,0,0,0,0,0,0,0,0,0,0,0,0,0,0,0,0,0
113,10018649925317144938,494189,0,0,0,0,0,482341,0,0,0,0,0,0,0,0,0,0,0,0,0,0,0,0,0,0,14755867,0,0,0,977687,0,0,0,60,0,0,0,0,0,0,1025,0,0,976549,0,0,stock,0,0,0,0,0,0,0,0,0,0,0,0,0,2710163,0,0,2710153,0,0,0,0,0,976573,0,0,0
113,10018649925317144938,0,0,0,0,0,0,0,0,0,0,0,0,0,0,0,0,0,0,0,0,0,0,0,0,0,0,0,0,0,0,0,0,0,59,0,0,0,0,0,0,0,0,0,0,0,0,_item_graveyard,0,0,0,0,0,0,0,0,0,0,0,0,0,0,0,0,0,0,0,0,0,0,0,0,0,0
113,10018649925317144938,0,0,0,0,0,0,0,0,0,0,0,0,0,0,0,0,0,0,0,0,0,0,371,0,2316,65778,0,0,0,65564,0,0,0,28,371,803,0,0,0,0,213,0,0,0,0,2645,_history_tree_14_updates,2008,0,0,0,0,0,0,5003,2645,0,0,0,7648,0,0,0,0,0,2316,0,0,0,0,0,0,0
113,10018649925317144938,0,0,0,0,0,0,0,0,0,0,0,0,0,0,0,0,0,0,0,0,0,0,952,0,8,9177,0,0,0,9167,0,0,0,27,2524,3,0,0,0,0,10,0,0,0,0,2532,_history_tree_13_removes,2988,0,0,0,0,0,0,2541,2533,0,0,0,5074,0,0,0,0,0,8,0,0,0,0,0,0,0
113,10018649925317144938,0,0,0,0,0,0,0,0,0,0,0,0,0,0,0,0,0,0,0,0,0,0,358,0,2316,66661,0,0,0,66478,0,0,0,26,358,807,0,0,0,0,182,0,0,0,0,2662,_history_tree_13_updates,2009,0,0,0,0,0,0,4991,2662,0,0,0,7653,0,0,0,0,0,2317,0,0,0,0,0,0,0
113,10018649925317144938,0,0,0,0,0,0,0,0,0,0,0,0,0,0,0,0,0,0,0,0,0,0,955,0,6,9017,0,0,0,9003,0,0,0,25,2596,1,0,0,0,0,14,0,0,0,0,2602,_history_tree_12_removes,3053,0,0,0,0,0,0,2608,2602,0,0,0,5210,0,0,0,0,0,6,0,0,0,0,0,0,0
113,10018649925317144938,0,0,0,0,0,0,0,0,0,0,0,0,0,0,0,0,0,0,0,0,0,0,337,0,2306,66163,0,0,0,65983,0,0,0,24,337,777,0,0,0,0,180,0,0,0,0,2641,_history_tree_12_updates,1999,0,0,0,0,0,0,4951,2641,0,0,0,7591,0,0,0,0,0,2308,0,0,0,0,0,0,0
113,10018649925317144938,0,0,0,0,0,0,0,0,0,0,0,0,0,0,0,0,0,0,0,0,0,0,989,0,5,9053,0,0,0,9043,0,0,0,23,2653,1,0,0,0,0,10,0,0,0,0,2658,_history_tree_11_removes,3106,0,0,0,0,0,0,2663,2658,0,0,0,5321,0,0,0,0,0,5,0,0,0,0,0,0,0
113,10018649925317144938,0,0,0,0,0,0,0,0,0,0,0,0,0,0,0,0,0,0,0,0,0,0,309,0,2323,66631,0,0,0,66404,0,0,0,22,309,748,0,0,0,0,228,0,0,0,0,2615,_history_tree_11_updates,2007,0,0,0,0,0,0,4954,2615,0,0,0,7569,0,0,0,0,0,2322,0,0,0,0,0,0,0
113,10018649925317144938,0,0,0,0,0,0,0,0,0,0,0,0,0,0,0,0,0,0,0,0,0,0,1060,0,5,9289,0,0,0,9268,0,0,0,21,2616,1,0,0,0,0,21,0,0,0,0,2621,_history_tree_10_removes,3067,0,0,0,0,0,0,2626,2621,0,0,0,5247,0,0,0,0,0,5,0,0,0,0,0,0,0
113,10018649925317144938,0,0,0,0,0,0,0,0,0,0,0,0,0,0,0,0,0,0,0,0,0,0,311,0,2315,66627,0,0,0,66438,0,0,0,20,311,771,0,0,0,0,188,0,0,0,0,2624,_history_tree_10_updates,1990,0,0,0,0,0,0,4939,2624,0,0,0,7563,0,0,0,0,0,2314,0,0,0,0,0,0,0
113,10018649925317144938,0,0,0,0,0,0,0,0,0,0,0,0,0,0,0,0,0,0,0,0,0,0,1026,0,4,9038,0,0,0,9022,0,0,0,19,2585,2,0,0,0,0,16,0,0,0,0,2589,_history_tree_9_removes,3037,0,0,0,0,0,0,2593,2589,0,0,0,5184,0,0,0,0,0,4,0,0,0,0,0,0,0
113,10018649925317144938,0,0,0,0,0,0,0,0,0,0,0,0,0,0,0,0,0,0,0,0,0,0,331,0,2297,65871,0,0,0,65687,0,0,0,18,332,766,0,0,0,0,183,0,0,0,0,2606,_history_tree_9_updates,1986,0,0,0,0,0,0,4927,2606,0,0,0,7533,0,0,0,0,0,2298,0,0,0,0,0,0,0
113,10018649925317144938,0,0,0,0,0,0,0,0,0,0,0,0,0,0,0,0,0,0,0,0,0,0,1004,0,2,9098,0,0,0,9084,0,0,0,17,2623,0,0,0,0,0,15,0,0,0,0,2625,_history_tree_8_removes,3072,0,0,0,0,0,0,2626,2624,0,0,0,5250,0,0,0,0,0,2,0,0,0,0,0,0,0
113,10018649925317144938,0,0,0,0,0,0,0,0,0,0,0,0,0,0,0,0,0,0,0,0,0,0,342,0,2322,66570,0,0,0,66345,0,0,0,16,342,787,0,0,0,0,220,0,0,0,0,2663,_history_tree_8_updates,2008,0,0,0,0,0,0,4985,2663,0,0,0,7648,0,0,0,0,0,2321,0,0,0,0,0,0,0
113,10018649925317144938,0,0,0,0,0,0,0,0,0,0,0,0,0,0,0,0,0,0,0,0,0,0,958,0,5,9073,0,0,0,9052,0,0,0,15,2507,2,0,0,0,0,21,0,0,0,0,2512,_history_tree_7_removes,2929,0,0,0,0,0,0,2517,2512,0,0,0,5029,0,0,0,0,0,5,0,0,0,0,0,0,0
113,10018649925317144938,0,0,0,0,0,0,0,0,0,0,0,0,0,0,0,0,0,0,0,0,0,0,331,0,2344,67003,0,0,0,66830,0,0,0,14,333,832,0,0,0,0,167,0,0,0,0,2636,_history_tree_7_updates,1965,0,0,0,0,0,0,5020,2636,0,0,0,7656,0,0,0,0,0,2343,0,0,0,0,0,0,0
113,10018649925317144938,0,0,0,0,0,0,0,0,0,0,0,0,0,0,0,0,0,0,0,0,0,0,1013,0,4,9250,0,0,0,9240,0,0,0,13,2599,2,0,0,0,0,10,0,0,0,0,2603,_history_tree_6_removes,3044,0,0,0,0,0,0,2607,2603,0,0,0,5210,0,0,0,0,0,4,0,0,0,0,0,0,0
113,10018649925317144938,0,0,0,0,0,0,0,0,0,0,0,0,0,21907241,22404550,0,0,0,0,0,0,0,322,0,2309,65859,0,0,0,65648,0,0,0,0,322,778,0,0,0,0,211,0,0,0,0,2590,_history_tree_0_updates,1978,0,1476050,0,0,0,0,4939,2590,0,0,0,7529,0,0,0,0,0,2309,0,0,0,0,701764,0,0
113,10018649925317144938,0,0,0,0,0,0,0,0,0,0,0,0,0,0,0,0,0,0,0,0,0,0,946,0,5,8795,0,0,0,8777,0,0,0,1,2596,2,0,0,0,0,18,0,0,0,0,2601,_history_tree_0_removes,3039,0,0,0,0,0,0,2606,2601,0,0,0,5207,0,0,0,0,0,5,0,0,0,0,0,0,0
113,10018649925317144938,0,0,0,0,0,0,0,0,0,0,0,0,0,0,0,0,0,0,0,0,0,0,321,0,2347,67135,0,0,0,66926,0,0,0,2,321,806,0,0,0,0,207,0,0,0,0,2666,_history_tree_1_updates,1999,0,0,0,0,0,0,5013,2664,0,0,0,7677,0,0,0,0,0,2347,0,0,0,0,0,0,0
113,10018649925317144938,0,0,0,0,0,0,0,0,0,0,0,0,0,0,0,0,0,0,0,0,0,0,992,0,6,9139,0,0,0,9127,0,0,0,3,2608,2,0,0,0,0,12,0,0,0,0,2614,_history_tree_1_removes,3072,0,0,0,0,0,0,2620,2615,0,0,0,5236,0,0,0,0,0,6,0,0,0,0,0,0,0
113,10018649925317144938,0,0,0,0,0,0,0,0,0,0,0,0,0,0,0,0,0,0,0,0,0,0,366,0,2290,65254,0,0,0,65066,0,0,0,4,366,794,0,0,0,0,186,0,0,0,0,2623,_history_tree_2_updates,1972,0,0,0,0,0,0,4945,2623,0,0,0,7568,0,0,0,0,0,2290,0,0,0,0,0,0,0
113,10018649925317144938,0,0,0,0,0,0,0,0,0,0,0,0,0,0,0,0,0,0,0,0,0,0,938,0,7,8721,0,0,0,8701,0,0,0,5,2544,3,0,0,0,0,20,0,0,0,0,2551,_history_tree_2_removes,2962,0,0,0,0,0,0,2558,2551,0,0,0,5111,0,0,0,0,0,7,0,0,0,0,0,0,0
113,10018649925317144938,0,0,0,0,0,0,0,0,0,0,0,0,0,0,0,0,0,0,0,0,0,0,316,0,2338,67282,0,0,0,67064,0,0,0,6,316,813,0,0,0,0,218,0,0,0,0,2632,_history_tree_3_updates,1968,0,0,0,0,0,0,4993,2632,0,0,0,7625,0,0,0,0,0,2339,0,0,0,0,0,0,0
113,10018649925317144938,0,0,0,0,0,0,0,0,0,0,0,0,0,0,0,0,0,0,0,0,0,0,1014,0,5,9302,0,0,0,9287,0,0,0,7,2542,2,0,0,0,0,15,0,0,0,0,2547,_history_tree_3_removes,2988,0,0,0,0,0,0,2552,2547,0,0,0,5099,0,0,0,0,0,5,0,0,0,0,0,0,0
113,10018649925317144938,0,0,0,0,0,0,0,0,0,0,0,0,0,0,0,0,0,0,0,0,0,0,316,0,2349,66860,0,0,0,66664,0,0,0,8,316,802,0,0,0,0,195,0,0,0,0,2642,_history_tree_4_updates,1982,0,0,0,0,0,0,5014,2642,0,0,0,7656,0,0,0,0,0,2349,0,0,0,0,0,0,0
113,10018649925317144938,0,0,0,0,0,0,0,0,0,0,0,0,0,0,0,0,0,0,0,0,0,0,922,0,10,8960,0,0,0,8950,0,0,0,9,2626,4,0,0,0,0,10,0,0,0,0,2636,_history_tree_4_removes,3057,0,0,0,0,0,0,2646,2636,0,0,0,5282,0,0,0,0,0,10,0,0,0,0,0,0,0
113,10018649925317144938,0,0,0,0,0,0,0,0,0,0,0,0,0,0,0,0,0,0,0,0,0,0,360,0,2343,66936,0,0,0,66738,0,0,0,10,360,836,0,0,0,0,197,0,0,0,0,2686,_history_tree_5_updates,1990,0,0,0,0,0,0,5046,2686,0,0,0,7732,0,0,0,0,0,2343,0,0,0,0,0,0,0
113,10018649925317144938,0,0,0,0,0,0,0,0,0,0,0,0,0,0,0,0,0,0,0,0,0,0,931,0,8,8993,0,0,0,8980,0,0,0,11,2569,3,0,0,0,0,13,0,0,0,0,2577,_history_tree_5_removes,3003,0,0,0,0,0,0,2585,2577,0,0,0,5162,0,0,0,0,0,8,0,0,0,0,0,0,0
113,10018649925317144938,0,0,0,0,0,0,0,0,0,0,0,0,0,0,0,0,0,0,0,0,0,0,309,0,2296,66149,0,0,0,65961,0,0,0,12,309,764,0,0,0,0,186,0,0,0,0,2584,_history_tree_6_updates,1964,0,0,0,0,0,0,4903,2584,0,0,0,7487,0,0,0,0,0,2298,0,0,0,0,0,0,0
113,10018649925317144938,0,0,0,0,0,0,0,0,0,0,0,0,0,0,0,0,0,0,0,0,0,0,899,0,7,8620,0,0,0,8604,0,0,0,29,2556,2,0,0,0,0,16,0,0,0,0,2564,_history_tree_14_removes,2986,0,0,0,0,0,0,2570,2563,0,0,0,5133,0,0,0,0,0,7,0,0,0,0,0,0,0
113,10018649925317144938,0,0,0,0,0,0,0,0,0,0,0,0,0,0,0,0,0,0,0,0,0,0,313,0,2336,67003,0,0,0,66803,0,0,0,30,313,788,0,0,0,0,198,0,0,0,0,2654,_history_tree_15_updates,1976,0,0,0,0,0,0,4990,2654,0,0,0,7644,0,0,0,0,0,2341,0,0,0,0,0,0,0
113,10018649925317144938,0,0,0,0,0,0,0,0,0,0,0,0,0,0,0,0,0,0,0,0,0,0,1024,0,4,9218,0,0,0,9197,0,0,0,31,2629,0,0,0,0,0,21,0,0,0,0,2633,_history_tree_15_removes,3068,0,0,0,0,0,0,2637,2633,0,0,0,5270,0,0,0,0,0,4,0,0,0,0,0,0,0
113,10018649925317144938,0,0,0,0,0,0,0,0,0,0,0,0,0,0,0,0,0,0,0,0,0,0,330,0,2372,67886,0,0,0,67687,0,0,0,32,330,829,0,0,0,0,198,0,0,0,0,2673,_history_tree_16_updates,1985,0,0,0,0,0,0,5073,2673,0,0,0,7746,0,0,0,0,0,2371,0,0,0,0,0,0,0
113,10018649925317144938,0,0,0,0,0,0,0,0,0,0,0,0,0,0,0,0,0,0,0,0,0,0,1027,0,4,9192,0,0,0,9174,0,0,0,33,2600,1,0,0,0,0,18,0,0,0,0,2604,_history_tree_16_removes,3027,0,0,0,0,0,0,2608,2604,0,0,0,5212,0,0,0,0,0,4,0,0,0,0,0,0,0
113,10018649925317144938,0,0,0,0,0,0,0,0,0,0,0,0,0,0,0,0,0,0,0,0,0,0,334,0,2366,144346,0,0,0,71964,0,0,0,34,10296,2701,0,0,0,0,209,0,0,0,0,6187,_history_tree_17_updates,3891,0,0,0,0,0,0,15032,12373,1,0,0,21219,0,0,0,0,0,2369,0,0,0,0,0,0,0
113,10018649925317144938,0,0,0,0,0,0,0,0,0,0,0,0,0,0,0,0,0,0,0,0,0,0,801,0,22,9254,0,0,0,9237,0,0,0,35,2403,16,0,0,0,0,17,0,0,0,0,2425,_history_tree_17_removes,2817,0,0,0,0,0,0,2447,2425,0,0,0,4872,0,0,0,0,0,22,0,0,0,0,0,0,0
113,10018649925317144938,0,0,0,0,0,0,0,0,0,0,0,0,0,0,0,0,0,0,0,0,0,0,317,0,2371,68251,0,0,0,68040,0,0,0,36,317,845,0,0,0,0,211,0,0,0,0,2676,_history_tree_18_updates,1959,0,0,0,0,0,0,5059,2676,0,0,0,7735,0,0,0,0,0,2371,0,0,0,0,0,0,0
113,10018649925317144938,0,0,0,0,0,0,0,0,0,0,0,0,0,0,0,0,0,0,0,0,0,0,1049,0,8,9445,0,0,0,9431,0,0,0,37,2597,3,0,0,0,0,14,0,0,0,0,2605,_history_tree_18_removes,3033,0,0,0,0,0,0,2613,2605,0,0,0,5218,0,0,0,0,0,8,0,0,0,0,0,0,0
113,10018649925317144938,0,0,0,0,0,0,0,0,0,0,0,0,0,0,0,0,0,0,0,0,0,0,351,0,2376,68122,0,0,0,67925,0,0,0,38,351,856,0,0,0,0,197,0,0,0,0,2653,_history_tree_19_updates,1991,0,0,0,0,0,0,5105,2653,0,0,0,7758,0,0,0,0,0,2378,0,0,0,0,0,0,0
113,10018649925317144938,0,0,0,0,0,0,0,0,0,0,0,0,0,0,0,0,0,0,0,0,0,0,1003,0,8,9347,0,0,0,9340,0,0,0,39,2568,5,0,0,0,0,7,0,0,0,0,2576,_history_tree_19_removes,3012,0,0,0,0,0,0,2584,2576,0,0,0,5160,0,0,0,0,0,8,0,0,0,0,0,0,0
113,10018649925317144938,48694,0,0,0,0,0,44778,0,0,0,0,0,0,0,0,0,0,0,0,0,0,0,0,0,0,291137,0,0,0,95402,0,0,0,40,0,0,0,0,0,0,1986,0,0,93465,0,0,warehouse,0,0,0,0,0,0,0,0,0,0,0,0,0,193466,0,0,193464,0,0,0,0,0,93459,0,0,0
113,10018649925317144938,0,0,0,0,0,0,0,0,0,0,0,0,0,0,0,0,0,0,0,0,0,0,0,0,0,0,0,0,0,0,0,0,0,41,0,0,0,0,0,0,0,0,0,0,0,0,_warehouse_graveyard,0,0,0,0,0,0,0,0,0,0,0,0,0,0,0,0,0,0,0,0,0,0,0,0,0,0
113,10018649925317144938,95936,0,0,0,0,0,94514,0,0,0,0,0,0,0,0,0,0,0,0,0,0,0,0,0,1,295703,0,0,0,192586,0,0,0,42,0,0,0,0,0,0,949,0,0,190437,0,0,district,0,0,0,0,0,0,0,1,0,0,0,0,1,102121,0,0,102122,1,0,0,0,0,190434,0,0,0
113,10018649925317144938,0,0,0,0,0,0,0,0,0,0,0,0,0,0,0,0,0,0,0,0,0,0,0,0,0,0,0,0,0,0,0,0,0,43,0,0,0,0,0,0,0,0,0,0,0,0,_district_graveyard,0,0,0,0,0,0,0,0,0,0,0,0,0,0,0,0,0,0,0,0,0,0,0,0,0,0
113,10018649925317144938,62163,0,0,0,0,0,59149,0,0,0,0,0,0,0,0,0,0,0,0,0,0,0,0,0,0,782686,0,0,0,121315,0,0,0,44,0,0,0,0,0,0,9,0,0,121311,0,0,customer,0,0,0,0,0,0,0,0,0,0,0,0,0,139580,0,0,139583,0,0,0,0,0,121311,0,0,0
113,10018649925317144938,0,0,0,0,0,0,0,0,0,0,0,0,0,0,0,0,0,0,0,0,0,0,0,0,0,0,0,0,0,0,0,0,0,45,0,0,0,0,0,0,0,0,0,0,0,0,_customer_graveyard,0,0,0,0,0,0,0,0,0,0,0,0,0,0,0,0,0,0,0,0,0,0,0,0,0,0
113,10018649925317144938,0,0,0,0,0,0,0,0,0,0,0,0,0,0,0,0,0,0,0,0,0,0,0,0,0,181917,0,0,0,0,0,0,0,46,0,0,0,0,0,0,60637,0,0,0,0,0,customerwdl,0,0,0,0,0,0,0,0,0,0,0,60634,0,60634,0,0,60634,0,0,0,0,0,0,0,0,0
113,10018649925317144938,0,0,0,0,0,0,0,0,0,0,0,0,0,0,0,0,0,0,0,0,0,0,0,0,0,0,0,0,0,0,0,0,0,47,0,0,0,0,0,0,0,0,0,0,0,0,_customerwdl_graveyard,0,0,0,0,0,0,0,0,0,0,0,0,0,0,0,0,0,0,0,0,0,0,0,0,0,0
113,10018649925317144938,0,0,0,0,0,0,0,0,0,0,0,0,0,0,0,0,0,0,0,0,0,0,0,0,2206,117960,0,0,0,39320,0,0,0,48,0,0,0,0,0,0,0,0,0,0,0,0,history,0,0,0,0,0,0,0,2231,0,0,0,0,2231,0,0,0,0,0,0,0,0,0,0,0,0,0
113,10018649925317144938,0,0,0,0,0,0,0,0,0,0,0,0,0,0,0,0,0,0,0,0,0,0,0,0,0,0,0,0,0,0,0,0,0,49,0,0,0,0,0,0,0,0,0,0,0,0,_history_graveyard,0,0,0,0,0,0,0,0,0,0,0,0,0,0,0,0,0,0,0,0,0,0,0,0,0,0
113,10018649925317144938,42129,84174,0,84176,0,0,42041,0,0,0,0,0,0,0,0,0,0,0,0,0,0,0,48551,0,2089,1155685,0,0,0,268792,0,10460,0,50,160,0,0,0,0,0,116412,0,0,0,0,0,neworder,90937,10460,0,0,0,0,0,4047,150,1,0,84474,4049,94933,0,0,94933,0,1793,0,0,0,0,0,0,0
113,10018649925317144938,0,0,0,0,0,0,0,0,0,0,0,0,0,0,0,0,0,0,0,0,0,0,0,0,0,0,0,0,0,0,0,0,0,51,0,0,0,0,0,0,0,0,0,0,0,0,_neworder_graveyard,0,0,0,0,0,0,0,0,0,0,0,0,0,0,0,0,0,0,0,0,0,0,0,0,0,0
113,10018649925317144938,42658,0,0,0,0,0,41526,0,0,0,0,0,0,0,0,0,0,0,0,0,0,0,0,0,4289,822629,0,0,0,186517,0,0,0,52,0,0,0,0,0,0,0,0,0,84186,0,0,order,0,0,0,0,0,0,0,4296,0,0,0,0,4296,87695,0,0,87695,0,0,0,0,0,84189,0,0,0
113,10018649925317144938,0,0,0,0,0,0,0,0,0,0,0,0,0,0,0,0,0,0,0,0,0,0,0,0,0,0,0,0,0,0,0,0,0,53,0,0,0,0,0,0,0,0,0,0,0,0,_order_graveyard,0,0,0,0,0,0,0,0,0,0,0,0,0,0,0,0,0,0,0,0,0,0,0,0,0,0
113,10018649925317144938,0,0,0,0,0,0,0,0,0,0,0,0,0,0,0,0,3512,0,0,0,0,0,0,0,1420,308910,0,0,0,99458,0,0,0,54,0,0,0,0,0,0,3512,0,0,0,0,0,order_wdc,0,0,0,0,0,0,0,1450,0,0,0,0,1450,3512,0,0,3512,0,0,0,0,0,0,0,0,0
113,10018649925317144938,0,0,0,0,0,0,0,0,0,0,0,0,0,0,0,0,0,0,0,0,0,0,0,0,0,0,0,0,0,0,0,0,0,55,0,0,0,0,0,0,0,0,0,0,0,0,_order_wdc_graveyard,0,0,0,0,0,0,0,0,0,0,0,0,0,0,0,0,0,0,0,0,0,0,0,0,0,0
113,10018649925317144938,425960,0,0,0,0,0,416084,0,0,0,0,0,0,0,0,0,0,0,0,0,0,0,97166,0,58191,7553611,0,0,0,1876160,0,848,0,56,0,0,0,0,0,0,12243,0,0,842054,0,0,orderline,1766468,848,0,0,0,0,0,58955,0,0,0,12176,58957,1778583,0,0,1778567,0,0,0,0,0,842046,0,0,0
113,10018649925317144938,0,0,0,0,0,0,0,0,0,0,0,0,0,0,0,0,0,0,0,0,0,0,0,0,0,0,0,0,0,0,0,0,0,57,0,0,0,0,0,0,0,0,0,0,0,0,_orderline_graveyard,0,0,0,0,0,0,0,0,0,0,0,0,0,0,0,0,0,0,0,0,0,0,0,0,0,0
113,10018649925317144938,0,0,0,0,0,0,0,0,0,0,0,0,0,0,0,0,0,0,0,0,0,0,0,0,0,1951912,0,0,0,0,0,0,0,58,0,0,0,0,0,0,0,0,0,0,0,0,item,0,0,0,0,0,0,0,0,0,0,0,0,0,975970,0,0,975976,0,0,0,0,0,0,0,0,0
114,10018649925317144938,0,0,0,0,0,0,0,0,0,0,0,0,0,0,0,0,0,0,0,0,0,0,0,0,0,0,0,0,0,0,0,0,0,61,0,0,0,0,0,0,0,0,0,0,0,0,_stock_graveyard,0,0,0,0,0,0,0,0,0,0,0,0,0,0,0,0,0,0,0,0,0,0,0,0,0,0
114,10018649925317144938,509322,0,0,0,0,0,497185,0,0,0,0,0,0,0,0,0,0,0,0,0,0,0,0,0,0,15263423,0,0,0,1007628,0,0,0,60,0,0,0,0,0,0,1147,0,0,1006537,0,0,stock,0,0,0,0,0,0,0,0,0,0,0,0,0,2807145,0,0,2807147,0,0,0,0,0,1006549,0,0,0
114,10018649925317144938,0,0,0,0,0,0,0,0,0,0,0,0,0,0,0,0,0,0,0,0,0,0,0,0,0,0,0,0,0,0,0,0,0,59,0,0,0,0,0,0,0,0,0,0,0,0,_item_graveyard,0,0,0,0,0,0,0,0,0,0,0,0,0,0,0,0,0,0,0,0,0,0,0,0,0,0
114,10018649925317144938,0,0,0,0,0,0,0,0,0,0,0,0,0,0,0,0,0,0,0,0,0,0,343,0,2399,68818,0,0,0,68624,0,0,0,28,345,908,0,0,0,0,195,0,0,0,0,2710,_history_tree_14_updates,1962,0,0,0,0,0,0,5143,2710,0,0,0,7853,0,0,0,0,0,2399,0,0,0,0,0,0,0
114,10018649925317144938,0,0,0,0,0,0,0,0,0,0,0,0,0,0,0,0,0,0,0,0,0,0,1035,0,9,9532,0,0,0,9516,0,0,0,27,2509,6,0,0,0,0,16,0,0,0,0,2518,_history_tree_13_removes,2956,0,0,0,0,0,0,2526,2517,0,0,0,5043,0,0,0,0,0,9,0,0,0,0,0,0,0
114,10018649925317144938,0,0,0,0,0,0,0,0,0,0,0,0,0,0,0,0,0,0,0,0,0,0,327,0,2416,69470,0,0,0,69244,0,0,0,26,327,915,0,0,0,0,225,0,0,0,0,2661,_history_tree_13_updates,1944,0,0,0,0,0,0,5159,2661,0,0,0,7820,0,0,0,0,0,2416,0,0,0,0,0,0,0
114,10018649925317144938,0,0,0,0,0,0,0,0,0,0,0,0,0,0,0,0,0,0,0,0,0,0,976,0,6,8879,0,0,0,8865,0,0,0,25,2600,1,0,0,0,0,14,0,0,0,0,2607,_history_tree_12_removes,3063,0,0,0,0,0,0,2612,2606,0,0,0,5218,0,0,0,0,0,6,0,0,0,0,0,0,0
114,10018649925317144938,0,0,0,0,0,0,0,0,0,0,0,0,0,0,0,0,0,0,0,0,0,0,337,0,2388,67811,0,0,0,67583,0,0,0,24,337,836,0,0,0,0,225,0,0,0,0,2699,_history_tree_12_updates,2008,0,0,0,0,0,0,5113,2699,0,0,0,7812,0,0,0,0,0,2388,0,0,0,0,0,0,0
114,10018649925317144938,0,0,0,0,0,0,0,0,0,0,0,0,0,0,0,0,0,0,0,0,0,0,980,0,10,9436,0,0,0,9420,0,0,0,23,2560,6,0,0,0,0,16,0,0,0,0,2570,_history_tree_11_removes,2991,0,0,0,0,0,0,2581,2571,0,0,0,5152,0,0,0,0,0,10,0,0,0,0,0,0,0
114,10018649925317144938,0,0,0,0,0,0,0,0,0,0,0,0,0,0,0,0,0,0,0,0,0,0,380,0,2399,68832,0,0,0,68665,0,0,0,22,380,902,0,0,0,0,166,0,0,0,0,2721,_history_tree_11_updates,1991,0,0,0,0,0,0,5181,2721,0,0,0,7902,0,0,0,0,0,2401,0,0,0,0,0,0,0
114,10018649925317144938,0,0,0,0,0,0,0,0,0,0,0,0,0,0,0,0,0,0,0,0,0,0,974,0,8,9066,0,0,0,9051,0,0,0,21,2629,4,0,0,0,0,15,0,0,0,0,2638,_history_tree_10_removes,3076,0,0,0,0,0,0,2646,2638,0,0,0,5284,0,0,0,0,0,8,0,0,0,0,0,0,0
114,10018649925317144938,0,0,0,0,0,0,0,0,0,0,0,0,0,0,0,0,0,0,0,0,0,0,348,0,2396,68268,0,0,0,68064,0,0,0,20,348,850,0,0,0,0,203,0,0,0,0,2676,_history_tree_10_updates,2023,0,0,0,0,0,0,5139,2676,0,0,0,7815,0,0,0,0,0,2395,0,0,0,0,0,0,0
114,10018649925317144938,0,0,0,0,0,0,0,0,0,0,0,0,0,0,0,0,0,0,0,0,0,0,989,0,11,9435,0,0,0,9419,0,0,0,19,2542,6,0,0,0,0,16,0,0,0,0,2553,_history_tree_9_removes,2985,0,0,0,0,0,0,2564,2553,0,0,0,5115,0,0,0,0,0,11,0,0,0,0,0,0,0
114,10018649925317144938,0,0,0,0,0,0,0,0,0,0,0,0,0,0,0,0,0,0,0,0,0,0,327,0,2431,69649,0,0,0,69441,0,0,0,18,327,916,0,0,0,0,208,0,0,0,0,2674,_history_tree_9_updates,1954,0,0,0,0,0,0,5188,2674,0,0,0,7862,0,0,0,0,0,2429,0,0,0,0,0,0,0
114,10018649925317144938,0,0,0,0,0,0,0,0,0,0,0,0,0,0,0,0,0,0,0,0,0,0,920,0,9,8880,0,0,0,8861,0,0,0,17,2510,2,0,0,0,0,18,0,0,0,0,2519,_history_tree_8_removes,2949,0,0,0,0,0,0,2528,2519,0,0,0,5047,0,0,0,0,0,9,0,0,0,0,0,0,0
114,10018649925317144938,0,0,0,0,0,0,0,0,0,0,0,0,0,0,0,0,0,0,0,0,0,0,348,0,2378,67580,0,0,0,67369,0,0,0,16,348,891,0,0,0,0,210,0,0,0,0,2680,_history_tree_8_updates,1966,0,0,0,0,0,0,5104,2680,0,0,0,7784,0,0,0,0,0,2378,0,0,0,0,0,0,0
114,10018649925317144938,0,0,0,0,0,0,0,0,0,0,0,0,0,0,0,0,0,0,0,0,0,0,949,0,10,9081,0,0,0,9064,0,0,0,15,2599,4,0,0,0,0,17,0,0,0,0,2609,_history_tree_7_removes,3030,0,0,0,0,0,0,2619,2609,0,0,0,5228,0,0,0,0,0,10,0,0,0,0,0,0,0
114,10018649925317144938,0,0,0,0,0,0,0,0,0,0,0,0,0,0,0,0,0,0,0,0,0,0,344,0,2370,67598,0,0,0,67369,0,0,0,14,344,828,0,0,0,0,227,0,0,0,0,2692,_history_tree_7_updates,1996,0,0,0,0,0,0,5086,2692,0,0,0,7778,0,0,0,0,0,2372,0,0,0,0,0,0,0
114,10018649925317144938,0,0,0,0,0,0,0,0,0,0,0,0,0,0,0,0,0,0,0,0,0,0,949,0,10,9164,0,0,0,9151,0,0,0,13,2601,7,0,0,0,0,13,0,0,0,0,2611,_history_tree_6_removes,3045,0,0,0,0,0,0,2621,2611,0,0,0,5232,0,0,0,0,0,10,0,0,0,0,0,0,0
114,10018649925317144938,0,0,0,0,0,0,0,0,0,0,0,0,0,22574084,23114773,0,0,0,0,0,0,0,322,0,2410,69145,0,0,0,68875,0,0,0,0,322,876,0,0,0,0,265,0,0,0,0,2642,_history_tree_0_updates,1975,0,1512169,0,0,0,0,5142,2642,0,0,0,7784,0,0,0,0,0,2410,0,0,0,0,720383,0,0
114,10018649925317144938,0,0,0,0,0,0,0,0,0,0,0,0,0,0,0,0,0,0,0,0,0,0,983,0,9,9432,0,0,0,9418,0,0,0,1,2560,6,0,0,0,0,14,0,0,0,0,2569,_history_tree_0_removes,2988,0,0,0,0,0,0,2578,2569,0,0,0,5147,0,0,0,0,0,9,0,0,0,0,0,0,0
114,10018649925317144938,0,0,0,0,0,0,0,0,0,0,0,0,0,0,0,0,0,0,0,0,0,0,323,0,2396,68633,0,0,0,68397,0,0,0,2,323,823,0,0,0,0,235,0,0,0,0,2679,_history_tree_1_updates,2011,0,0,0,0,0,0,5116,2679,0,0,0,7795,0,0,0,0,0,2396,0,0,0,0,0,0,0
114,10018649925317144938,0,0,0,0,0,0,0,0,0,0,0,0,0,0,0,0,0,0,0,0,0,0,980,0,8,9284,0,0,0,9267,0,0,0,3,2623,4,0,0,0,0,17,0,0,0,0,2631,_history_tree_1_removes,3067,0,0,0,0,0,0,2639,2630,0,0,0,5268,0,0,0,0,0,8,0,0,0,0,0,0,0
114,10018649925317144938,0,0,0,0,0,0,0,0,0,0,0,0,0,0,0,0,0,0,0,0,0,0,301,0,2417,69028,0,0,0,68797,0,0,0,4,301,850,0,0,0,0,231,0,0,0,0,2662,_history_tree_2_updates,1995,0,0,0,0,0,0,5135,2662,0,0,0,7797,0,0,0,0,0,2417,0,0,0,0,0,0,0
114,10018649925317144938,0,0,0,0,0,0,0,0,0,0,0,0,0,0,0,0,0,0,0,0,0,0,1001,0,6,9263,0,0,0,9250,0,0,0,5,2619,3,0,0,0,0,13,0,0,0,0,2625,_history_tree_2_removes,3071,0,0,0,0,0,0,2631,2625,0,0,0,5254,0,0,0,0,0,6,0,0,0,0,0,0,0
114,10018649925317144938,0,0,0,0,0,0,0,0,0,0,0,0,0,0,0,0,0,0,0,0,0,0,363,0,2407,68836,0,0,0,68610,0,0,0,6,363,915,0,0,0,0,223,0,0,0,0,2639,_history_tree_3_updates,1979,0,0,0,0,0,0,5177,2639,0,0,0,7816,0,0,0,0,0,2407,0,0,0,0,0,0,0
114,10018649925317144938,0,0,0,0,0,0,0,0,0,0,0,0,0,0,0,0,0,0,0,0,0,0,967,0,11,9192,0,0,0,9184,0,0,0,7,2500,8,0,0,0,0,8,0,0,0,0,2511,_history_tree_3_removes,2939,0,0,0,0,0,0,2522,2511,0,0,0,5033,0,0,0,0,0,11,0,0,0,0,0,0,0
114,10018649925317144938,0,0,0,0,0,0,0,0,0,0,0,0,0,0,0,0,0,0,0,0,0,0,299,0,2387,68582,0,0,0,68370,0,0,0,8,299,846,0,0,0,0,212,0,0,0,0,2677,_history_tree_4_updates,1981,0,0,0,0,0,0,5075,2677,0,0,0,7752,0,0,0,0,0,2389,0,0,0,0,0,0,0
114,10018649925317144938,0,0,0,0,0,0,0,0,0,0,0,0,0,0,0,0,0,0,0,0,0,0,1009,0,9,9309,0,0,0,9295,0,0,0,9,2560,4,0,0,0,0,14,0,0,0,0,2569,_history_tree_4_removes,3028,0,0,0,0,0,0,2578,2569,0,0,0,5147,0,0,0,0,0,9,0,0,0,0,0,0,0
114,10018649925317144938,0,0,0,0,0,0,0,0,0,0,0,0,0,0,0,0,0,0,0,0,0,0,302,0,2373,67566,0,0,0,67346,0,0,0,10,302,811,0,0,0,0,218,0,0,0,0,2673,_history_tree_5_updates,1977,0,0,0,0,0,0,5048,2673,0,0,0,7721,0,0,0,0,0,2373,0,0,0,0,0,0,0
114,10018649925317144938,0,0,0,0,0,0,0,0,0,0,0,0,0,0,0,0,0,0,0,0,0,0,923,0,7,8925,0,0,0,8916,0,0,0,11,2641,2,0,0,0,0,9,0,0,0,0,2648,_history_tree_5_removes,3057,0,0,0,0,0,0,2655,2648,0,0,0,5303,0,0,0,0,0,7,0,0,0,0,0,0,0
114,10018649925317144938,0,0,0,0,0,0,0,0,0,0,0,0,0,0,0,0,0,0,0,0,0,0,340,0,2404,68533,0,0,0,68353,0,0,0,12,340,877,0,0,0,0,182,0,0,0,0,2604,_history_tree_6_updates,1992,0,0,0,0,0,0,5145,2604,0,0,0,7749,0,0,0,0,0,2401,0,0,0,0,0,0,0
114,10018649925317144938,0,0,0,0,0,0,0,0,0,0,0,0,0,0,0,0,0,0,0,0,0,0,988,0,8,9323,0,0,0,9311,0,0,0,29,2471,2,0,0,0,0,12,0,0,0,0,2478,_history_tree_14_removes,2949,0,0,0,0,0,0,2486,2478,0,0,0,4964,0,0,0,0,0,8,0,0,0,0,0,0,0
114,10018649925317144938,0,0,0,0,0,0,0,0,0,0,0,0,0,0,0,0,0,0,0,0,0,0,340,0,2426,69715,0,0,0,69489,0,0,0,30,340,916,0,0,0,0,228,0,0,0,0,2690,_history_tree_15_updates,1974,0,0,0,0,0,0,5189,2690,0,0,0,7880,0,0,0,0,0,2423,0,0,0,0,0,0,0
114,10018649925317144938,0,0,0,0,0,0,0,0,0,0,0,0,0,0,0,0,0,0,0,0,0,0,997,0,10,9518,0,0,0,9506,0,0,0,31,2510,5,0,0,0,0,12,0,0,0,0,2520,_history_tree_15_removes,2964,0,0,0,0,0,0,2531,2521,0,0,0,5052,0,0,0,0,0,10,0,0,0,0,0,0,0
114,10018649925317144938,0,0,0,0,0,0,0,0,0,0,0,0,0,0,0,0,0,0,0,0,0,0,315,0,2369,67841,0,0,0,67631,0,0,0,32,315,831,0,0,0,0,209,0,0,0,0,2664,_history_tree_16_updates,1971,0,0,0,0,0,0,5053,2664,0,0,0,7717,0,0,0,0,0,2369,0,0,0,0,0,0,0
114,10018649925317144938,0,0,0,0,0,0,0,0,0,0,0,0,0,0,0,0,0,0,0,0,0,0,994,0,7,9255,0,0,0,9244,0,0,0,33,2578,2,0,0,0,0,11,0,0,0,0,2585,_history_tree_16_removes,3025,0,0,0,0,0,0,2592,2585,0,0,0,5177,0,0,0,0,0,7,0,0,0,0,0,0,0
114,10018649925317144938,0,0,0,0,0,0,0,0,0,0,0,0,0,0,0,0,0,0,0,0,0,0,365,0,2364,143182,0,0,0,71389,0,0,0,34,10198,2723,0,0,0,0,204,0,0,0,0,6123,_history_tree_17_updates,3863,0,0,0,0,0,0,14928,12244,2,0,0,21051,0,0,0,0,0,2363,0,0,0,0,0,0,0
114,10018649925317144938,0,0,0,0,0,0,0,0,0,0,0,0,0,0,0,0,0,0,0,0,0,0,776,0,21,8924,0,0,0,8905,0,0,0,35,2378,14,0,0,0,0,19,0,0,0,0,2399,_history_tree_17_removes,2805,0,0,0,0,0,0,2420,2399,0,0,0,4819,0,0,0,0,0,21,0,0,0,0,0,0,0
114,10018649925317144938,0,0,0,0,0,0,0,0,0,0,0,0,0,0,0,0,0,0,0,0,0,0,357,0,2345,66789,0,0,0,66575,0,0,0,36,357,796,0,0,0,0,214,0,0,0,0,2684,_history_tree_18_updates,2034,0,0,0,0,0,0,5048,2684,0,0,0,7732,0,0,0,0,0,2345,0,0,0,0,0,0,0
114,10018649925317144938,0,0,0,0,0,0,0,0,0,0,0,0,0,0,0,0,0,0,0,0,0,0,914,0,7,8791,0,0,0,8774,0,0,0,37,2593,1,0,0,0,0,17,0,0,0,0,2600,_history_tree_18_removes,3048,0,0,0,0,0,0,2607,2600,0,0,0,5207,0,0,0,0,0,7,0,0,0,0,0,0,0
114,10018649925317144938,0,0,0,0,0,0,0,0,0,0,0,0,0,0,0,0,0,0,0,0,0,0,322,0,2347,67396,0,0,0,67169,0,0,0,38,322,762,0,0,0,0,227,0,0,0,0,2639,_history_tree_19_updates,2045,0,0,0,0,0,0,5015,2639,0,0,0,7654,0,0,0,0,0,2346,0,0,0,0,0,0,0
114,10018649925317144938,0,0,0,0,0,0,0,0,0,0,0,0,0,0,0,0,0,0,0,0,0,0,1062,0,4,9320,0,0,0,9308,0,0,0,39,2657,2,0,0,0,0,12,0,0,0,0,2661,_history_tree_19_removes,3138,0,0,0,0,0,0,2665,2661,0,0,0,5326,0,0,0,0,0,4,0,0,0,0,0,0,0
114,10018649925317144938,50220,0,0,0,0,0,45873,0,0,0,0,0,0,0,0,0,0,0,0,0,0,0,0,0,0,299592,0,0,0,98147,0,0,0,40,0,0,0,0,0,0,2147,0,0,96099,0,0,warehouse,0,0,0,0,0,0,0,0,0,0,0,0,0,199045,0,0,199043,0,0,0,0,0,96097,0,0,0
114,10018649925317144938,0,0,0,0,0,0,0,0,0,0,0,0,0,0,0,0,0,0,0,0,0,0,0,0,0,0,0,0,0,0,0,0,0,41,0,0,0,0,0,0,0,0,0,0,0,0,_warehouse_graveyard,0,0,0,0,0,0,0,0,0,0,0,0,0,0,0,0,0,0,0,0,0,0,0,0,0,0
114,10018649925317144938,98464,0,0,0,0,0,97466,0,0,0,0,0,0,0,0,0,0,0,0,0,0,0,0,0,1,304299,0,0,0,198117,0,0,0,42,0,0,0,0,0,0,1004,0,0,195937,0,0,district,0,0,0,0,0,0,0,1,0,0,0,0,1,105136,0,0,105137,1,0,0,0,0,195938,0,0,0
114,10018649925317144938,0,0,0,0,0,0,0,0,0,0,0,0,0,0,0,0,0,0,0,0,0,0,0,0,0,0,0,0,0,0,0,0,0,43,0,0,0,0,0,0,0,0,0,0,0,0,_district_graveyard,0,0,0,0,0,0,0,0,0,0,0,0,0,0,0,0,0,0,0,0,0,0,0,0,0,0
114,10018649925317144938,63686,0,0,0,0,0,59847,0,0,0,0,0,0,0,0,0,0,0,0,0,0,0,0,0,0,801027,0,0,0,123548,0,0,0,44,0,0,0,0,0,0,14,0,0,123540,0,0,customer,0,0,0,0,0,0,0,0,0,0,0,0,0,143439,0,0,143436,0,0,0,0,0,123545,0,0,0
114,10018649925317144938,0,0,0,0,0,0,0,0,0,0,0,0,0,0,0,0,0,0,0,0,0,0,0,0,0,0,0,0,0,0,0,0,0,45,0,0,0,0,0,0,0,0,0,0,0,0,_customer_graveyard,0,0,0,0,0,0,0,0,0,0,0,0,0,0,0,0,0,0,0,0,0,0,0,0,0,0
114,10018649925317144938,0,0,0,0,0,0,0,0,0,0,0,0,0,0,0,0,0,0,0,0,0,0,0,0,0,187671,0,0,0,0,0,0,0,46,0,0,0,0,0,0,62558,0,0,0,0,0,customerwdl,0,0,0,0,0,0,0,0,0,0,0,62563,0,62564,0,0,62567,0,0,0,0,0,0,0,0,0
114,10018649925317144938,0,0,0,0,0,0,0,0,0,0,0,0,0,0,0,0,0,0,0,0,0,0,0,0,0,0,0,0,0,0,0,0,0,47,0,0,0,0,0,0,0,0,0,0,0,0,_customerwdl_graveyard,0,0,0,0,0,0,0,0,0,0,0,0,0,0,0,0,0,0,0,0,0,0,0,0,0,0
114,10018649925317144938,0,0,0,0,0,0,0,0,0,0,0,0,0,0,0,0,0,0,0,0,0,0,0,0,2263,120828,0,0,0,40276,0,0,0,48,0,0,0,0,0,0,0,0,0,0,0,0,history,0,0,0,0,0,0,0,2290,0,0,0,0,2290,0,0,0,0,0,0,0,0,0,0,0,0,0
114,10018649925317144938,0,0,0,0,0,0,0,0,0,0,0,0,0,0,0,0,0,0,0,0,0,0,0,0,0,0,0,0,0,0,0,0,0,49,0,0,0,0,0,0,0,0,0,0,0,0,_history_graveyard,0,0,0,0,0,0,0,0,0,0,0,0,0,0,0,0,0,0,0,0,0,0,0,0,0,0
114,10018649925317144938,42855,85507,0,85507,0,0,42722,0,0,0,0,0,0,0,0,0,0,0,0,0,0,0,48691,0,2137,1179152,0,0,0,274440,0,14194,0,50,148,0,0,0,0,0,118580,0,0,0,0,0,neworder,95593,14194,0,0,0,0,0,4097,148,4,0,85860,4099,100054,0,0,100055,0,1800,0,0,0,0,0,0,0
114,10018649925317144938,0,0,0,0,0,0,0,0,0,0,0,0,0,0,0,0,0,0,0,0,0,0,0,0,0,0,0,0,0,0,0,0,0,51,0,0,0,0,0,0,0,0,0,0,0,0,_neworder_graveyard,0,0,0,0,0,0,0,0,0,0,0,0,0,0,0,0,0,0,0,0,0,0,0,0,0,0
114,10018649925317144938,43150,0,0,0,0,0,42432,0,0,0,0,0,0,0,0,0,0,0,0,0,0,0,0,0,4391,840226,0,0,0,190892,0,0,0,52,0,0,0,0,0,0,0,0,0,85581,0,0,order,0,0,0,0,0,0,0,4395,0,0,0,0,4395,89183,0,0,89184,0,0,0,0,0,85579,0,0,0
114,10018649925317144938,0,0,0,0,0,0,0,0,0,0,0,0,0,0,0,0,0,0,0,0,0,0,0,0,0,0,0,0,0,0,0,0,0,53,0,0,0,0,0,0,0,0,0,0,0,0,_order_graveyard,0,0,0,0,0,0,0,0,0,0,0,0,0,0,0,0,0,0,0,0,0,0,0,0,0,0
114,10018649925317144938,0,0,0,0,0,0,0,0,0,0,0,0,0,0,0,0,3600,0,0,0,0,0,0,0,1419,317799,0,0,0,102333,0,0,0,54,0,0,0,0,0,0,3600,0,0,0,0,0,order_wdc,0,0,0,0,0,0,0,1438,0,0,0,0,1438,3600,0,0,3600,0,0,0,0,0,0,0,0,0
114,10018649925317144938,0,0,0,0,0,0,0,0,0,0,0,0,0,0,0,0,0,0,0,0,0,0,0,0,0,0,0,0,0,0,0,0,0,55,0,0,0,0,0,0,0,0,0,0,0,0,_order_wdc_graveyard,0,0,0,0,0,0,0,0,0,0,0,0,0,0,0,0,0,0,0,0,0,0,0,0,0,0
114,10018649925317144938,433128,0,0,0,0,0,423263,0,0,0,0,0,0,0,0,0,0,0,0,0,0,0,101263,0,59953,7737367,0,0,0,1921646,0,997,0,56,0,0,0,0,0,0,12694,0,0,856404,0,0,orderline,1841175,997,0,0,0,0,0,60775,0,0,0,12629,60773,1853902,0,0,1853918,0,0,0,0,0,856411,0,0,0
114,10018649925317144938,0,0,0,0,0,0,0,0,0,0,0,0,0,0,0,0,0,0,0,0,0,0,0,0,0,0,0,0,0,0,0,0,0,57,0,0,0,0,0,0,0,0,0,0,0,0,_orderline_graveyard,0,0,0,0,0,0,0,0,0,0,0,0,0,0,0,0,0,0,0,0,0,0,0,0,0,0
114,10018649925317144938,0,0,0,0,0,0,0,0,0,0,0,0,0,0,0,0,0,0,0,0,0,0,0,0,0,2010298,0,0,0,0,0,0,0,58,0,0,0,0,0,0,0,0,0,0,0,0,item,0,0,0,0,0,0,0,0,0,0,0,0,0,1005098,0,0,1005089,0,0,0,0,0,0,0,0,0
115,10018649925317144938,0,0,0,0,0,0,0,0,0,0,0,0,0,0,0,0,0,0,0,0,0,0,0,0,0,0,0,0,0,0,0,0,0,61,0,0,0,0,0,0,0,0,0,0,0,0,_stock_graveyard,0,0,0,0,0,0,0,0,0,0,0,0,0,0,0,0,0,0,0,0,0,0,0,0,0,0
115,10018649925317144938,492321,0,0,0,0,0,480573,0,0,0,0,0,0,0,0,0,0,0,0,0,0,0,0,0,0,14744928,0,0,0,973815,0,0,0,60,0,0,0,0,0,0,987,0,0,972861,0,0,stock,0,0,0,0,0,0,0,0,0,0,0,0,0,2711359,0,0,2711341,0,0,0,0,0,972859,0,0,0
115,10018649925317144938,0,0,0,0,0,0,0,0,0,0,0,0,0,0,0,0,0,0,0,0,0,0,0,0,0,0,0,0,0,0,0,0,0,59,0,0,0,0,0,0,0,0,0,0,0,0,_item_graveyard,0,0,0,0,0,0,0,0,0,0,0,0,0,0,0,0,0,0,0,0,0,0,0,0,0,0
115,10018649925317144938,0,0,0,0,0,0,0,0,0,0,0,0,0,0,0,0,0,0,0,0,0,0,288,0,2321,66073,0,0,0,65864,0,0,0,28,286,815,0,0,0,0,208,0,0,0,0,2559,_history_tree_14_updates,1902,0,0,0,0,0,0,4929,2560,0,0,0,7489,0,0,0,0,0,2321,0,0,0,0,0,0,0
115,10018649925317144938,0,0,0,0,0,0,0,0,0,0,0,0,0,0,0,0,0,0,0,0,0,0,985,0,6,9137,0,0,0,9129,0,0,0,27,2550,1,0,0,0,0,9,0,0,0,0,2556,_history_tree_13_removes,3035,0,0,0,0,0,0,2562,2556,0,0,0,5118,0,0,0,0,0,6,0,0,0,0,0,0,0
115,10018649925317144938,0,0,0,0,0,0,0,0,0,0,0,0,0,0,0,0,0,0,0,0,0,0,284,0,2326,66800,0,0,0,66585,0,0,0,26,284,805,0,0,0,0,215,0,0,0,0,2605,_history_tree_13_updates,1963,0,0,0,0,0,0,4936,2605,0,0,0,7541,0,0,0,0,0,2325,0,0,0,0,0,0,0
115,10018649925317144938,0,0,0,0,0,0,0,0,0,0,0,0,0,0,0,0,0,0,0,0,0,0,986,0,6,9217,0,0,0,9203,0,0,0,25,2503,2,0,0,0,0,14,0,0,0,0,2509,_history_tree_12_removes,2957,0,0,0,0,0,0,2515,2509,0,0,0,5024,0,0,0,0,0,6,0,0,0,0,0,0,0
115,10018649925317144938,0,0,0,0,0,0,0,0,0,0,0,0,0,0,0,0,0,0,0,0,0,0,308,0,2331,66964,0,0,0,66779,0,0,0,24,308,819,0,0,0,0,185,0,0,0,0,2613,_history_tree_12_updates,1940,0,0,0,0,0,0,4968,2613,0,0,0,7581,0,0,0,0,0,2329,0,0,0,0,0,0,0
115,10018649925317144938,0,0,0,0,0,0,0,0,0,0,0,0,0,0,0,0,0,0,0,0,0,0,993,0,7,9219,0,0,0,9205,0,0,0,23,2482,2,0,0,0,0,14,0,0,0,0,2489,_history_tree_11_removes,2914,0,0,0,0,0,0,2495,2488,0,0,0,4983,0,0,0,0,0,7,0,0,0,0,0,0,0
115,10018649925317144938,0,0,0,0,0,0,0,0,0,0,0,0,0,0,0,0,0,0,0,0,0,0,376,0,2344,67327,0,0,0,67112,0,0,0,22,376,847,0,0,0,0,214,0,0,0,0,2695,_history_tree_11_updates,1986,0,0,0,0,0,0,5061,2695,0,0,0,7756,0,0,0,0,0,2343,0,0,0,0,0,0,0
115,10018649925317144938,0,0,0,0,0,0,0,0,0,0,0,0,0,0,0,0,0,0,0,0,0,0,937,0,9,8882,0,0,0,8869,0,0,0,21,2549,2,0,0,0,0,13,0,0,0,0,2558,_history_tree_10_removes,2987,0,0,0,0,0,0,2567,2558,0,0,0,5125,0,0,0,0,0,9,0,0,0,0,0,0,0
115,10018649925317144938,0,0,0,0,0,0,0,0,0,0,0,0,0,0,0,0,0,0,0,0,0,0,353,0,2309,66048,0,0,0,65833,0,0,0,20,353,809,0,0,0,0,212,0,0,0,0,2634,_history_tree_10_updates,1982,0,0,0,0,0,0,4973,2634,0,0,0,7607,0,0,0,0,0,2311,0,0,0,0,0,0,0
115,10018649925317144938,0,0,0,0,0,0,0,0,0,0,0,0,0,0,0,0,0,0,0,0,0,0,966,0,7,9024,0,0,0,9009,0,0,0,19,2494,1,0,0,0,0,15,0,0,0,0,2501,_history_tree_9_removes,2926,0,0,0,0,0,0,2508,2501,0,0,0,5009,0,0,0,0,0,7,0,0,0,0,0,0,0
115,10018649925317144938,0,0,0,0,0,0,0,0,0,0,0,0,0,0,0,0,0,0,0,0,0,0,302,0,2308,66173,0,0,0,65947,0,0,0,18,302,820,0,0,0,0,225,0,0,0,0,2591,_history_tree_9_updates,1900,0,0,0,0,0,0,4918,2591,0,0,0,7509,0,0,0,0,0,2309,0,0,0,0,0,0,0
115,10018649925317144938,0,0,0,0,0,0,0,0,0,0,0,0,0,0,0,0,0,0,0,0,0,0,1007,0,5,9310,0,0,0,9299,0,0,0,17,2512,1,0,0,0,0,11,0,0,0,0,2517,_history_tree_8_removes,2951,0,0,0,0,0,0,2523,2518,0,0,0,5041,0,0,0,0,0,5,0,0,0,0,0,0,0
115,10018649925317144938,0,0,0,0,0,0,0,0,0,0,0,0,0,0,0,0,0,0,0,0,0,0,335,0,2339,67244,0,0,0,67047,0,0,0,16,335,834,0,0,0,0,196,0,0,0,0,2664,_history_tree_8_updates,1954,0,0,0,0,0,0,5012,2664,0,0,0,7676,0,0,0,0,0,2338,0,0,0,0,0,0,0
115,10018649925317144938,0,0,0,0,0,0,0,0,0,0,0,0,0,0,0,0,0,0,0,0,0,0,980,0,9,9129,0,0,0,9117,0,0,0,15,2521,4,0,0,0,0,12,0,0,0,0,2530,_history_tree_7_removes,2991,0,0,0,0,0,0,2539,2530,0,0,0,5069,0,0,0,0,0,9,0,0,0,0,0,0,0
115,10018649925317144938,0,0,0,0,0,0,0,0,0,0,0,0,0,0,0,0,0,0,0,0,0,0,309,0,2372,67784,0,0,0,67587,0,0,0,14,309,874,0,0,0,0,198,0,0,0,0,2621,_history_tree_7_updates,1937,0,0,0,0,0,0,5053,2621,0,0,0,7674,0,0,0,0,0,2372,0,0,0,0,0,0,0
115,10018649925317144938,0,0,0,0,0,0,0,0,0,0,0,0,0,0,0,0,0,0,0,0,0,0,981,0,5,8957,0,0,0,8947,0,0,0,13,2581,1,0,0,0,0,10,0,0,0,0,2586,_history_tree_6_removes,3015,0,0,0,0,0,0,2591,2586,0,0,0,5177,0,0,0,0,0,5,0,0,0,0,0,0,0
115,10018649925317144938,0,0,0,0,0,0,0,0,0,0,0,0,0,21901791,22422762,0,0,0,0,0,0,0,307,0,2330,67240,0,0,0,66999,0,0,0,0,307,844,0,0,0,0,242,0,0,0,0,2599,_history_tree_0_updates,1929,0,1478901,0,0,0,0,4968,2599,0,0,0,7567,0,0,0,0,0,2330,0,0,0,0,704301,0,0
115,10018649925317144938,0,0,0,0,0,0,0,0,0,0,0,0,0,0,0,0,0,0,0,0,0,0,1021,0,7,9348,0,0,0,9338,0,0,0,1,2481,3,0,0,0,0,10,0,0,0,0,2488,_history_tree_0_removes,2954,0,0,0,0,0,0,2495,2488,0,0,0,4983,0,0,0,0,0,7,0,0,0,0,0,0,0
115,10018649925317144938,0,0,0,0,0,0,0,0,0,0,0,0,0,0,0,0,0,0,0,0,0,0,298,0,2308,65954,0,0,0,65717,0,0,0,2,298,816,0,0,0,0,234,0,0,0,0,2576,_history_tree_1_updates,1909,0,0,0,0,0,0,4912,2576,0,0,0,7488,0,0,0,0,0,2307,0,0,0,0,0,0,0
115,10018649925317144938,0,0,0,0,0,0,0,0,0,0,0,0,0,0,0,0,0,0,0,0,0,0,903,0,9,8915,0,0,0,8901,0,0,0,3,2510,3,0,0,0,0,14,0,0,0,0,2519,_history_tree_1_removes,2919,0,0,0,0,0,0,2528,2519,0,0,0,5047,0,0,0,0,0,9,0,0,0,0,0,0,0
115,10018649925317144938,0,0,0,0,0,0,0,0,0,0,0,0,0,0,0,0,0,0,0,0,0,0,314,0,2307,66133,0,0,0,65898,0,0,0,4,314,802,0,0,0,0,234,0,0,0,0,2604,_history_tree_2_updates,1945,0,0,0,0,0,0,4928,2604,0,0,0,7532,0,0,0,0,0,2307,0,0,0,0,0,0,0
115,10018649925317144938,0,0,0,0,0,0,0,0,0,0,0,0,0,0,0,0,0,0,0,0,0,0,965,0,6,8916,0,0,0,8905,0,0,0,5,2511,2,0,0,0,0,11,0,0,0,0,2517,_history_tree_2_removes,2966,0,0,0,0,0,0,2523,2517,0,0,0,5040,0,0,0,0,0,6,0,0,0,0,0,0,0
115,10018649925317144938,0,0,0,0,0,0,0,0,0,0,0,0,0,0,0,0,0,0,0,0,0,0,341,0,2312,66685,0,0,0,66462,0,0,0,6,341,807,0,0,0,0,222,0,0,0,0,2620,_history_tree_3_updates,1961,0,0,0,0,0,0,4965,2620,0,0,0,7585,0,0,0,0,0,2312,0,0,0,0,0,0,0
115,10018649925317144938,0,0,0,0,0,0,0,0,0,0,0,0,0,0,0,0,0,0,0,0,0,0,991,0,5,9278,0,0,0,9263,0,0,0,7,2480,1,0,0,0,0,15,0,0,0,0,2485,_history_tree_3_removes,2914,0,0,0,0,0,0,2490,2485,0,0,0,4975,0,0,0,0,0,5,0,0,0,0,0,0,0
115,10018649925317144938,0,0,0,0,0,0,0,0,0,0,0,0,0,0,0,0,0,0,0,0,0,0,322,0,2334,66975,0,0,0,66765,0,0,0,8,324,838,0,0,0,0,205,0,0,0,0,2625,_history_tree_4_updates,1930,0,0,0,0,0,0,4992,2625,0,0,0,7617,0,0,0,0,0,2333,0,0,0,0,0,0,0
115,10018649925317144938,0,0,0,0,0,0,0,0,0,0,0,0,0,0,0,0,0,0,0,0,0,0,965,0,9,9154,0,0,0,9141,0,0,0,9,2502,2,0,0,0,0,13,0,0,0,0,2511,_history_tree_4_removes,2943,0,0,0,0,0,0,2520,2511,0,0,0,5031,0,0,0,0,0,9,0,0,0,0,0,0,0
115,10018649925317144938,0,0,0,0,0,0,0,0,0,0,0,0,0,0,0,0,0,0,0,0,0,0,318,0,2337,67241,0,0,0,67047,0,0,0,10,318,833,0,0,0,0,193,0,0,0,0,2647,_history_tree_5_updates,1936,0,0,0,0,0,0,4993,2647,0,0,0,7640,0,0,0,0,0,2338,0,0,0,0,0,0,0
115,10018649925317144938,0,0,0,0,0,0,0,0,0,0,0,0,0,0,0,0,0,0,0,0,0,0,1004,0,9,9372,0,0,0,9361,0,0,0,11,2492,1,0,0,0,0,11,0,0,0,0,2501,_history_tree_5_removes,2914,0,0,0,0,0,0,2510,2502,0,0,0,5013,0,0,0,0,0,9,0,0,0,0,0,0,0
115,10018649925317144938,0,0,0,0,0,0,0,0,0,0,0,0,0,0,0,0,0,0,0,0,0,0,337,0,2312,66070,0,0,0,65909,0,0,0,12,337,795,0,0,0,0,159,0,0,0,0,2613,_history_tree_6_updates,1989,0,0,0,0,0,0,4963,2613,0,0,0,7576,0,0,0,0,0,2314,0,0,0,0,0,0,0
115,10018649925317144938,0,0,0,0,0,0,0,0,0,0,0,0,0,0,0,0,0,0,0,0,0,0,905,0,8,8701,0,0,0,8689,0,0,0,29,2522,3,0,0,0,0,12,0,0,0,0,2530,_history_tree_14_removes,2937,0,0,0,0,0,0,2538,2530,0,0,0,5068,0,0,0,0,0,8,0,0,0,0,0,0,0
115,10018649925317144938,0,0,0,0,0,0,0,0,0,0,0,0,0,0,0,0,0,0,0,0,0,0,314,0,2317,66554,0,0,0,66324,0,0,0,30,314,812,0,0,0,0,228,0,0,0,0,2622,_history_tree_15_updates,1957,0,0,0,0,0,0,4950,2622,0,0,0,7571,0,0,0,0,0,2319,0,0,0,0,0,0,0
115,10018649925317144938,0,0,0,0,0,0,0,0,0,0,0,0,0,0,0,0,0,0,0,0,0,0,1016,0,7,9205,0,0,0,9182,0,0,0,31,2528,2,0,0,0,0,23,0,0,0,0,2535,_history_tree_15_removes,2980,0,0,0,0,0,0,2541,2534,0,0,0,5075,0,0,0,0,0,7,0,0,0,0,0,0,0
115,10018649925317144938,0,0,0,0,0,0,0,0,0,0,0,0,0,0,0,0,0,0,0,0,0,0,339,0,2360,67687,0,0,0,67484,0,0,0,32,339,871,0,0,0,0,203,0,0,0,0,2668,_history_tree_16_updates,1936,0,0,0,0,0,0,5057,2668,0,0,0,7725,0,0,0,0,0,2358,0,0,0,0,0,0,0
115,10018649925317144938,0,0,0,0,0,0,0,0,0,0,0,0,0,0,0,0,0,0,0,0,0,0,991,0,7,9154,0,0,0,9133,0,0,0,33,2493,1,0,0,0,0,21,0,0,0,0,2500,_history_tree_16_removes,2945,0,0,0,0,0,0,2507,2500,0,0,0,5007,0,0,0,0,0,7,0,0,0,0,0,0,0
115,10018649925317144938,0,0,0,0,0,0,0,0,0,0,0,0,0,0,0,0,0,0,0,0,0,0,355,0,2373,143522,0,0,0,71566,0,0,0,34,10255,2724,0,0,0,0,193,0,0,0,0,6163,_history_tree_17_updates,3853,0,0,0,0,0,0,15004,12323,3,0,0,21167,0,0,0,0,0,2374,0,0,0,0,0,0,0
115,10018649925317144938,0,0,0,0,0,0,0,0,0,0,0,0,0,0,0,0,0,0,0,0,0,0,768,0,24,8901,0,0,0,8884,0,0,0,35,2386,15,0,0,0,0,17,0,0,0,0,2410,_history_tree_17_removes,2798,0,0,0,0,0,0,2434,2410,0,0,0,4844,0,0,0,0,0,24,0,0,0,0,0,0,0
115,10018649925317144938,0,0,0,0,0,0,0,0,0,0,0,0,0,0,0,0,0,0,0,0,0,0,336,0,2349,67021,0,0,0,66813,0,0,0,36,336,855,0,0,0,0,208,0,0,0,0,2615,_history_tree_18_updates,1952,0,0,0,0,0,0,5033,2615,0,0,0,7648,0,0,0,0,0,2349,0,0,0,0,0,0,0
115,10018649925317144938,0,0,0,0,0,0,0,0,0,0,0,0,0,0,0,0,0,0,0,0,0,0,952,0,9,8959,0,0,0,8941,0,0,0,37,2477,3,0,0,0,0,18,0,0,0,0,2486,_history_tree_18_removes,2910,0,0,0,0,0,0,2495,2486,0,0,0,4981,0,0,0,0,0,9,0,0,0,0,0,0,0
115,10018649925317144938,0,0,0,0,0,0,0,0,0,0,0,0,0,0,0,0,0,0,0,0,0,0,297,0,2380,68338,0,0,0,68157,0,0,0,38,297,884,0,0,0,0,181,0,0,0,0,2601,_history_tree_19_updates,1925,0,0,0,0,0,0,5056,2601,0,0,0,7657,0,0,0,0,0,2379,0,0,0,0,0,0,0
115,10018649925317144938,0,0,0,0,0,0,0,0,0,0,0,0,0,0,0,0,0,0,0,0,0,0,1019,0,7,9366,0,0,0,9348,0,0,0,39,2483,4,0,0,0,0,18,0,0,0,0,2490,_history_tree_19_removes,2945,0,0,0,0,0,0,2497,2490,0,0,0,4987,0,0,0,0,0,7,0,0,0,0,0,0,0
115,10018649925317144938,48238,0,0,0,0,0,44854,0,0,0,0,0,0,0,0,0,0,0,0,0,0,0,0,0,0,290142,0,0,0,95093,0,0,0,40,0,0,0,0,0,0,2153,0,0,93083,0,0,warehouse,0,0,0,0,0,0,0,0,0,0,0,0,0,192616,0,0,192617,0,0,0,0,0,93082,0,0,0
115,10018649925317144938,0,0,0,0,0,0,0,0,0,0,0,0,0,0,0,0,0,0,0,0,0,0,0,0,0,0,0,0,0,0,0,0,0,41,0,0,0,0,0,0,0,0,0,0,0,0,_warehouse_graveyard,0,0,0,0,0,0,0,0,0,0,0,0,0,0,0,0,0,0,0,0,0,0,0,0,0,0
115,10018649925317144938,95836,0,0,0,0,0,93699,0,0,0,0,0,0,0,0,0,0,0,0,0,0,0,0,0,0,294497,0,0,0,191672,0,0,0,42,0,0,0,0,0,0,1006,0,0,189526,0,0,district,0,0,0,0,0,0,0,0,0,0,0,0,0,101752,0,0,101750,0,0,0,0,0,189528,0,0,0
115,10018649925317144938,0,0,0,0,0,0,0,0,0,0,0,0,0,0,0,0,0,0,0,0,0,0,0,0,0,0,0,0,0,0,0,0,0,43,0,0,0,0,0,0,0,0,0,0,0,0,_district_graveyard,0,0,0,0,0,0,0,0,0,0,0,0,0,0,0,0,0,0,0,0,0,0,0,0,0,0
115,10018649925317144938,62655,0,0,0,0,0,59449,0,0,0,0,0,0,0,0,0,0,0,0,0,0,0,0,0,0,782612,0,0,0,122102,0,0,0,44,0,0,0,0,0,0,8,0,0,122096,0,0,customer,0,0,0,0,0,0,0,0,0,0,0,0,0,138763,0,0,138763,0,0,0,0,0,122095,0,0,0
115,10018649925317144938,0,0,0,0,0,0,0,0,0,0,0,0,0,0,0,0,0,0,0,0,0,0,0,0,0,0,0,0,0,0,0,0,0,45,0,0,0,0,0,0,0,0,0,0,0,0,_customer_graveyard,0,0,0,0,0,0,0,0,0,0,0,0,0,0,0,0,0,0,0,0,0,0,0,0,0,0
115,10018649925317144938,0,0,0,0,0,0,0,0,0,0,0,0,0,0,0,0,0,0,0,0,0,0,0,0,0,181752,0,0,0,0,0,0,0,46,0,0,0,0,0,0,60587,0,0,0,0,0,customerwdl,0,0,0,0,0,0,0,0,0,0,0,60584,0,60583,0,0,60580,0,0,0,0,0,0,0,0,0
115,10018649925317144938,0,0,0,0,0,0,0,0,0,0,0,0,0,0,0,0,0,0,0,0,0,0,0,0,0,0,0,0,0,0,0,0,0,47,0,0,0,0,0,0,0,0,0,0,0,0,_customerwdl_graveyard,0,0,0,0,0,0,0,0,0,0,0,0,0,0,0,0,0,0,0,0,0,0,0,0,0,0
115,10018649925317144938,0,0,0,0,0,0,0,0,0,0,0,0,0,0,0,0,0,0,0,0,0,0,0,0,2194,117150,0,0,0,39050,0,0,0,48,0,0,0,0,0,0,0,0,0,0,0,0,history,0,0,0,0,0,0,0,2223,0,0,0,0,2223,0,0,0,0,0,0,0,0,0,0,0,0,0
115,10018649925317144938,0,0,0,0,0,0,0,0,0,0,0,0,0,0,0,0,0,0,0,0,0,0,0,0,0,0,0,0,0,0,0,0,0,49,0,0,0,0,0,0,0,0,0,0,0,0,_history_graveyard,0,0,0,0,0,0,0,0,0,0,0,0,0,0,0,0,0,0,0,0,0,0,0,0,0,0
115,10018649925317144938,42677,85249,0,85247,0,0,42558,0,0,0,0,0,0,0,0,0,0,0,0,0,0,0,48300,0,2042,1164936,0,0,0,270338,0,12472,0,50,303,0,0,0,0,0,117949,0,0,0,0,0,neworder,93196,12472,0,0,0,0,0,4156,227,1,0,85518,4157,97991,0,0,97991,0,1806,0,0,0,0,0,0,0
115,10018649925317144938,0,0,0,0,0,0,0,0,0,0,0,0,0,0,0,0,0,0,0,0,0,0,0,0,0,0,0,0,0,0,0,0,0,51,0,0,0,0,0,0,0,0,0,0,0,0,_neworder_graveyard,0,0,0,0,0,0,0,0,0,0,0,0,0,0,0,0,0,0,0,0,0,0,0,0,0,0
115,10018649925317144938,43092,0,0,0,0,0,42142,0,0,0,0,0,0,0,0,0,0,0,0,0,0,0,0,0,4240,827149,0,0,0,187030,0,0,0,52,0,0,0,0,0,0,0,0,0,85245,0,0,order,0,0,0,0,0,0,0,4242,0,0,0,0,4242,88693,0,0,88693,0,0,0,0,0,85248,0,0,0
115,10018649925317144938,0,0,0,0,0,0,0,0,0,0,0,0,0,0,0,0,0,0,0,0,0,0,0,0,0,0,0,0,0,0,0,0,0,53,0,0,0,0,0,0,0,0,0,0,0,0,_order_graveyard,0,0,0,0,0,0,0,0,0,0,0,0,0,0,0,0,0,0,0,0,0,0,0,0,0,0
115,10018649925317144938,0,0,0,0,0,0,0,0,0,0,0,0,0,0,0,0,3446,0,0,0,0,0,0,0,1404,307194,0,0,0,98953,0,0,0,54,0,0,0,0,0,0,3446,0,0,0,0,0,order_wdc,0,0,0,0,0,0,0,1423,0,0,0,0,1423,3446,0,0,3446,0,0,0,0,0,0,0,0,0
115,10018649925317144938,0,0,0,0,0,0,0,0,0,0,0,0,0,0,0,0,0,0,0,0,0,0,0,0,0,0,0,0,0,0,0,0,0,55,0,0,0,0,0,0,0,0,0,0,0,0,_order_wdc_graveyard,0,0,0,0,0,0,0,0,0,0,0,0,0,0,0,0,0,0,0,0,0,0,0,0,0,0
115,10018649925317144938,430600,0,0,0,0,0,420783,0,0,0,0,0,0,0,0,0,0,0,0,0,0,0,97509,0,57930,7574268,0,0,0,1881347,0,944,0,56,0,0,0,0,0,0,12220,0,0,851371,0,0,orderline,1771984,944,0,0,0,0,0,58712,0,0,0,12138,58713,1784066,0,0,1784080,0,0,0,0,0,851369,0,0,0
115,10018649925317144938,0,0,0,0,0,0,0,0,0,0,0,0,0,0,0,0,0,0,0,0,0,0,0,0,0,0,0,0,0,0,0,0,0,57,0,0,0,0,0,0,0,0,0,0,0,0,_orderline_graveyard,0,0,0,0,0,0,0,0,0,0,0,0,0,0,0,0,0,0,0,0,0,0,0,0,0,0
115,10018649925317144938,0,0,0,0,0,0,0,0,0,0,0,0,0,0,0,0,0,0,0,0,0,0,0,0,0,1944110,0,0,0,0,0,0,0,58,0,0,0,0,0,0,0,0,0,0,0,0,item,0,0,0,0,0,0,0,0,0,0,0,0,0,972087,0,0,972091,0,0,0,0,0,0,0,0,0
116,10018649925317144938,0,0,0,0,0,0,0,0,0,0,0,0,0,0,0,0,0,0,0,0,0,0,0,0,0,0,0,0,0,0,0,0,0,61,0,0,0,0,0,0,0,0,0,0,0,0,_stock_graveyard,0,0,0,0,0,0,0,0,0,0,0,0,0,0,0,0,0,0,0,0,0,0,0,0,0,0
116,10018649925317144938,506398,0,0,0,0,0,493484,0,0,0,0,0,0,0,0,0,0,0,0,0,0,0,0,0,0,15236535,0,0,0,1000912,0,0,0,60,0,0,0,0,0,0,1075,0,0,999874,0,0,stock,0,0,0,0,0,0,0,0,0,0,0,0,0,2807210,0,0,2807208,0,0,0,0,0,999887,0,0,0
116,10018649925317144938,0,0,0,0,0,0,0,0,0,0,0,0,0,0,0,0,0,0,0,0,0,0,0,0,0,0,0,0,0,0,0,0,0,59,0,0,0,0,0,0,0,0,0,0,0,0,_item_graveyard,0,0,0,0,0,0,0,0,0,0,0,0,0,0,0,0,0,0,0,0,0,0,0,0,0,0
116,10018649925317144938,0,0,0,0,0,0,0,0,0,0,0,0,0,0,0,0,0,0,0,0,0,0,349,0,2388,68490,0,0,0,68269,0,0,0,28,349,861,0,0,0,0,221,0,0,0,0,2706,_history_tree_14_updates,2008,0,0,0,0,0,0,5124,2705,0,0,0,7829,0,0,0,0,0,2388,0,0,0,0,0,0,0
116,10018649925317144938,0,0,0,0,0,0,0,0,0,0,0,0,0,0,0,0,0,0,0,0,0,0,1046,0,4,9451,0,0,0,9431,0,0,0,27,2640,0,0,0,0,0,19,0,0,0,0,2645,_history_tree_13_removes,3073,0,0,0,0,0,0,2649,2645,0,0,0,5294,0,0,0,0,0,4,0,0,0,0,0,0,0
116,10018649925317144938,0,0,0,0,0,0,0,0,0,0,0,0,0,0,0,0,0,0,0,0,0,0,310,0,2406,68989,0,0,0,68784,0,0,0,26,310,828,0,0,0,0,205,0,0,0,0,2715,_history_tree_13_updates,1995,0,0,0,0,0,0,5121,2715,0,0,0,7836,0,0,0,0,0,2406,0,0,0,0,0,0,0
116,10018649925317144938,0,0,0,0,0,0,0,0,0,0,0,0,0,0,0,0,0,0,0,0,0,0,1066,0,6,9421,0,0,0,9409,0,0,0,25,2647,1,0,0,0,0,12,0,0,0,0,2652,_history_tree_12_removes,3074,0,0,0,0,0,0,2658,2652,0,0,0,5310,0,0,0,0,0,6,0,0,0,0,0,0,0
116,10018649925317144938,0,0,0,0,0,0,0,0,0,0,0,0,0,0,0,0,0,0,0,0,0,0,267,0,2405,69019,0,0,0,68807,0,0,0,24,267,828,0,0,0,0,212,0,0,0,0,2660,_history_tree_12_updates,1937,0,0,0,0,0,0,5076,2660,0,0,0,7736,0,0,0,0,0,2404,0,0,0,0,0,0,0
116,10018649925317144938,0,0,0,0,0,0,0,0,0,0,0,0,0,0,0,0,0,0,0,0,0,0,1078,0,6,9770,0,0,0,9755,0,0,0,23,2586,1,0,0,0,0,15,0,0,0,0,2592,_history_tree_11_removes,3060,0,0,0,0,0,0,2598,2592,0,0,0,5190,0,0,0,0,0,6,0,0,0,0,0,0,0
116,10018649925317144938,0,0,0,0,0,0,0,0,0,0,0,0,0,0,0,0,0,0,0,0,0,0,303,0,2423,69895,0,0,0,69685,0,0,0,22,303,874,0,0,0,0,209,0,0,0,0,2709,_history_tree_11_updates,1977,0,0,0,0,0,0,5151,2709,0,0,0,7860,0,0,0,0,0,2424,0,0,0,0,0,0,0
116,10018649925317144938,0,0,0,0,0,0,0,0,0,0,0,0,0,0,0,0,0,0,0,0,0,0,1053,0,6,9405,0,0,0,9390,0,0,0,21,2657,2,0,0,0,0,15,0,0,0,0,2662,_history_tree_10_removes,3114,0,0,0,0,0,0,2668,2662,0,0,0,5330,0,0,0,0,0,6,0,0,0,0,0,0,0
116,10018649925317144938,0,0,0,0,0,0,0,0,0,0,0,0,0,0,0,0,0,0,0,0,0,0,347,0,2405,68879,0,0,0,68685,0,0,0,20,347,847,0,0,0,0,194,0,0,0,0,2713,_history_tree_10_updates,2020,0,0,0,0,0,0,5156,2713,0,0,0,7869,0,0,0,0,0,2404,0,0,0,0,0,0,0
116,10018649925317144938,0,0,0,0,0,0,0,0,0,0,0,0,0,0,0,0,0,0,0,0,0,0,977,0,9,9329,0,0,0,9319,0,0,0,19,2692,2,0,0,0,0,10,0,0,0,0,2701,_history_tree_9_removes,3145,0,0,0,0,0,0,2710,2701,0,0,0,5411,0,0,0,0,0,9,0,0,0,0,0,0,0
116,10018649925317144938,0,0,0,0,0,0,0,0,0,0,0,0,0,0,0,0,0,0,0,0,0,0,320,0,2404,68817,0,0,0,68580,0,0,0,18,320,820,0,0,0,0,238,0,0,0,0,2689,_history_tree_9_updates,2027,0,0,0,0,0,0,5128,2689,0,0,0,7817,0,0,0,0,0,2404,0,0,0,0,0,0,0
116,10018649925317144938,0,0,0,0,0,0,0,0,0,0,0,0,0,0,0,0,0,0,0,0,0,0,1034,0,6,9378,0,0,0,9364,0,0,0,17,2616,0,0,0,0,0,15,0,0,0,0,2622,_history_tree_8_removes,3048,0,0,0,0,0,0,2627,2621,0,0,0,5248,0,0,0,0,0,6,0,0,0,0,0,0,0
116,10018649925317144938,0,0,0,0,0,0,0,0,0,0,0,0,0,0,0,0,0,0,0,0,0,0,365,0,2406,68902,0,0,0,68714,0,0,0,16,366,884,0,0,0,0,188,0,0,0,0,2770,_history_tree_8_updates,1989,0,0,0,0,0,0,5179,2770,0,0,0,7949,0,0,0,0,0,2407,0,0,0,0,0,0,0
116,10018649925317144938,0,0,0,0,0,0,0,0,0,0,0,0,0,0,0,0,0,0,0,0,0,0,1029,0,7,9366,0,0,0,9357,0,0,0,15,2525,1,0,0,0,0,9,0,0,0,0,2532,_history_tree_7_removes,2969,0,0,0,0,0,0,2539,2532,0,0,0,5071,0,0,0,0,0,7,0,0,0,0,0,0,0
116,10018649925317144938,0,0,0,0,0,0,0,0,0,0,0,0,0,0,0,0,0,0,0,0,0,0,327,0,2372,68106,0,0,0,67922,0,0,0,14,327,839,0,0,0,0,183,0,0,0,0,2672,_history_tree_7_updates,1969,0,0,0,0,0,0,5072,2673,0,0,0,7745,0,0,0,0,0,2373,0,0,0,0,0,0,0
116,10018649925317144938,0,0,0,0,0,0,0,0,0,0,0,0,0,0,0,0,0,0,0,0,0,0,994,0,9,9603,0,0,0,9593,0,0,0,13,2613,5,0,0,0,0,10,0,0,0,0,2622,_history_tree_6_removes,3055,0,0,0,0,0,0,2631,2622,0,0,0,5253,0,0,0,0,0,9,0,0,0,0,0,0,0
116,10018649925317144938,0,0,0,0,0,0,0,0,0,0,0,0,0,22572788,23110687,0,0,0,0,0,0,0,336,0,2418,69082,0,0,0,68884,0,0,0,0,336,877,0,0,0,0,194,0,0,0,0,2671,_history_tree_0_updates,1997,0,1519603,0,0,0,0,5171,2671,0,0,0,7842,0,0,0,0,0,2418,0,0,0,0,722284,0,0
116,10018649925317144938,0,0,0,0,0,0,0,0,0,0,0,0,0,0,0,0,0,0,0,0,0,0,969,0,9,9319,0,0,0,9307,0,0,0,1,2624,5,0,0,0,0,12,0,0,0,0,2633,_history_tree_0_removes,3066,0,0,0,0,0,0,2642,2633,0,0,0,5275,0,0,0,0,0,9,0,0,0,0,0,0,0
116,10018649925317144938,0,0,0,0,0,0,0,0,0,0,0,0,0,0,0,0,0,0,0,0,0,0,326,0,2413,69160,0,0,0,68960,0,0,0,2,326,854,0,0,0,0,201,0,0,0,0,2698,_history_tree_1_updates,2025,0,0,0,0,0,0,5152,2698,0,0,0,7850,0,0,0,0,0,2413,0,0,0,0,0,0,0
116,10018649925317144938,0,0,0,0,0,0,0,0,0,0,0,0,0,0,0,0,0,0,0,0,0,0,1003,0,8,9498,0,0,0,9483,0,0,0,3,2643,2,0,0,0,0,14,0,0,0,0,2651,_history_tree_1_removes,3119,0,0,0,0,0,0,2659,2651,0,0,0,5310,0,0,0,0,0,8,0,0,0,0,0,0,0
116,10018649925317144938,0,0,0,0,0,0,0,0,0,0,0,0,0,0,0,0,0,0,0,0,0,0,301,0,2419,69110,0,0,0,68912,0,0,0,4,301,869,0,0,0,0,200,0,0,0,0,2695,_history_tree_2_updates,1960,0,0,0,0,0,0,5138,2695,0,0,0,7833,0,0,0,0,0,2418,0,0,0,0,0,0,0
116,10018649925317144938,0,0,0,0,0,0,0,0,0,0,0,0,0,0,0,0,0,0,0,0,0,0,972,0,8,9340,0,0,0,9322,0,0,0,5,2637,2,0,0,0,0,18,0,0,0,0,2645,_history_tree_2_removes,3081,0,0,0,0,0,0,2653,2645,0,0,0,5298,0,0,0,0,0,8,0,0,0,0,0,0,0
116,10018649925317144938,0,0,0,0,0,0,0,0,0,0,0,0,0,0,0,0,0,0,0,0,0,0,334,0,2450,70409,0,0,0,70239,0,0,0,6,334,910,0,0,0,0,170,0,0,0,0,2711,_history_tree_3_updates,1990,0,0,0,0,0,0,5234,2711,0,0,0,7945,0,0,0,0,0,2450,0,0,0,0,0,0,0
116,10018649925317144938,0,0,0,0,0,0,0,0,0,0,0,0,0,0,0,0,0,0,0,0,0,0,1049,0,8,9794,0,0,0,9783,0,0,0,7,2590,4,0,0,0,0,11,0,0,0,0,2598,_history_tree_3_removes,3046,0,0,0,0,0,0,2606,2598,0,0,0,5204,0,0,0,0,0,8,0,0,0,0,0,0,0
116,10018649925317144938,0,0,0,0,0,0,0,0,0,0,0,0,0,0,0,0,0,0,0,0,0,0,324,0,2397,68804,0,0,0,68593,0,0,0,8,324,845,0,0,0,0,208,0,0,0,0,2717,_history_tree_4_updates,2004,0,0,0,0,0,0,5118,2717,0,0,0,7835,0,0,0,0,0,2398,0,0,0,0,0,0,0
116,10018649925317144938,0,0,0,0,0,0,0,0,0,0,0,0,0,0,0,0,0,0,0,0,0,0,1043,0,5,9430,0,0,0,9409,0,0,0,9,2613,1,0,0,0,0,21,0,0,0,0,2618,_history_tree_4_removes,3081,0,0,0,0,0,0,2623,2618,0,0,0,5241,0,0,0,0,0,5,0,0,0,0,0,0,0
116,10018649925317144938,0,0,0,0,0,0,0,0,0,0,0,0,0,0,0,0,0,0,0,0,0,0,325,0,2415,69461,0,0,0,69245,0,0,0,10,325,838,0,0,0,0,218,0,0,0,0,2729,_history_tree_5_updates,2038,0,0,0,0,0,0,5154,2729,0,0,0,7885,0,0,0,0,0,2415,0,0,0,0,0,0,0
116,10018649925317144938,0,0,0,0,0,0,0,0,0,0,0,0,0,0,0,0,0,0,0,0,0,0,1026,0,8,9585,0,0,0,9575,0,0,0,11,2608,1,0,0,0,0,10,0,0,0,0,2616,_history_tree_5_removes,3085,0,0,0,0,0,0,2624,2615,0,0,0,5238,0,0,0,0,0,8,0,0,0,0,0,0,0
116,10018649925317144938,0,0,0,0,0,0,0,0,0,0,0,0,0,0,0,0,0,0,0,0,0,0,335,0,2426,69670,0,0,0,69449,0,0,0,12,336,884,0,0,0,0,220,0,0,0,0,2664,_history_tree_6_updates,2013,0,0,0,0,0,0,5188,2664,0,0,0,7852,0,0,0,0,0,2426,0,0,0,0,0,0,0
116,10018649925317144938,0,0,0,0,0,0,0,0,0,0,0,0,0,0,0,0,0,0,0,0,0,0,1011,0,7,9466,0,0,0,9453,0,0,0,29,2620,1,0,0,0,0,13,0,0,0,0,2627,_history_tree_14_removes,3082,0,0,0,0,0,0,2634,2627,0,0,0,5261,0,0,0,0,0,7,0,0,0,0,0,0,0
116,10018649925317144938,0,0,0,0,0,0,0,0,0,0,0,0,0,0,0,0,0,0,0,0,0,0,351,0,2410,69150,0,0,0,68919,0,0,0,30,351,869,0,0,0,0,232,0,0,0,0,2732,_history_tree_15_updates,2001,0,0,0,0,0,0,5170,2732,0,0,0,7902,0,0,0,0,0,2409,0,0,0,0,0,0,0
116,10018649925317144938,0,0,0,0,0,0,0,0,0,0,0,0,0,0,0,0,0,0,0,0,0,0,989,0,11,9485,0,0,0,9468,0,0,0,31,2580,2,0,0,0,0,17,0,0,0,0,2591,_history_tree_15_removes,3012,0,0,0,0,0,0,2602,2591,0,0,0,5193,0,0,0,0,0,11,0,0,0,0,0,0,0
116,10018649925317144938,0,0,0,0,0,0,0,0,0,0,0,0,0,0,0,0,0,0,0,0,0,0,372,0,2359,67524,0,0,0,67296,0,0,0,32,372,817,0,0,0,0,228,0,0,0,0,2712,_history_tree_16_updates,2027,0,0,0,0,0,0,5093,2712,0,0,0,7805,0,0,0,0,0,2362,0,0,0,0,0,0,0
116,10018649925317144938,0,0,0,0,0,0,0,0,0,0,0,0,0,0,0,0,0,0,0,0,0,0,967,0,7,9083,0,0,0,9074,0,0,0,33,2633,2,0,0,0,0,9,0,0,0,0,2640,_history_tree_16_removes,3079,0,0,0,0,0,0,2647,2640,0,0,0,5287,0,0,0,0,0,7,0,0,0,0,0,0,0
116,10018649925317144938,0,0,0,0,0,0,0,0,0,0,0,0,0,0,0,0,0,0,0,0,0,0,307,0,2371,144576,0,0,0,72069,0,0,0,34,10429,2675,0,0,0,0,218,0,0,0,0,6278,_history_tree_17_updates,3970,0,0,0,0,0,0,15174,12557,1,0,0,21453,0,0,0,0,0,2371,0,0,0,0,0,0,0
116,10018649925317144938,0,0,0,0,0,0,0,0,0,0,0,0,0,0,0,0,0,0,0,0,0,0,862,0,17,9103,0,0,0,9093,0,0,0,35,2441,11,0,0,0,0,10,0,0,0,0,2458,_history_tree_17_removes,2873,0,0,0,0,0,0,2476,2459,0,0,0,4935,0,0,0,0,0,17,0,0,0,0,0,0,0
116,10018649925317144938,0,0,0,0,0,0,0,0,0,0,0,0,0,0,0,0,0,0,0,0,0,0,318,0,2351,66963,0,0,0,66755,0,0,0,36,319,813,0,0,0,0,208,0,0,0,0,2648,_history_tree_18_updates,1969,0,0,0,0,0,0,5019,2648,0,0,0,7667,0,0,0,0,0,2349,0,0,0,0,0,0,0
116,10018649925317144938,0,0,0,0,0,0,0,0,0,0,0,0,0,0,0,0,0,0,0,0,0,0,994,0,4,8866,0,0,0,8854,0,0,0,37,2596,1,0,0,0,0,12,0,0,0,0,2600,_history_tree_18_removes,3035,0,0,0,0,0,0,2604,2600,0,0,0,5204,0,0,0,0,0,4,0,0,0,0,0,0,0
116,10018649925317144938,0,0,0,0,0,0,0,0,0,0,0,0,0,0,0,0,0,0,0,0,0,0,342,0,2339,66726,0,0,0,66528,0,0,0,38,342,803,0,0,0,0,197,0,0,0,0,2619,_history_tree_19_updates,2006,0,0,0,0,0,0,5021,2619,0,0,0,7640,0,0,0,0,0,2340,0,0,0,0,0,0,0
116,10018649925317144938,0,0,0,0,0,0,0,0,0,0,0,0,0,0,0,0,0,0,0,0,0,0,945,0,5,8882,0,0,0,8872,0,0,0,39,2575,2,0,0,0,0,10,0,0,0,0,2580,_history_tree_19_removes,3030,0,0,0,0,0,0,2585,2580,0,0,0,5165,0,0,0,0,0,5,0,0,0,0,0,0,0
116,10018649925317144938,49066,0,0,0,0,0,46424,0,0,0,0,0,0,0,0,0,0,0,0,0,0,0,0,0,1,297527,0,0,0,97473,0,0,0,40,0,0,0,0,0,0,2022,0,0,95504,0,0,warehouse,0,0,0,0,0,0,0,1,0,0,0,0,1,197807,0,0,197807,1,0,0,0,0,95512,0,0,0
116,10018649925317144938,0,0,0,0,0,0,0,0,0,0,0,0,0,0,0,0,0,0,0,0,0,0,0,0,0,0,0,0,0,0,0,0,0,41,0,0,0,0,0,0,0,0,0,0,0,0,_warehouse_graveyard,0,0,0,0,0,0,0,0,0,0,0,0,0,0,0,0,0,0,0,0,0,0,0,0,0,0
116,10018649925317144938,98465,0,0,0,0,0,96310,0,0,0,0,0,0,0,0,0,0,0,0,0,0,0,0,0,0,302611,0,0,0,196961,0,0,0,42,0,0,0,0,0,0,1029,0,0,194790,0,0,district,0,0,0,0,0,0,0,0,0,0,0,0,0,104582,0,0,104582,0,0,0,0,0,194794,0,0,0
116,10018649925317144938,0,0,0,0,0,0,0,0,0,0,0,0,0,0,0,0,0,0,0,0,0,0,0,0,0,0,0,0,0,0,0,0,0,43,0,0,0,0,0,0,0,0,0,0,0,0,_district_graveyard,0,0,0,0,0,0,0,0,0,0,0,0,0,0,0,0,0,0,0,0,0,0,0,0,0,0
116,10018649925317144938,64113,0,0,0,0,0,61144,0,0,0,0,0,0,0,0,0,0,0,0,0,0,0,0,0,0,803839,0,0,0,125262,0,0,0,44,0,0,0,0,0,0,6,0,0,125255,0,0,customer,0,0,0,0,0,0,0,0,0,0,0,0,0,142673,0,0,142673,0,0,0,0,0,125253,0,0,0
116,10018649925317144938,0,0,0,0,0,0,0,0,0,0,0,0,0,0,0,0,0,0,0,0,0,0,0,0,0,0,0,0,0,0,0,0,0,45,0,0,0,0,0,0,0,0,0,0,0,0,_customer_graveyard,0,0,0,0,0,0,0,0,0,0,0,0,0,0,0,0,0,0,0,0,0,0,0,0,0,0
116,10018649925317144938,0,0,0,0,0,0,0,0,0,0,0,0,0,0,0,0,0,0,0,0,0,0,0,0,0,186537,0,0,0,0,0,0,0,46,0,0,0,0,0,0,62175,0,0,0,0,0,customerwdl,0,0,0,0,0,0,0,0,0,0,0,62173,0,62173,0,0,62173,0,0,0,0,0,0,0,0,0
116,10018649925317144938,0,0,0,0,0,0,0,0,0,0,0,0,0,0,0,0,0,0,0,0,0,0,0,0,0,0,0,0,0,0,0,0,0,47,0,0,0,0,0,0,0,0,0,0,0,0,_customerwdl_graveyard,0,0,0,0,0,0,0,0,0,0,0,0,0,0,0,0,0,0,0,0,0,0,0,0,0,0
116,10018649925317144938,0,0,0,0,0,0,0,0,0,0,0,0,0,0,0,0,0,0,0,0,0,0,0,0,2255,120153,0,0,0,40051,0,0,0,48,0,0,0,0,0,0,0,0,0,0,0,0,history,0,0,0,0,0,0,0,2290,0,0,0,0,2290,0,0,0,0,0,0,0,0,0,0,0,0,0
116,10018649925317144938,0,0,0,0,0,0,0,0,0,0,0,0,0,0,0,0,0,0,0,0,0,0,0,0,0,0,0,0,0,0,0,0,0,49,0,0,0,0,0,0,0,0,0,0,0,0,_history_graveyard,0,0,0,0,0,0,0,0,0,0,0,0,0,0,0,0,0,0,0,0,0,0,0,0,0,0
116,10018649925317144938,43772,87490,0,87490,0,0,43666,0,0,0,0,0,0,0,0,0,0,0,0,0,0,0,49338,0,2083,1196068,0,0,0,277649,0,12042,0,50,230,0,0,0,0,0,121024,0,0,0,0,0,neworder,94675,12044,0,0,0,0,0,4133,188,1,0,87724,4133,99768,0,0,99772,0,1817,0,0,0,0,0,0,0
116,10018649925317144938,0,0,0,0,0,0,0,0,0,0,0,0,0,0,0,0,0,0,0,0,0,0,0,0,0,0,0,0,0,0,0,0,0,51,0,0,0,0,0,0,0,0,0,0,0,0,_neworder_graveyard,0,0,0,0,0,0,0,0,0,0,0,0,0,0,0,0,0,0,0,0,0,0,0,0,0,0
116,10018649925317144938,44384,0,0,0,0,0,43083,0,0,0,0,0,0,0,0,0,0,0,0,0,0,0,0,0,4354,849704,0,0,0,192173,0,0,0,52,0,0,0,0,0,0,0,0,0,87459,0,0,order,0,0,0,0,0,0,0,4355,0,0,0,0,4355,91058,0,0,91059,0,0,0,0,0,87457,0,0,0
116,10018649925317144938,0,0,0,0,0,0,0,0,0,0,0,0,0,0,0,0,0,0,0,0,0,0,0,0,0,0,0,0,0,0,0,0,0,53,0,0,0,0,0,0,0,0,0,0,0,0,_order_graveyard,0,0,0,0,0,0,0,0,0,0,0,0,0,0,0,0,0,0,0,0,0,0,0,0,0,0
116,10018649925317144938,0,0,0,0,0,0,0,0,0,0,0,0,0,0,0,0,3600,0,0,0,0,0,0,0,1436,316161,0,0,0,101785,0,0,0,54,0,0,0,0,0,0,3602,0,0,0,0,0,order_wdc,0,0,0,0,0,0,0,1452,0,0,0,0,1452,3602,0,0,3602,0,0,0,0,0,0,0,0,0
116,10018649925317144938,0,0,0,0,0,0,0,0,0,0,0,0,0,0,0,0,0,0,0,0,0,0,0,0,0,0,0,0,0,0,0,0,0,55,0,0,0,0,0,0,0,0,0,0,0,0,_order_wdc_graveyard,0,0,0,0,0,0,0,0,0,0,0,0,0,0,0,0,0,0,0,0,0,0,0,0,0,0
116,10018649925317144938,441750,0,0,0,0,0,431643,0,0,0,0,0,0,0,0,0,0,0,0,0,0,0,101472,0,59602,7780838,0,0,0,1932488,0,1036,0,56,0,0,0,0,0,0,12721,0,0,873409,0,0,orderline,1845685,1036,0,0,0,0,0,60399,0,0,0,12643,60400,1858257,0,0,1858227,0,0,0,0,0,873431,0,0,0
116,10018649925317144938,0,0,0,0,0,0,0,0,0,0,0,0,0,0,0,0,0,0,0,0,0,0,0,0,0,0,0,0,0,0,0,0,0,57,0,0,0,0,0,0,0,0,0,0,0,0,_orderline_graveyard,0,0,0,0,0,0,0,0,0,0,0,0,0,0,0,0,0,0,0,0,0,0,0,0,0,0
116,10018649925317144938,0,0,0,0,0,0,0,0,0,0,0,0,0,0,0,0,0,0,0,0,0,0,0,0,0,1998806,0,0,0,0,0,0,0,58,0,0,0,0,0,0,0,0,0,0,0,0,item,0,0,0,0,0,0,0,0,0,0,0,0,0,999423,0,0,999419,0,0,0,0,0,0,0,0,0
117,10018649925317144938,0,0,0,0,0,0,0,0,0,0,0,0,0,0,0,0,0,0,0,0,0,0,0,0,0,0,0,0,0,0,0,0,0,61,0,0,0,0,0,0,0,0,0,0,0,0,_stock_graveyard,0,0,0,0,0,0,0,0,0,0,0,0,0,0,0,0,0,0,0,0,0,0,0,0,0,0
117,10018649925317144938,505782,0,0,0,0,0,493476,0,0,0,0,0,0,0,0,0,0,0,0,0,0,0,0,0,0,15211353,0,0,0,1000342,0,0,0,60,0,0,0,0,0,0,1067,0,0,999198,0,0,stock,0,0,0,0,0,0,0,0,0,0,0,0,0,2801253,0,0,2801229,0,0,0,0,0,999126,0,0,0
117,10018649925317144938,0,0,0,0,0,0,0,0,0,0,0,0,0,0,0,0,0,0,0,0,0,0,0,0,0,0,0,0,0,0,0,0,0,59,0,0,0,0,0,0,0,0,0,0,0,0,_item_graveyard,0,0,0,0,0,0,0,0,0,0,0,0,0,0,0,0,0,0,0,0,0,0,0,0,0,0
117,10018649925317144938,0,0,0,0,0,0,0,0,0,0,0,0,0,0,0,0,0,0,0,0,0,0,344,0,2394,68084,0,0,0,67873,0,0,0,28,344,803,0,0,0,0,208,0,0,0,0,2687,_history_tree_14_updates,2024,0,0,0,0,0,0,5095,2687,0,0,0,7782,0,0,0,0,0,2357,0,0,0,0,0,0,0
117,10018649925317144938,0,0,0,0,0,0,0,0,0,0,0,0,0,0,0,0,0,0,0,0,0,0,1042,0,6,9493,0,0,0,9481,0,0,0,27,2543,3,0,0,0,0,12,0,0,0,0,2548,_history_tree_13_removes,2986,0,0,0,0,0,0,2554,2548,0,0,0,5102,0,0,0,0,0,6,0,0,0,0,0,0,0
117,10018649925317144938,0,0,0,0,0,0,0,0,0,0,0,0,0,0,0,0,0,0,0,0,0,0,332,0,2382,68594,0,0,0,68385,0,0,0,26,332,849,0,0,0,0,208,0,0,0,0,2678,_history_tree_13_updates,1977,0,0,0,0,0,0,5083,2678,0,0,0,7761,0,0,0,0,0,2369,0,0,0,0,0,0,0
117,10018649925317144938,0,0,0,0,0,0,0,0,0,0,0,0,0,0,0,0,0,0,0,0,0,0,1035,0,5,9204,0,0,0,9195,0,0,0,25,2652,1,0,0,0,0,9,0,0,0,0,2657,_history_tree_12_removes,3112,0,0,0,0,0,0,2662,2657,0,0,0,5319,0,0,0,0,0,5,0,0,0,0,0,0,0
117,10018649925317144938,0,0,0,0,0,0,0,0,0,0,0,0,0,0,0,0,0,0,0,0,0,0,325,0,2365,67833,0,0,0,67613,0,0,0,24,325,786,0,0,0,0,218,0,0,0,0,2667,_history_tree_12_updates,2022,0,0,0,0,0,0,5039,2667,0,0,0,7706,0,0,0,0,0,2349,0,0,0,0,0,0,0
117,10018649925317144938,0,0,0,0,0,0,0,0,0,0,0,0,0,0,0,0,0,0,0,0,0,0,961,0,6,8698,0,0,0,8680,0,0,0,23,2638,3,0,0,0,0,18,0,0,0,0,2643,_history_tree_11_removes,3088,0,0,0,0,0,0,2649,2643,0,0,0,5292,0,0,0,0,0,5,0,0,0,0,0,0,0
117,10018649925317144938,0,0,0,0,0,0,0,0,0,0,0,0,0,0,0,0,0,0,0,0,0,0,358,0,2344,66621,0,0,0,66397,0,0,0,22,358,748,0,0,0,0,224,0,0,0,0,2628,_history_tree_11_updates,2054,0,0,0,0,0,0,5019,2628,0,0,0,7647,0,0,0,0,0,2317,0,0,0,0,0,0,0
117,10018649925317144938,0,0,0,0,0,0,0,0,0,0,0,0,0,0,0,0,0,0,0,0,0,0,993,0,7,9221,0,0,0,9209,0,0,0,21,2515,3,0,0,0,0,12,0,0,0,0,2522,_history_tree_10_removes,2940,0,0,0,0,0,0,2529,2522,0,0,0,5051,0,0,0,0,0,7,0,0,0,0,0,0,0
117,10018649925317144938,0,0,0,0,0,0,0,0,0,0,0,0,0,0,0,0,0,0,0,0,0,0,355,0,2366,67845,0,0,0,67642,0,0,0,20,355,833,0,0,0,0,203,0,0,0,0,2653,_history_tree_10_updates,1971,0,0,0,0,0,0,5066,2653,0,0,0,7719,0,0,0,0,0,2345,0,0,0,0,0,0,0
117,10018649925317144938,0,0,0,0,0,0,0,0,0,0,0,0,0,0,0,0,0,0,0,0,0,0,960,0,5,8953,0,0,0,8941,0,0,0,19,2621,2,0,0,0,0,12,0,0,0,0,2626,_history_tree_9_removes,3105,0,0,0,0,0,0,2631,2626,0,0,0,5257,0,0,0,0,0,5,0,0,0,0,0,0,0
117,10018649925317144938,0,0,0,0,0,0,0,0,0,0,0,0,0,0,0,0,0,0,0,0,0,0,331,0,2348,67013,0,0,0,66831,0,0,0,18,331,777,0,0,0,0,181,0,0,0,0,2621,_history_tree_9_updates,2022,0,0,0,0,0,0,5007,2621,0,0,0,7628,0,0,0,0,0,2328,0,0,0,0,0,0,0
117,10018649925317144938,0,0,0,0,0,0,0,0,0,0,0,0,0,0,0,0,0,0,0,0,0,0,988,0,7,9179,0,0,0,9164,0,0,0,17,2624,2,0,0,0,0,14,0,0,0,0,2630,_history_tree_8_removes,3075,0,0,0,0,0,0,2637,2630,0,0,0,5267,0,0,0,0,0,6,0,0,0,0,0,0,0
117,10018649925317144938,0,0,0,0,0,0,0,0,0,0,0,0,0,0,0,0,0,0,0,0,0,0,359,0,2371,67910,0,0,0,67735,0,0,0,16,359,807,0,0,0,0,175,0,0,0,0,2683,_history_tree_8_updates,2011,0,0,0,0,0,0,5078,2683,0,0,0,7761,0,0,0,0,0,2348,0,0,0,0,0,0,0
117,10018649925317144938,0,0,0,0,0,0,0,0,0,0,0,0,0,0,0,0,0,0,0,0,0,0,1050,0,3,9330,0,0,0,9317,0,0,0,15,2622,0,0,0,0,0,13,0,0,0,0,2624,_history_tree_7_removes,3090,0,0,0,0,0,0,2627,2624,0,0,0,5251,0,0,0,0,0,2,0,0,0,0,0,0,0
117,10018649925317144938,0,0,0,0,0,0,0,0,0,0,0,0,0,0,0,0,0,0,0,0,0,0,285,0,2403,68825,0,0,0,68616,0,0,0,14,285,780,0,0,0,0,208,0,0,0,0,2651,_history_tree_7_updates,2003,0,0,0,0,0,0,5053,2650,0,0,0,7703,0,0,0,0,0,2365,0,0,0,0,0,0,0
117,10018649925317144938,0,0,0,0,0,0,0,0,0,0,0,0,0,0,0,0,0,0,0,0,0,0,984,0,7,8836,0,0,0,8827,0,0,0,13,2571,4,0,0,0,0,9,0,0,0,0,2577,_history_tree_6_removes,3019,0,0,0,0,0,0,2584,2577,0,0,0,5161,0,0,0,0,0,6,0,0,0,0,0,0,0
117,10018649925317144938,0,0,0,0,0,0,0,0,0,0,0,0,0,22398316,22928951,0,0,0,0,0,0,0,297,0,2370,68318,0,0,0,68141,0,0,0,0,297,797,0,0,0,0,177,0,0,0,0,2602,_history_tree_0_updates,1978,0,1501062,0,0,0,0,5018,2602,0,0,0,7620,0,0,0,0,0,2351,0,0,0,0,713255,0,0
117,10018649925317144938,0,0,0,0,0,0,0,0,0,0,0,0,0,0,0,0,0,0,0,0,0,0,1060,0,6,9530,0,0,0,9516,0,0,0,1,2585,3,0,0,0,0,14,0,0,0,0,2591,_history_tree_0_removes,3048,0,0,0,0,0,0,2597,2591,0,0,0,5188,0,0,0,0,0,6,0,0,0,0,0,0,0
117,10018649925317144938,0,0,0,0,0,0,0,0,0,0,0,0,0,0,0,0,0,0,0,0,0,0,319,0,2380,68292,0,0,0,68073,0,0,0,2,319,794,0,0,0,0,218,0,0,0,0,2635,_history_tree_1_updates,1980,0,0,0,0,0,0,5036,2635,0,0,0,7671,0,0,0,0,0,2337,0,0,0,0,0,0,0
117,10018649925317144938,0,0,0,0,0,0,0,0,0,0,0,0,0,0,0,0,0,0,0,0,0,0,1035,0,5,9287,0,0,0,9281,0,0,0,3,2567,1,0,0,0,0,6,0,0,0,0,2571,_history_tree_1_removes,3018,0,0,0,0,0,0,2576,2571,0,0,0,5147,0,0,0,0,0,4,0,0,0,0,0,0,0
117,10018649925317144938,0,0,0,0,0,0,0,0,0,0,0,0,0,0,0,0,0,0,0,0,0,0,348,0,2338,66505,0,0,0,66281,0,0,0,4,348,778,0,0,0,0,220,0,0,0,0,2602,_history_tree_2_updates,2001,0,0,0,0,0,0,5001,2602,0,0,0,7603,0,0,0,0,0,2315,0,0,0,0,0,0,0
117,10018649925317144938,0,0,0,0,0,0,0,0,0,0,0,0,0,0,0,0,0,0,0,0,0,0,978,0,5,8795,0,0,0,8786,0,0,0,5,2640,2,0,0,0,0,9,0,0,0,0,2645,_history_tree_2_removes,3081,0,0,0,0,0,0,2650,2645,0,0,0,5295,0,0,0,0,0,5,0,0,0,0,0,0,0
117,10018649925317144938,0,0,0,0,0,0,0,0,0,0,0,0,0,0,0,0,0,0,0,0,0,0,319,0,2358,67614,0,0,0,67399,0,0,0,6,319,784,0,0,0,0,213,0,0,0,0,2646,_history_tree_3_updates,2008,0,0,0,0,0,0,5036,2646,0,0,0,7682,0,0,0,0,0,2359,0,0,0,0,0,0,0
117,10018649925317144938,0,0,0,0,0,0,0,0,0,0,0,0,0,0,0,0,0,0,0,0,0,0,1028,0,4,9263,0,0,0,9248,0,0,0,7,2638,2,0,0,0,0,15,0,0,0,0,2642,_history_tree_3_removes,3074,0,0,0,0,0,0,2646,2642,0,0,0,5288,0,0,0,0,0,4,0,0,0,0,0,0,0
117,10018649925317144938,0,0,0,0,0,0,0,0,0,0,0,0,0,0,0,0,0,0,0,0,0,0,340,0,2372,67915,0,0,0,67686,0,0,0,8,340,763,0,0,0,0,228,0,0,0,0,2662,_history_tree_4_updates,2030,0,0,0,0,0,0,5034,2662,0,0,0,7696,0,0,0,0,0,2322,0,0,0,0,0,0,0
117,10018649925317144938,0,0,0,0,0,0,0,0,0,0,0,0,0,0,0,0,0,0,0,0,0,0,978,0,7,9122,0,0,0,9111,0,0,0,9,2638,1,0,0,0,0,11,0,0,0,0,2644,_history_tree_4_removes,3079,0,0,0,0,0,0,2651,2644,0,0,0,5295,0,0,0,0,0,6,0,0,0,0,0,0,0
117,10018649925317144938,0,0,0,0,0,0,0,0,0,0,0,0,0,0,0,0,0,0,0,0,0,0,354,0,2354,67169,0,0,0,66973,0,0,0,10,354,748,0,0,0,0,193,0,0,0,0,2665,_history_tree_5_updates,2052,0,0,0,0,0,0,5026,2665,0,0,0,7689,0,0,0,0,0,2317,0,0,0,0,0,0,0
117,10018649925317144938,0,0,0,0,0,0,0,0,0,0,0,0,0,0,0,0,0,0,0,0,0,0,960,0,6,8952,0,0,0,8936,0,0,0,11,2694,2,0,0,0,0,16,0,0,0,0,2699,_history_tree_5_removes,3130,0,0,0,0,0,0,2705,2699,0,0,0,5404,0,0,0,0,0,5,0,0,0,0,0,0,0
117,10018649925317144938,0,0,0,0,0,0,0,0,0,0,0,0,0,0,0,0,0,0,0,0,0,0,332,0,2325,66321,0,0,0,66091,0,0,0,12,332,791,0,0,0,0,226,0,0,0,0,2532,_history_tree_6_updates,1967,0,0,0,0,0,0,4960,2532,0,0,0,7492,0,0,0,0,0,2303,0,0,0,0,0,0,0
117,10018649925317144938,0,0,0,0,0,0,0,0,0,0,0,0,0,0,0,0,0,0,0,0,0,0,961,0,8,8997,0,0,0,8988,0,0,0,29,2630,3,0,0,0,0,9,0,0,0,0,2637,_history_tree_14_removes,3085,0,0,0,0,0,0,2645,2637,0,0,0,5282,0,0,0,0,0,7,0,0,0,0,0,0,0
117,10018649925317144938,0,0,0,0,0,0,0,0,0,0,0,0,0,0,0,0,0,0,0,0,0,0,285,0,2378,68411,0,0,0,68190,0,0,0,30,285,801,0,0,0,0,218,0,0,0,0,2612,_history_tree_15_updates,1962,0,0,0,0,0,0,5011,2612,0,0,0,7623,0,0,0,0,0,2348,0,0,0,0,0,0,0
117,10018649925317144938,0,0,0,0,0,0,0,0,0,0,0,0,0,0,0,0,0,0,0,0,0,0,1053,0,6,9473,0,0,0,9454,0,0,0,31,2622,2,0,0,0,0,19,0,0,0,0,2627,_history_tree_15_removes,3093,0,0,0,0,0,0,2633,2627,0,0,0,5260,0,0,0,0,0,5,0,0,0,0,0,0,0
117,10018649925317144938,0,0,0,0,0,0,0,0,0,0,0,0,0,0,0,0,0,0,0,0,0,0,343,0,2399,68731,0,0,0,68511,0,0,0,32,343,821,0,0,0,0,220,0,0,0,0,2676,_history_tree_16_updates,1971,0,0,0,0,0,0,5091,2676,0,0,0,7767,0,0,0,0,0,2349,0,0,0,0,0,0,0
117,10018649925317144938,0,0,0,0,0,0,0,0,0,0,0,0,0,0,0,0,0,0,0,0,0,0,1020,0,8,9306,0,0,0,9293,0,0,0,33,2569,2,0,0,0,0,13,0,0,0,0,2576,_history_tree_16_removes,2996,0,0,0,0,0,0,2584,2576,0,0,0,5160,0,0,0,0,0,7,0,0,0,0,0,0,0
117,10018649925317144938,0,0,0,0,0,0,0,0,0,0,0,0,0,0,0,0,0,0,0,0,0,0,345,0,2374,144178,0,0,0,71879,0,0,0,34,10441,2615,0,0,0,0,210,0,0,0,0,6251,_history_tree_17_updates,3978,0,0,0,0,0,0,15083,12500,0,0,0,21333,0,0,0,0,0,2270,0,0,0,0,0,0,0
117,10018649925317144938,0,0,0,0,0,0,0,0,0,0,0,0,0,0,0,0,0,0,0,0,0,0,877,0,16,8833,0,0,0,8821,0,0,0,35,2457,7,0,0,0,0,12,0,0,0,0,2470,_history_tree_17_removes,2906,0,0,0,0,0,0,2485,2469,0,0,0,4954,0,0,0,0,0,13,0,0,0,0,0,0,0
117,10018649925317144938,0,0,0,0,0,0,0,0,0,0,0,0,0,0,0,0,0,0,0,0,0,0,353,0,2393,68596,0,0,0,68349,0,0,0,36,353,776,0,0,0,0,246,0,0,0,0,2677,_history_tree_18_updates,2065,0,0,0,0,0,0,5094,2677,0,0,0,7771,0,0,0,0,0,2348,0,0,0,0,0,0,0
117,10018649925317144938,0,0,0,0,0,0,0,0,0,0,0,0,0,0,0,0,0,0,0,0,0,0,1000,0,7,9210,0,0,0,9197,0,0,0,37,2642,2,0,0,0,0,13,0,0,0,0,2647,_history_tree_18_removes,3119,0,0,0,0,0,0,2654,2647,0,0,0,5301,0,0,0,0,0,5,0,0,0,0,0,0,0
117,10018649925317144938,0,0,0,0,0,0,0,0,0,0,0,0,0,0,0,0,0,0,0,0,0,0,302,0,2427,69630,0,0,0,69434,0,0,0,38,302,801,0,0,0,0,195,0,0,0,0,2622,_history_tree_19_updates,1970,0,0,0,0,0,0,5083,2622,0,0,0,7705,0,0,0,0,0,2354,0,0,0,0,0,0,0
117,10018649925317144938,0,0,0,0,0,0,0,0,0,0,0,0,0,0,0,0,0,0,0,0,0,0,1056,0,7,9492,0,0,0,9476,0,0,0,39,2586,3,0,0,0,0,16,0,0,0,0,2591,_history_tree_19_removes,3020,0,0,0,0,0,0,2598,2591,0,0,0,5189,0,0,0,0,0,5,0,0,0,0,0,0,0
117,10018649925317144938,49149,0,0,0,0,0,45651,0,0,0,0,0,0,0,0,0,0,0,0,0,0,0,0,0,1,295705,0,0,0,96783,0,0,0,40,0,0,0,0,0,0,2131,0,0,94785,0,0,warehouse,0,0,0,0,0,0,0,1,0,0,0,0,1,196514,0,0,196513,1,0,0,0,0,94778,0,0,0
117,10018649925317144938,0,0,0,0,0,0,0,0,0,0,0,0,0,0,0,0,0,0,0,0,0,0,0,0,0,0,0,0,0,0,0,0,0,41,0,0,0,0,0,0,0,0,0,0,0,0,_warehouse_graveyard,0,0,0,0,0,0,0,0,0,0,0,0,0,0,0,0,0,0,0,0,0,0,0,0,0,0
117,10018649925317144938,97620,0,0,0,0,0,95772,0,0,0,0,0,0,0,0,0,0,0,0,0,0,0,0,0,1,300304,0,0,0,195533,0,0,0,42,0,0,0,0,0,0,974,0,0,193359,0,0,district,0,0,0,0,0,0,0,1,0,0,0,0,1,103701,0,0,103702,1,0,0,0,0,193342,0,0,0
117,10018649925317144938,0,0,0,0,0,0,0,0,0,0,0,0,0,0,0,0,0,0,0,0,0,0,0,0,0,0,0,0,0,0,0,0,0,43,0,0,0,0,0,0,0,0,0,0,0,0,_district_graveyard,0,0,0,0,0,0,0,0,0,0,0,0,0,0,0,0,0,0,0,0,0,0,0,0,0,0
117,10018649925317144938,62769,0,0,0,0,0,59518,0,0,0,0,0,0,0,0,0,0,0,0,0,0,0,0,0,0,791055,0,0,0,122306,0,0,0,44,0,0,0,0,0,0,7,0,0,122281,0,0,customer,0,0,0,0,0,0,0,0,0,0,0,0,0,141367,0,0,141367,0,0,0,0,0,122275,0,0,0
117,10018649925317144938,0,0,0,0,0,0,0,0,0,0,0,0,0,0,0,0,0,0,0,0,0,0,0,0,0,0,0,0,0,0,0,0,0,45,0,0,0,0,0,0,0,0,0,0,0,0,_customer_graveyard,0,0,0,0,0,0,0,0,0,0,0,0,0,0,0,0,0,0,0,0,0,0,0,0,0,0
117,10018649925317144938,0,0,0,0,0,0,0,0,0,0,0,0,0,0,0,0,0,0,0,0,0,0,0,0,0,185916,0,0,0,0,0,0,0,46,0,0,0,0,0,0,61972,0,0,0,0,0,customerwdl,0,0,0,0,0,0,0,0,0,0,0,61972,0,61972,0,0,61972,0,0,0,0,0,0,0,0,0
117,10018649925317144938,0,0,0,0,0,0,0,0,0,0,0,0,0,0,0,0,0,0,0,0,0,0,0,0,0,0,0,0,0,0,0,0,0,47,0,0,0,0,0,0,0,0,0,0,0,0,_customerwdl_graveyard,0,0,0,0,0,0,0,0,0,0,0,0,0,0,0,0,0,0,0,0,0,0,0,0,0,0
117,10018649925317144938,0,0,0,0,0,0,0,0,0,0,0,0,0,0,0,0,0,0,0,0,0,0,0,0,2212,118326,0,0,0,39442,0,0,0,48,0,0,0,0,0,0,0,0,0,0,0,0,history,0,0,0,0,0,0,0,2239,0,0,0,0,2239,0,0,0,0,0,0,0,0,0,0,0,0,0
117,10018649925317144938,0,0,0,0,0,0,0,0,0,0,0,0,0,0,0,0,0,0,0,0,0,0,0,0,0,0,0,0,0,0,0,0,0,49,0,0,0,0,0,0,0,0,0,0,0,0,_history_graveyard,0,0,0,0,0,0,0,0,0,0,0,0,0,0,0,0,0,0,0,0,0,0,0,0,0,0
117,10018649925317144938,42523,83830,0,83830,0,0,42434,0,0,0,0,0,0,0,0,0,0,0,0,0,0,0,48439,0,2117,1165057,0,0,0,270735,0,10136,0,50,356,0,0,0,0,0,117569,0,0,0,0,0,neworder,90938,10138,0,0,0,0,0,4250,257,2,0,85182,4253,95323,0,0,95318,0,1776,0,0,0,0,0,0,0
117,10018649925317144938,0,0,0,0,0,0,0,0,0,0,0,0,0,0,0,0,0,0,0,0,0,0,0,0,0,0,0,0,0,0,0,0,0,51,0,0,0,0,0,0,0,0,0,0,0,0,_neworder_graveyard,0,0,0,0,0,0,0,0,0,0,0,0,0,0,0,0,0,0,0,0,0,0,0,0,0,0
117,10018649925317144938,42958,0,0,0,0,0,41949,0,0,0,0,0,0,0,0,0,0,0,0,0,0,0,0,0,4348,831837,0,0,0,188821,0,0,0,52,0,0,0,0,0,0,0,0,0,84900,0,0,order,0,0,0,0,0,0,0,4349,0,0,0,0,4349,88448,0,0,88446,0,0,0,0,0,84895,0,0,0
117,10018649925317144938,0,0,0,0,0,0,0,0,0,0,0,0,0,0,0,0,0,0,0,0,0,0,0,0,0,0,0,0,0,0,0,0,0,53,0,0,0,0,0,0,0,0,0,0,0,0,_order_graveyard,0,0,0,0,0,0,0,0,0,0,0,0,0,0,0,0,0,0,0,0,0,0,0,0,0,0
117,10018649925317144938,0,0,0,0,0,0,0,0,0,0,0,0,0,0,0,0,3551,0,0,0,0,0,0,0,1476,313665,0,0,0,101004,1,1,0,54,0,0,0,0,0,0,3549,0,0,0,0,0,order_wdc,0,1,0,0,0,0,0,1497,0,0,0,0,1497,3550,0,0,3550,0,0,0,0,0,0,0,0,0
117,10018649925317144938,0,0,0,0,0,0,0,0,0,0,0,0,0,0,0,0,0,0,0,0,0,0,0,0,0,0,0,0,0,0,0,0,0,55,0,0,0,0,0,0,0,0,0,0,0,0,_order_wdc_graveyard,0,0,0,0,0,0,0,0,0,0,0,0,0,0,0,0,0,0,0,0,0,0,0,0,0,0
117,10018649925317144938,429070,0,0,0,0,0,419255,0,0,0,0,0,0,0,0,0,0,0,0,0,0,0,100482,0,59034,7640033,0,0,0,1897406,0,1082,0,56,0,0,0,0,0,0,12584,0,0,848265,0,0,orderline,1826696,1082,0,0,0,0,0,59845,0,0,0,12501,59844,1839190,0,0,1839190,0,0,0,0,0,848215,0,0,0
117,10018649925317144938,0,0,0,0,0,0,0,0,0,0,0,0,0,0,0,0,0,0,0,0,0,0,0,0,0,0,0,0,0,0,0,0,0,57,0,0,0,0,0,0,0,0,0,0,0,0,_orderline_graveyard,0,0,0,0,0,0,0,0,0,0,0,0,0,0,0,0,0,0,0,0,0,0,0,0,0,0
117,10018649925317144938,0,0,0,0,0,0,0,0,0,0,0,0,0,0,0,0,0,0,0,0,0,0,0,0,0,1979168,0,0,0,0,0,0,0,58,0,0,0,0,0,0,0,0,0,0,0,0,item,0,0,0,0,0,0,0,0,0,0,0,0,0,989449,0,0,989442,0,0,0,0,0,0,0,0,0
118,10018649925317144938,0,0,0,0,0,0,0,0,0,0,0,0,0,0,0,0,0,0,0,0,0,0,0,0,0,0,0,0,0,0,0,0,0,61,0,0,0,0,0,0,0,0,0,0,0,0,_stock_graveyard,0,0,0,0,0,0,0,0,0,0,0,0,0,0,0,0,0,0,0,0,0,0,0,0,0,0
118,10018649925317144938,509871,0,0,0,0,0,497905,0,0,0,0,0,0,0,0,0,0,0,0,0,0,0,0,0,0,15258904,0,0,0,1008961,0,0,0,60,0,0,0,0,0,0,1091,0,0,1007861,0,0,stock,0,0,0,0,0,0,0,0,0,0,0,0,0,2805178,0,0,2805232,0,0,0,0,0,1007912,0,0,0
118,10018649925317144938,0,0,0,0,0,0,0,0,0,0,0,0,0,0,0,0,0,0,0,0,0,0,0,0,0,0,0,0,0,0,0,0,0,59,0,0,0,0,0,0,0,0,0,0,0,0,_item_graveyard,0,0,0,0,0,0,0,0,0,0,0,0,0,0,0,0,0,0,0,0,0,0,0,0,0,0
118,10018649925317144938,0,0,0,0,0,0,0,0,0,0,0,0,0,0,0,0,0,0,0,0,0,0,326,0,2402,68451,0,0,0,68248,0,0,0,28,326,815,0,0,0,0,203,0,0,0,0,2723,_history_tree_14_updates,2074,0,0,0,0,0,0,5160,2723,0,0,0,7883,0,0,0,0,0,2432,0,0,0,0,0,0,0
118,10018649925317144938,0,0,0,0,0,0,0,0,0,0,0,0,0,0,0,0,0,0,0,0,0,0,985,0,6,9131,0,0,0,9115,0,0,0,27,2657,3,0,0,0,0,16,0,0,0,0,2663,_history_tree_13_removes,3139,0,0,0,0,0,0,2669,2663,0,0,0,5332,0,0,0,0,0,6,0,0,0,0,0,0,0
118,10018649925317144938,0,0,0,0,0,0,0,0,0,0,0,0,0,0,0,0,0,0,0,0,0,0,342,0,2393,68249,0,0,0,68042,0,0,0,26,342,822,0,0,0,0,207,0,0,0,0,2699,_history_tree_13_updates,2058,0,0,0,0,0,0,5135,2699,0,0,0,7834,0,0,0,0,0,2400,0,0,0,0,0,0,0
118,10018649925317144938,0,0,0,0,0,0,0,0,0,0,0,0,0,0,0,0,0,0,0,0,0,0,1084,0,7,9846,0,0,0,9827,0,0,0,25,2574,3,0,0,0,0,19,0,0,0,0,2581,_history_tree_12_removes,3018,0,0,0,0,0,0,2588,2581,0,0,0,5169,0,0,0,0,0,7,0,0,0,0,0,0,0
118,10018649925317144938,0,0,0,0,0,0,0,0,0,0,0,0,0,0,0,0,0,0,0,0,0,0,361,0,2437,70307,0,0,0,70089,0,0,0,24,361,868,0,0,0,0,216,0,0,0,0,2782,_history_tree_12_updates,2045,0,0,0,0,0,0,5244,2782,0,0,0,8026,0,0,0,0,0,2446,0,0,0,0,0,0,0
118,10018649925317144938,0,0,0,0,0,0,0,0,0,0,0,0,0,0,0,0,0,0,0,0,0,0,1119,0,4,9781,0,0,0,9766,0,0,0,23,2607,1,0,0,0,0,15,0,0,0,0,2612,_history_tree_11_removes,3096,0,0,0,0,0,0,2616,2612,0,0,0,5228,0,0,0,0,0,5,0,0,0,0,0,0,0
118,10018649925317144938,0,0,0,0,0,0,0,0,0,0,0,0,0,0,0,0,0,0,0,0,0,0,328,0,2431,70081,0,0,0,69860,0,0,0,22,328,872,0,0,0,0,219,0,0,0,0,2774,_history_tree_11_updates,2035,0,0,0,0,0,0,5209,2774,0,0,0,7983,0,0,0,0,0,2450,0,0,0,0,0,0,0
118,10018649925317144938,0,0,0,0,0,0,0,0,0,0,0,0,0,0,0,0,0,0,0,0,0,0,1052,0,4,9569,0,0,0,9549,0,0,0,21,2633,2,0,0,0,0,20,0,0,0,0,2637,_history_tree_10_removes,3070,0,0,0,0,0,0,2641,2637,0,0,0,5278,0,0,0,0,0,4,0,0,0,0,0,0,0
118,10018649925317144938,0,0,0,0,0,0,0,0,0,0,0,0,0,0,0,0,0,0,0,0,0,0,345,0,2409,69199,0,0,0,68982,0,0,0,20,345,837,0,0,0,0,217,0,0,0,0,2733,_history_tree_10_updates,2037,0,0,0,0,0,0,5175,2733,0,0,0,7908,0,0,0,0,0,2421,0,0,0,0,0,0,0
118,10018649925317144938,0,0,0,0,0,0,0,0,0,0,0,0,0,0,0,0,0,0,0,0,0,0,1032,0,7,9653,0,0,0,9634,0,0,0,19,2619,4,0,0,0,0,19,0,0,0,0,2626,_history_tree_9_removes,3089,0,0,0,0,0,0,2633,2626,0,0,0,5259,0,0,0,0,0,7,0,0,0,0,0,0,0
118,10018649925317144938,0,0,0,0,0,0,0,0,0,0,0,0,0,0,0,0,0,0,0,0,0,0,348,0,2417,69640,0,0,0,69398,0,0,0,18,348,867,0,0,0,0,242,0,0,0,0,2712,_history_tree_9_updates,2038,0,0,0,0,0,0,5190,2712,0,0,0,7902,0,0,0,0,0,2425,0,0,0,0,0,0,0
118,10018649925317144938,0,0,0,0,0,0,0,0,0,0,0,0,0,0,0,0,0,0,0,0,0,0,1001,0,3,9130,0,0,0,9112,0,0,0,17,2609,0,0,0,0,0,18,0,0,0,0,2613,_history_tree_8_removes,3056,0,0,0,0,0,0,2616,2613,0,0,0,5229,0,0,0,0,0,4,0,0,0,0,0,0,0
118,10018649925317144938,0,0,0,0,0,0,0,0,0,0,0,0,0,0,0,0,0,0,0,0,0,0,349,0,2401,68532,0,0,0,68292,0,0,0,16,349,845,0,0,0,0,240,0,0,0,0,2761,_history_tree_8_updates,2033,0,0,0,0,0,0,5162,2761,0,0,0,7923,0,0,0,0,0,2412,0,0,0,0,0,0,0
118,10018649925317144938,0,0,0,0,0,0,0,0,0,0,0,0,0,0,0,0,0,0,0,0,0,0,1073,0,7,9690,0,0,0,9676,0,0,0,15,2685,2,0,0,0,0,14,0,0,0,0,2693,_history_tree_7_removes,3167,0,0,0,0,0,0,2700,2693,0,0,0,5393,0,0,0,0,0,8,0,0,0,0,0,0,0
118,10018649925317144938,0,0,0,0,0,0,0,0,0,0,0,0,0,0,0,0,0,0,0,0,0,0,315,0,2431,69979,0,0,0,69763,0,0,0,14,315,852,0,0,0,0,214,0,0,0,0,2784,_history_tree_7_updates,2069,0,0,0,0,0,0,5215,2784,0,0,0,7999,0,0,0,0,0,2469,0,0,0,0,0,0,0
118,10018649925317144938,0,0,0,0,0,0,0,0,0,0,0,0,0,0,0,0,0,0,0,0,0,0,998,0,9,9541,0,0,0,9524,0,0,0,13,2684,6,0,0,0,0,17,0,0,0,0,2694,_history_tree_6_removes,3163,0,0,0,0,0,0,2703,2694,0,0,0,5397,0,0,0,0,0,10,0,0,0,0,0,0,0
118,10018649925317144938,0,0,0,0,0,0,0,0,0,0,0,0,0,22641980,23191150,0,0,0,0,0,0,0,373,0,2413,69364,0,0,0,69177,0,0,0,0,373,866,0,0,0,0,187,0,0,0,0,2739,_history_tree_0_updates,2077,0,1524687,0,0,0,0,5206,2739,0,0,0,7945,0,0,0,0,0,2420,0,0,0,0,726791,0,0
118,10018649925317144938,0,0,0,0,0,0,0,0,0,0,0,0,0,0,0,0,0,0,0,0,0,0,1019,0,7,9546,0,0,0,9537,0,0,0,1,2649,4,0,0,0,0,9,0,0,0,0,2656,_history_tree_0_removes,3146,0,0,0,0,0,0,2663,2656,0,0,0,5319,0,0,0,0,0,7,0,0,0,0,0,0,0
118,10018649925317144938,0,0,0,0,0,0,0,0,0,0,0,0,0,0,0,0,0,0,0,0,0,0,352,0,2419,69375,0,0,0,69175,0,0,0,2,352,835,0,0,0,0,200,0,0,0,0,2788,_history_tree_1_updates,2095,0,0,0,0,0,0,5215,2788,0,0,0,8003,0,0,0,0,0,2444,0,0,0,0,0,0,0
118,10018649925317144938,0,0,0,0,0,0,0,0,0,0,0,0,0,0,0,0,0,0,0,0,0,0,1040,0,6,9577,0,0,0,9558,0,0,0,3,2701,2,0,0,0,0,19,0,0,0,0,2707,_history_tree_1_removes,3191,0,0,0,0,0,0,2713,2707,0,0,0,5420,0,0,0,0,0,6,0,0,0,0,0,0,0
118,10018649925317144938,0,0,0,0,0,0,0,0,0,0,0,0,0,0,0,0,0,0,0,0,0,0,336,0,2408,69021,0,0,0,68795,0,0,0,4,336,820,0,0,0,0,228,0,0,0,0,2738,_history_tree_2_updates,2065,0,0,0,0,0,0,5165,2738,0,0,0,7903,0,0,0,0,0,2421,0,0,0,0,0,0,0
118,10018649925317144938,0,0,0,0,0,0,0,0,0,0,0,0,0,0,0,0,0,0,0,0,0,0,1049,0,5,9384,0,0,0,9363,0,0,0,5,2655,1,0,0,0,0,21,0,0,0,0,2660,_history_tree_2_removes,3126,0,0,0,0,0,0,2665,2660,0,0,0,5325,0,0,0,0,0,5,0,0,0,0,0,0,0
118,10018649925317144938,0,0,0,0,0,0,0,0,0,0,0,0,0,0,0,0,0,0,0,0,0,0,319,0,2413,68882,0,0,0,68654,0,0,0,6,319,813,0,0,0,0,230,0,0,0,0,2663,_history_tree_3_updates,2030,0,0,0,0,0,0,5128,2663,0,0,0,7791,0,0,0,0,0,2395,0,0,0,0,0,0,0
118,10018649925317144938,0,0,0,0,0,0,0,0,0,0,0,0,0,0,0,0,0,0,0,0,0,0,987,0,5,9269,0,0,0,9255,0,0,0,7,2681,3,0,0,0,0,14,0,0,0,0,2686,_history_tree_3_removes,3138,0,0,0,0,0,0,2691,2686,0,0,0,5377,0,0,0,0,0,5,0,0,0,0,0,0,0
118,10018649925317144938,0,0,0,0,0,0,0,0,0,0,0,0,0,0,0,0,0,0,0,0,0,0,383,0,2396,68707,0,0,0,68474,0,0,0,8,383,904,0,0,0,0,229,0,0,0,0,2778,_history_tree_4_updates,2027,0,0,0,0,0,0,5209,2778,0,0,0,7987,0,0,0,0,0,2429,0,0,0,0,0,0,0
118,10018649925317144938,0,0,0,0,0,0,0,0,0,0,0,0,0,0,0,0,0,0,0,0,0,0,996,0,9,9345,0,0,0,9324,0,0,0,9,2565,3,0,0,0,0,21,0,0,0,0,2574,_history_tree_4_removes,3024,0,0,0,0,0,0,2583,2574,0,0,0,5157,0,0,0,0,0,9,0,0,0,0,0,0,0
118,10018649925317144938,0,0,0,0,0,0,0,0,0,0,0,0,0,0,0,0,0,0,0,0,0,0,352,0,2427,69391,0,0,0,69175,0,0,0,10,352,870,0,0,0,0,216,0,0,0,0,2797,_history_tree_5_updates,2048,0,0,0,0,0,0,5225,2797,0,0,0,8022,0,0,0,0,0,2445,0,0,0,0,0,0,0
118,10018649925317144938,0,0,0,0,0,0,0,0,0,0,0,0,0,0,0,0,0,0,0,0,0,0,998,0,6,9348,0,0,0,9340,0,0,0,11,2656,1,0,0,0,0,8,0,0,0,0,2662,_history_tree_5_removes,3118,0,0,0,0,0,0,2668,2662,0,0,0,5330,0,0,0,0,0,6,0,0,0,0,0,0,0
118,10018649925317144938,0,0,0,0,0,0,0,0,0,0,0,0,0,0,0,0,0,0,0,0,0,0,374,0,2426,69618,0,0,0,69414,0,0,0,12,374,845,0,0,0,0,205,0,0,0,0,2724,_history_tree_6_updates,2097,0,0,0,0,0,0,5232,2724,0,0,0,7956,0,0,0,0,0,2432,0,0,0,0,0,0,0
118,10018649925317144938,0,0,0,0,0,0,0,0,0,0,0,0,0,0,0,0,0,0,0,0,0,0,973,0,6,9229,0,0,0,9213,0,0,0,29,2683,1,0,0,0,0,16,0,0,0,0,2690,_history_tree_14_removes,3151,0,0,0,0,0,0,2696,2690,0,0,0,5386,0,0,0,0,0,7,0,0,0,0,0,0,0
118,10018649925317144938,0,0,0,0,0,0,0,0,0,0,0,0,0,0,0,0,0,0,0,0,0,0,353,0,2386,68049,0,0,0,67829,0,0,0,30,353,839,0,0,0,0,220,0,0,0,0,2737,_history_tree_15_updates,2054,0,0,0,0,0,0,5134,2737,0,0,0,7871,0,0,0,0,0,2395,0,0,0,0,0,0,0
118,10018649925317144938,0,0,0,0,0,0,0,0,0,0,0,0,0,0,0,0,0,0,0,0,0,0,977,0,7,9052,0,0,0,9036,0,0,0,31,2655,2,0,0,0,0,16,0,0,0,0,2662,_history_tree_15_removes,3127,0,0,0,0,0,0,2669,2662,0,0,0,5331,0,0,0,0,0,7,0,0,0,0,0,0,0
118,10018649925317144938,0,0,0,0,0,0,0,0,0,0,0,0,0,0,0,0,0,0,0,0,0,0,370,0,2396,68294,0,0,0,68096,0,0,0,32,370,856,0,0,0,0,198,0,0,0,0,2767,_history_tree_16_updates,2059,0,0,0,0,0,0,5196,2767,0,0,0,7963,0,0,0,0,0,2430,0,0,0,0,0,0,0
118,10018649925317144938,0,0,0,0,0,0,0,0,0,0,0,0,0,0,0,0,0,0,0,0,0,0,1045,0,4,9113,0,0,0,9099,0,0,0,33,2693,2,0,0,0,0,14,0,0,0,0,2698,_history_tree_16_removes,3151,0,0,0,0,0,0,2702,2698,0,0,0,5400,0,0,0,0,0,5,0,0,0,0,0,0,0
118,10018649925317144938,0,0,0,0,0,0,0,0,0,0,0,0,0,0,0,0,0,0,0,0,0,0,401,0,2326,142120,0,0,0,70881,0,0,0,34,10515,2818,0,0,0,0,179,0,0,0,0,6310,_history_tree_17_updates,3943,0,0,0,0,0,0,15262,12619,1,0,0,21572,0,0,0,0,0,2419,0,0,0,0,0,0,0
118,10018649925317144938,0,0,0,0,0,0,0,0,0,0,0,0,0,0,0,0,0,0,0,0,0,0,834,0,16,9140,0,0,0,9124,0,0,0,35,2418,13,0,0,0,0,16,0,0,0,0,2437,_history_tree_17_removes,2857,0,0,0,0,0,0,2453,2437,0,0,0,4890,0,0,0,0,0,19,0,0,0,0,0,0,0
118,10018649925317144938,0,0,0,0,0,0,0,0,0,0,0,0,0,0,0,0,0,0,0,0,0,0,339,0,2432,69863,0,0,0,69623,0,0,0,36,339,875,0,0,0,0,240,0,0,0,0,2796,_history_tree_18_updates,2032,0,0,0,0,0,0,5232,2796,0,0,0,8028,0,0,0,0,0,2461,0,0,0,0,0,0,0
118,10018649925317144938,0,0,0,0,0,0,0,0,0,0,0,0,0,0,0,0,0,0,0,0,0,0,1081,0,6,9710,0,0,0,9697,0,0,0,37,2628,2,0,0,0,0,13,0,0,0,0,2636,_history_tree_18_removes,3077,0,0,0,0,0,0,2642,2636,0,0,0,5278,0,0,0,0,0,8,0,0,0,0,0,0,0
118,10018649925317144938,0,0,0,0,0,0,0,0,0,0,0,0,0,0,0,0,0,0,0,0,0,0,325,0,2375,67772,0,0,0,67552,0,0,0,38,325,827,0,0,0,0,219,0,0,0,0,2682,_history_tree_19_updates,2049,0,0,0,0,0,0,5137,2682,0,0,0,7819,0,0,0,0,0,2437,0,0,0,0,0,0,0
118,10018649925317144938,0,0,0,0,0,0,0,0,0,0,0,0,0,0,0,0,0,0,0,0,0,0,962,0,7,9042,0,0,0,9024,0,0,0,39,2683,3,0,0,0,0,18,0,0,0,0,2692,_history_tree_19_removes,3114,0,0,0,0,0,0,2699,2692,0,0,0,5391,0,0,0,0,0,9,0,0,0,0,0,0,0
118,10018649925317144938,49626,0,0,0,0,0,46161,0,0,0,0,0,0,0,0,0,0,0,0,0,0,0,0,0,0,299672,0,0,0,97885,0,0,0,40,0,0,0,0,0,0,2158,0,0,95793,0,0,warehouse,0,0,0,0,0,0,0,0,0,0,0,0,0,199379,0,0,199380,0,0,0,0,0,95793,0,0,0
118,10018649925317144938,0,0,0,0,0,0,0,0,0,0,0,0,0,0,0,0,0,0,0,0,0,0,0,0,0,0,0,0,0,0,0,0,0,41,0,0,0,0,0,0,0,0,0,0,0,0,_warehouse_graveyard,0,0,0,0,0,0,0,0,0,0,0,0,0,0,0,0,0,0,0,0,0,0,0,0,0,0
118,10018649925317144938,99415,0,0,0,0,0,96840,0,0,0,0,0,0,0,0,0,0,0,0,0,0,0,0,0,1,304416,0,0,0,198464,0,0,0,42,0,0,0,0,0,0,1051,0,0,196268,0,0,district,0,0,0,0,0,0,0,1,0,0,0,0,1,104853,0,0,104853,1,0,0,0,0,196280,0,0,0
118,10018649925317144938,0,0,0,0,0,0,0,0,0,0,0,0,0,0,0,0,0,0,0,0,0,0,0,0,0,0,0,0,0,0,0,0,0,43,0,0,0,0,0,0,0,0,0,0,0,0,_district_graveyard,0,0,0,0,0,0,0,0,0,0,0,0,0,0,0,0,0,0,0,0,0,0,0,0,0,0
118,10018649925317144938,64104,0,0,0,0,0,61056,0,0,0,0,0,0,0,0,0,0,0,0,0,0,0,0,0,0,808137,0,0,0,125196,0,0,0,44,0,0,0,0,0,0,9,0,0,125169,0,0,customer,0,0,0,0,0,0,0,0,0,0,0,0,0,144182,0,0,144182,0,0,0,0,0,125174,0,0,0
118,10018649925317144938,0,0,0,0,0,0,0,0,0,0,0,0,0,0,0,0,0,0,0,0,0,0,0,0,0,0,0,0,0,0,0,0,0,45,0,0,0,0,0,0,0,0,0,0,0,0,_customer_graveyard,0,0,0,0,0,0,0,0,0,0,0,0,0,0,0,0,0,0,0,0,0,0,0,0,0,0
118,10018649925317144938,0,0,0,0,0,0,0,0,0,0,0,0,0,0,0,0,0,0,0,0,0,0,0,0,0,186801,0,0,0,0,0,0,0,46,0,0,0,0,0,0,62267,0,0,0,0,0,customerwdl,0,0,0,0,0,0,0,0,0,0,0,62267,0,62267,0,0,62267,0,0,0,0,0,0,0,0,0
118,10018649925317144938,0,0,0,0,0,0,0,0,0,0,0,0,0,0,0,0,0,0,0,0,0,0,0,0,0,0,0,0,0,0,0,0,0,47,0,0,0,0,0,0,0,0,0,0,0,0,_customerwdl_graveyard,0,0,0,0,0,0,0,0,0,0,0,0,0,0,0,0,0,0,0,0,0,0,0,0,0,0
118,10018649925317144938,0,0,0,0,0,0,0,0,0,0,0,0,0,0,0,0,0,0,0,0,0,0,0,0,2261,120984,0,0,0,40328,0,0,0,48,0,0,0,0,0,0,0,0,0,0,0,0,history,0,0,0,0,0,0,0,2286,0,0,0,0,2286,0,0,0,0,0,0,0,0,0,0,0,0,0
118,10018649925317144938,0,0,0,0,0,0,0,0,0,0,0,0,0,0,0,0,0,0,0,0,0,0,0,0,0,0,0,0,0,0,0,0,0,49,0,0,0,0,0,0,0,0,0,0,0,0,_history_graveyard,0,0,0,0,0,0,0,0,0,0,0,0,0,0,0,0,0,0,0,0,0,0,0,0,0,0
118,10018649925317144938,43625,87480,0,87480,0,0,43535,0,0,0,0,0,0,0,0,0,0,0,0,0,0,0,48504,0,2151,1199972,0,0,0,278830,0,11230,0,50,458,0,0,0,0,0,121131,0,0,0,0,0,neworder,93369,11229,0,0,0,0,0,4476,295,5,0,87490,4479,98719,0,0,98719,0,1866,0,0,0,0,0,0,0
118,10018649925317144938,0,0,0,0,0,0,0,0,0,0,0,0,0,0,0,0,0,0,0,0,0,0,0,0,0,0,0,0,0,0,0,0,0,51,0,0,0,0,0,0,0,0,0,0,0,0,_neworder_graveyard,0,0,0,0,0,0,0,0,0,0,0,0,0,0,0,0,0,0,0,0,0,0,0,0,0,0
118,10018649925317144938,44234,0,0,0,0,0,42945,0,0,0,0,0,0,0,0,0,0,0,0,0,0,0,0,0,4427,852372,0,0,0,193339,0,0,0,52,0,0,0,0,0,0,0,0,0,87183,0,0,order,0,0,0,0,0,0,0,4430,0,0,0,0,4430,90793,0,0,90793,0,0,0,0,0,87187,0,0,0
118,10018649925317144938,0,0,0,0,0,0,0,0,0,0,0,0,0,0,0,0,0,0,0,0,0,0,0,0,0,0,0,0,0,0,0,0,0,53,0,0,0,0,0,0,0,0,0,0,0,0,_order_graveyard,0,0,0,0,0,0,0,0,0,0,0,0,0,0,0,0,0,0,0,0,0,0,0,0,0,0
118,10018649925317144938,0,0,0,0,0,0,0,0,0,0,0,0,0,0,0,0,3606,0,0,0,0,0,0,0,1417,320244,0,0,0,103142,1,1,0,54,0,0,0,0,0,0,3606,0,0,0,0,0,order_wdc,0,1,0,0,0,0,0,1436,0,0,0,0,1436,3607,0,0,3607,0,0,0,0,0,0,0,0,0
118,10018649925317144938,0,0,0,0,0,0,0,0,0,0,0,0,0,0,0,0,0,0,0,0,0,0,0,0,0,0,0,0,0,0,0,0,0,55,0,0,0,0,0,0,0,0,0,0,0,0,_order_wdc_graveyard,0,0,0,0,0,0,0,0,0,0,0,0,0,0,0,0,0,0,0,0,0,0,0,0,0,0
118,10018649925317144938,440639,0,0,0,0,0,430672,0,0,0,0,0,0,0,0,0,0,0,0,0,0,0,101742,0,60456,7834370,0,0,0,1945859,0,1022,0,56,0,0,0,0,0,0,12746,0,0,871343,0,0,orderline,1849534,1022,0,0,0,0,0,61267,0,0,0,12665,61267,1862294,0,0,1862318,0,0,0,0,0,871362,0,0,0
118,10018649925317144938,0,0,0,0,0,0,0,0,0,0,0,0,0,0,0,0,0,0,0,0,0,0,0,0,0,0,0,0,0,0,0,0,0,57,0,0,0,0,0,0,0,0,0,0,0,0,_orderline_graveyard,0,0,0,0,0,0,0,0,0,0,0,0,0,0,0,0,0,0,0,0,0,0,0,0,0,0
118,10018649925317144938,0,0,0,0,0,0,0,0,0,0,0,0,0,0,0,0,0,0,0,0,0,0,0,0,0,2027923,0,0,0,0,0,0,0,58,0,0,0,0,0,0,0,0,0,0,0,0,item,0,0,0,0,0,0,0,0,0,0,0,0,0,1014035,0,0,1014039,0,0,0,0,0,0,0,0,0
